learning evaluation instances,evaluation time (cpu seconds),model cost (RAM-Hours),classified instances,classifications correct (percent),Kappa Statistic (percent),Kappa Temporal Statistic (percent),Kappa M Statistic (percent),F1 Score (percent),F1 Score for class 0 (percent),F1 Score for class 1 (percent),Precision (percent),Precision for class 0 (percent),Precision for class 1 (percent),Recall (percent),Recall for class 0 (percent),Recall for class 1 (percent),model training instances,model serialized size (bytes),tree size (nodes),tree size (leaves),active learning leaves,tree depth,active leaf byte size estimate,inactive leaf byte size estimate,byte size estimate overhead
100.0,0.338125707,2.967096446454525E-10,100.0,98.0,0.0,-100.0,-Infinity,?,?,98.98989898989899,50.0,0.0,100.0,?,?,98.0,100.0,3392.0,1.0,1.0,1.0,0.0,0.0,0.0,1.0
200.0,0.397032454,3.4840107066763776E-10,200.0,99.0,0.0,-100.0,-Infinity,?,?,99.49748743718592,50.0,0.0,100.0,?,?,99.0,200.0,3392.0,1.0,1.0,1.0,0.0,0.0,0.0,1.0
300.0,0.42255116,3.707940624819862E-10,300.0,99.33333333333333,0.0,-100.00000000000333,-Infinity,?,?,99.66555183946488,50.0,0.0,100.0,?,?,99.33333333333333,300.0,3392.0,1.0,1.0,1.0,0.0,0.0,0.0,1.0
400.0,0.443804796,3.894444006681443E-10,400.0,99.5,0.0,-100.00000000000443,-Infinity,?,?,99.74937343358395,50.0,0.0,100.0,?,?,99.5,400.0,3392.0,1.0,1.0,1.0,0.0,0.0,0.0,1.0
500.0,0.460988967,4.0452373112241433E-10,500.0,99.6,0.0,-100.0,-Infinity,?,?,99.79959919839679,50.0,0.0,100.0,?,?,99.6,500.0,3392.0,1.0,1.0,1.0,0.0,0.0,0.0,1.0
600.0,0.477746785,4.1922893135084053E-10,600.0,99.66666666666667,0.0,-99.99999999999334,-Infinity,?,?,99.83305509181972,50.0,0.0,100.0,?,?,99.66666666666667,600.0,3392.0,1.0,1.0,1.0,0.0,0.0,0.0,1.0
700.0,0.49301302,4.326252483659321E-10,700.0,99.71428571428571,0.0,-100.0,-Infinity,?,?,99.85693848354792,50.0,0.0,100.0,?,?,99.71428571428571,700.0,3392.0,1.0,1.0,1.0,0.0,0.0,0.0,1.0
800.0,0.515462191,4.523246838483546E-10,800.0,99.75,0.0,-100.0,-Infinity,?,?,99.87484355444306,50.0,0.0,100.0,?,?,99.75,800.0,3392.0,1.0,1.0,1.0,0.0,0.0,0.0,1.0
900.0,0.532961413,4.676804755959246E-10,900.0,99.77777777777777,0.0,-100.00000000000999,-Infinity,?,?,99.88876529477196,50.0,0.0,100.0,?,?,99.77777777777777,900.0,3392.0,1.0,1.0,1.0,0.0,0.0,0.0,1.0
1000.0,0.549540015,4.822284114857515E-10,1000.0,99.8,0.0,-100.0,-Infinity,?,?,99.8998998998999,50.0,0.0,100.0,?,?,99.8,1000.0,3392.0,1.0,1.0,1.0,0.0,0.0,0.0,1.0
1100.0,0.565058804,4.958463478750653E-10,1100.0,99.81818181818181,0.0,-100.00000000001221,-Infinity,?,?,99.90900818926298,50.0,0.0,100.0,?,?,99.81818181818181,1100.0,3392.0,1.0,1.0,1.0,0.0,0.0,0.0,1.0
1200.0,0.5821553,5.10848742392328E-10,1200.0,99.83333333333333,0.0,-100.0,-Infinity,?,?,99.9165971643036,50.0,0.0,100.0,?,?,99.83333333333333,1200.0,3392.0,1.0,1.0,1.0,0.0,0.0,0.0,1.0
1300.0,0.597524374,5.243353019489182E-10,1300.0,99.84615384615385,0.0,-100.0,-Infinity,?,?,99.92301770592763,50.0,0.0,100.0,?,?,99.84615384615385,1300.0,3392.0,1.0,1.0,1.0,0.0,0.0,0.0,1.0
1400.0,0.613053861,5.37962625970443E-10,1400.0,99.85714285714286,0.0,-100.00000000001555,-Infinity,?,?,99.92852037169406,50.0,0.0,100.0,?,?,99.85714285714286,1400.0,3392.0,1.0,1.0,1.0,0.0,0.0,0.0,1.0
1500.0,0.627681404,5.507984825637604E-10,1500.0,99.86666666666667,0.0,-99.99999999998334,-Infinity,?,?,99.93328885923948,50.0,0.0,100.0,?,?,99.86666666666667,1500.0,3392.0,1.0,1.0,1.0,0.0,0.0,0.0,1.0
1600.0,0.641380865,5.628199352986282E-10,1600.0,99.875,0.0,-100.0,-Infinity,?,?,99.93746091307068,50.0,0.0,100.0,?,?,99.875,1600.0,3392.0,1.0,1.0,1.0,0.0,0.0,0.0,1.0
1700.0,0.657883341,5.773010696470736E-10,1700.0,99.88235294117646,0.0,-100.0,-Infinity,?,?,99.94114184814596,50.0,0.0,100.0,?,?,99.88235294117646,1700.0,3392.0,1.0,1.0,1.0,0.0,0.0,0.0,1.0
1800.0,0.671945336,5.896406506167517E-10,1800.0,99.8888888888889,0.0,-100.0,-Infinity,?,?,99.9444135630906,50.0,0.0,100.0,?,?,99.8888888888889,1800.0,3392.0,1.0,1.0,1.0,0.0,0.0,0.0,1.0
1900.0,0.710140546,6.2552890803251E-10,1900.0,98.89473684210527,86.05480218090318,-949.9999999999472,75.86206896551734,93.32101414322184,86.62420382165605,99.42355201756794,98.05230288836846,97.14285714285714,98.9617486338798,89.0253025721006,78.16091954022988,99.88968560397133,1900.0,3632.0,1.0,1.0,1.0,0.0,0.0,0.0,1.0
2000.0,0.733968591,6.479177628830075E-10,2000.0,98.6,91.23682785687237,-1300.0,85.02673796791443,95.75156516077624,92.0,99.23287671232877,98.6788275095097,98.77300613496932,98.58464888405008,92.99297114423165,86.09625668449198,99.88968560397133,2000.0,3632.0,1.0,1.0,1.0,0.0,0.0,0.0,1.0
2100.0,0.760948924,6.732685106827152E-10,2100.0,97.95238095238096,90.79649553380328,-2050.0000000000528,85.01742160278751,95.56136245583667,91.96261682242991,98.82673942701228,98.48986274646415,99.19354838709677,97.78617710583153,92.80198565912852,85.71428571428571,99.88968560397133,2100.0,3632.0,1.0,1.0,1.0,0.0,0.0,0.0,1.0
2200.0,0.79051346,7.01047378198968E-10,2200.0,97.63636363636363,91.42951752079314,-2500.000000000147,86.56330749354004,95.86128892916233,92.8374655647383,98.58464888405007,98.36165096635013,99.41002949852508,97.31327243417518,93.48489448157223,87.08010335917312,99.88968560397133,2200.0,3632.0,1.0,1.0,1.0,0.0,0.0,0.0,1.0
2300.0,0.818719336,7.27549647423956E-10,2300.0,97.26086956521739,91.41398459850156,-3049.9999999998595,87.06365503080082,95.85780999084197,93.11475409836065,98.29036635006784,98.13708163591342,99.53271028037383,96.74145299145299,93.68200912642098,87.47433264887063,99.88968560397133,2300.0,3632.0,1.0,1.0,1.0,0.0,0.0,0.0,1.0
2400.0,0.841873877,7.493056772442327E-10,2400.0,97.08333333333333,91.79505613060708,-3399.9999999999204,88.07495741056218,96.0371458285606,93.68231046931407,98.10400866738895,97.99858829634336,99.61612284069098,96.38105375199574,94.15267925854444,88.41567291311755,99.88968560397133,2400.0,3632.0,1.0,1.0,1.0,0.0,0.0,0.0,1.0
2500.0,0.859759347,7.66110882697006E-10,2500.0,96.52,90.92844356282353,-4249.999999999882,87.3362445414847,95.63728382416524,93.26103795507359,97.65435427338906,97.59287590465811,99.66887417218543,95.5168776371308,93.75852548029717,87.627365356623,99.88968560397133,2500.0,3632.0,1.0,1.0,1.0,0.0,0.0,0.0,1.0
2600.0,0.876808082,7.821298911091354E-10,2600.0,96.23076923076923,90.75880108137986,-4800.000000000158,87.54764930114358,95.56028707199899,93.37837837837837,97.36559139784947,97.33865738060808,99.71139971139971,94.96591504981646,93.845732255607,87.80177890724269,99.88968560397133,2600.0,3632.0,1.0,1.0,1.0,0.0,0.0,0.0,1.0
2700.0,0.892784899,7.971417242992254E-10,2700.0,96.22222222222221,91.18864929096462,-5000.000000000225,88.50056369785794,95.75964688588404,93.91408114558473,97.2610096670247,97.25682609984621,99.74651457541192,94.76713762428048,94.30786422250425,88.7260428410372,99.88968560397133,2700.0,3632.0,1.0,1.0,1.0,0.0,0.0,0.0,1.0
2800.0,0.909397947,8.127513607715566E-10,2800.0,96.07142857142857,91.17808636653449,-5400.000000000357,88.85511651469099,95.75549289406301,94.11134903640257,97.05251875669883,97.07252701493341,99.77298524404085,94.37206878582595,94.47371818192487,89.05775075987842,99.88968560397133,2800.0,3632.0,1.0,1.0,1.0,0.0,0.0,0.0,1.0
2900.0,0.925208302,8.276067861004007E-10,2900.0,95.93103448275862,91.13172370576812,-5799.999999999791,89.1444342226311,95.73465773922078,94.27184466019418,96.84491978609626,96.88736519124829,99.79445015416239,93.9802802283342,94.6090562334484,89.32842686292548,99.88968560397133,2900.0,3632.0,1.0,1.0,1.0,0.0,0.0,0.0,1.0
3000.0,0.940908067,8.423583009549312E-10,3000.0,95.86666666666666,91.20347358748359,-6099.999999999651,89.55349620893007,95.76832818625282,94.49866903283052,96.68980245595303,96.75056278487727,99.81255857544518,93.68856699430937,94.80583690476578,89.72198820556024,99.88968560397133,3000.0,3632.0,1.0,1.0,1.0,0.0,0.0,0.0,1.0
3100.0,0.953330445,8.540303797150651E-10,3100.0,95.64516129032258,90.89773359003827,-6650.000000000336,89.51048951048949,95.6275622927847,94.47400736799018,96.40670747937185,96.49271291668447,99.82698961937716,93.15843621399176,94.7777876349305,89.66588966588967,99.88968560397133,3100.0,3632.0,1.0,1.0,1.0,0.0,0.0,0.0,1.0
3200.0,0.965619661,8.655773393271697E-10,3200.0,95.6875,91.11858022781969,-6800.000000000142,90.0504686373468,95.7298944697519,94.77272727272728,96.32978723404256,96.42763889520825,99.84038308060654,93.01489470980997,95.04217517401162,90.1946647440519,99.88968560397133,3200.0,3632.0,1.0,1.0,1.0,0.0,0.0,0.0,1.0
3300.0,0.977590993,8.768256148157848E-10,3300.0,95.66666666666667,91.17374425517175,-7049.9999999999545,90.38332212508406,95.75572564089637,94.95590828924162,96.20185922974768,96.31413569587002,99.85163204747775,92.77663934426229,95.20375336015647,90.51782111634162,99.88968560397133,3300.0,3632.0,1.0,1.0,1.0,0.0,0.0,0.0,1.0
3400.0,0.990919558,8.78701386273735E-10,3400.0,95.70588235294117,91.3252725706307,-7199.999999999754,90.8002520478891,95.82611551548324,95.18469656992085,96.12526539278132,96.24793139762299,99.86159169550173,92.63427109974425,95.40798079820493,90.92627599243856,99.88968560397133,3400.0,544.0,3.0,2.0,2.0,1.0,0.0,0.0,1.0
3500.0,1.032722051,9.498164521488879E-10,3500.0,95.8,91.56425170895635,-7250.000000000205,91.2863070539419,95.93710027893285,95.45032497678737,96.09976120987001,96.2286891933416,99.87046632124353,92.58691206543968,95.64727315171892,91.40486069946651,99.88968560397133,3500.0,6576.0,3.0,2.0,2.0,1.0,0.0,0.0,1.0
3600.0,1.046539465,9.73322856583529E-10,3600.0,95.91666666666666,91.82821840337098,-7250.000000000329,91.77392277560156,96.05988681634213,95.71553482949577,96.09976120987001,96.23262878211156,99.87834549878345,92.58691206543968,95.88776389879597,91.88584219362059,99.88968560397133,3600.0,6576.0,3.0,2.0,2.0,1.0,0.0,0.0,1.0
3700.0,1.060451129,9.969896006170246E-10,3700.0,96.02702702702702,92.06314925598772,-7250.000000000083,91.88741721854305,96.16939477975716,95.9515285045442,96.09976120987001,96.23611658317856,99.88532110091744,92.58691206543968,96.10276543049652,92.31584525702172,99.88968560397133,3700.0,6576.0,3.0,2.0,2.0,1.0,0.0,0.0,1.0
3800.0,1.072912563,1.0181891903115643E-9,3800.0,96.13157894736842,92.27358534410071,-7249.9999999996635,91.88741721854305,96.2676677129052,96.16288175411121,96.09976120987001,96.23922609779576,99.89154013015184,92.58691206543968,96.29612614370686,92.70256668344238,99.88968560397133,3800.0,6576.0,3.0,2.0,2.0,1.0,0.0,0.0,1.0
3900.0,1.085831899,1.0401677701705032E-9,3900.0,96.23076923076923,92.46316772547789,-7249.999999999707,91.88741721854305,96.3563502824662,96.35326221781196,96.09976120987001,96.24201570350172,99.8971193415638,92.58691206543968,96.47095684127652,93.0522280785817,99.88968560397133,3900.0,6576.0,3.0,2.0,2.0,1.0,0.0,0.0,1.0
4000.0,1.098241174,1.0612786261447601E-9,4000.0,96.325,92.63484988621596,-7250.0000000008,91.88741721854305,96.43678107261468,96.52564405577877,96.09976120987001,96.24453235365917,99.90215264187867,92.58691206543968,96.62979936348543,93.36991312299955,99.88968560397133,4000.0,6576.0,3.0,2.0,2.0,1.0,0.0,0.0,1.0
4100.0,1.109562871,1.080539277129703E-9,4100.0,96.41463414634146,92.79105272399408,-7250.0,91.88741721854304,96.5100606255476,96.6824644549763,96.09976120987001,96.24681424167505,99.90671641791045,92.58691206543968,96.7747509786363,93.65981635330127,99.88968560397133,4100.0,6576.0,3.0,2.0,2.0,1.0,0.0,0.0,1.0
4200.0,1.120913538,1.099849212339355E-9,4200.0,96.5,92.93377941855098,-7249.999999999348,91.88741721854305,96.5771021041984,96.82573958108401,96.09976120987001,96.24889275286243,99.91087344028521,92.58691206543968,96.90755750663584,93.92542940930038,99.88968560397133,4200.0,6576.0,3.0,2.0,2.0,1.0,0.0,0.0,1.0
4300.0,1.139527843,1.1315161640279824E-9,4300.0,96.5813953488372,93.06470180082955,-7250.000000000203,91.88741721854305,96.63866954389985,96.95715172842063,96.09976120987001,96.25079391667887,99.9146757679181,92.58691206543968,97.02968397609101,94.1696823482107,99.88968560397133,4300.0,6576.0,3.0,2.0,2.0,1.0,0.0,0.0,1.0
4400.0,1.158066986,1.163055248926911E-9,4400.0,96.6590909090909,93.18522614344488,-7249.999999999511,91.88741721854305,96.69540710102551,97.07811568276684,96.09976120987001,96.2525395024416,99.91816693944354,92.58691206543968,97.14236889398411,94.39505218399691,99.88968560397133,4400.0,6576.0,3.0,2.0,2.0,1.0,0.0,0.0,1.0
4500.0,1.169965077,1.1832964705510272E-9,4500.0,96.73333333333333,93.29654387434836,-7249.999999999575,91.88741721854305,96.74786167747185,97.18982986044733,96.09976120987001,96.25414785661921,99.92138364779875,92.58691206543968,97.24666639707311,94.60364719017491,99.88968560397133,4500.0,6576.0,3.0,2.0,2.0,1.0,0.0,0.0,1.0
4600.0,1.18145892,1.2028499790488018E-9,4600.0,96.80434782608695,93.39967109629882,-7249.999999999667,91.88741721854305,96.79650060760203,97.29331614803904,96.09976120987001,96.25563455011772,99.92435703479576,92.58691206543968,97.34347932871692,94.7972730534625,99.88968560397133,4600.0,6576.0,3.0,2.0,2.0,1.0,0.0,0.0,1.0
4601.0,1.182115209,1.2039664683325424E-9,4601.0,96.80504238209085,93.4006640638683,-7250.000000000753,91.88741721854304,96.79696913606668,97.29431253451133,96.09976120987001,96.255648849355,99.92438563327032,92.58691206543968,97.3444123859168,94.79913916786226,99.88968560397133,4601.0,6576.0,3.0,2.0,2.0,1.0,0.0,0.0,1.0
