learning evaluation instances,evaluation time (cpu seconds),model cost (RAM-Hours),classified instances,classifications correct (percent),Kappa Statistic (percent),Kappa Temporal Statistic (percent),Kappa M Statistic (percent),F1 Score (percent),F1 Score for class 0 (percent),F1 Score for class 1 (percent),Precision (percent),Precision for class 0 (percent),Precision for class 1 (percent),Recall (percent),Recall for class 0 (percent),Recall for class 1 (percent),model training instances,model serialized size (bytes),tree size (nodes),tree size (leaves),active learning leaves,tree depth,active leaf byte size estimate,inactive leaf byte size estimate,byte size estimate overhead
100.0,0.612666054,3.7950556717440486E-9,100.0,100.0,?,?,?,?,100.0,?,?,100.0,?,?,100.0,?,100.0,23944.0,1.0,1.0,1.0,0.0,0.0,0.0,1.0
200.0,0.852496628,6.316537690539326E-9,200.0,97.0,0.0,-50.0,0.0,?,98.47715736040608,?,?,97.0,?,50.0,100.0,0.0,200.0,40640.0,1.0,1.0,1.0,0.0,0.0,0.0,1.0
300.0,1.014661857,8.023826892725708E-9,300.0,98.0,0.0,-50.00000000000042,0.0,?,98.98989898989899,?,?,98.0,?,50.0,100.0,0.0,300.0,40696.0,1.0,1.0,1.0,0.0,0.0,0.0,1.0
400.0,1.159503675,9.548733763460897E-9,400.0,98.5,0.0,-50.0,0.0,?,99.24433249370279,?,?,98.5,?,50.0,100.0,0.0,400.0,40696.0,1.0,1.0,1.0,0.0,0.0,0.0,1.0
500.0,1.306955447,1.1257363969789197E-8,500.0,98.4,0.0,-33.33333333333333,0.0,?,99.19354838709677,?,?,98.4,?,50.0,100.0,0.0,500.0,44792.0,1.0,1.0,1.0,0.0,0.0,0.0,1.0
600.0,1.429255017,1.267479055262895E-8,600.0,98.33333333333333,0.0,-25.00000000000063,0.0,?,99.15966386554621,?,?,98.33333333333333,?,50.0,100.0,0.0,600.0,44800.0,1.0,1.0,1.0,0.0,0.0,0.0,1.0
700.0,1.539193329,1.4017666471672968E-8,700.0,96.85714285714285,0.0,-83.33333333333377,0.0,?,98.4034833091437,?,?,96.85714285714285,?,50.0,100.0,0.0,700.0,47216.0,1.0,1.0,1.0,0.0,0.0,0.0,1.0
800.0,1.645010611,1.5334732785885118E-8,800.0,84.75,0.0,-838.461538461539,0.0,?,91.74560216508796,?,?,84.75,?,50.0,100.0,0.0,800.0,48112.0,1.0,1.0,1.0,0.0,0.0,0.0,1.0
900.0,1.756323956,1.673310743144196E-8,900.0,77.66666666666666,0.0,-617.8571428571435,0.0,?,87.4296435272045,?,?,77.66666666666666,?,50.0,100.0,0.0,900.0,48560.0,1.0,1.0,1.0,0.0,0.0,0.0,1.0
1000.0,1.874484201,1.826444896718487E-8,1000.0,74.3,0.0,-301.56250000000034,0.0,?,85.25530694205393,?,?,74.3,?,50.0,100.0,0.0,1000.0,50096.0,1.0,1.0,1.0,0.0,0.0,0.0,1.0
1100.0,2.048578844,2.071273686148226E-8,1100.0,70.45454545454545,0.0,-238.5416666666666,0.0,?,82.66666666666667,?,?,70.45454545454545,?,50.0,100.0,0.0,1100.0,54360.0,1.0,1.0,1.0,0.0,0.0,0.0,1.0
1200.0,2.2099388,2.3003644070103763E-8,1200.0,70.08333333333333,0.0,-206.83760683760676,0.0,?,82.41058304752573,?,?,70.08333333333333,?,50.0,100.0,0.0,1200.0,54880.0,1.0,1.0,1.0,0.0,0.0,0.0,1.0
1300.0,2.36163019,2.518867599574228E-8,1300.0,67.76923076923077,0.0,-235.20000000000005,0.0,?,80.7886290692343,?,?,67.76923076923077,?,50.0,100.0,0.0,1300.0,55680.0,1.0,1.0,1.0,0.0,0.0,0.0,1.0
1400.0,2.490931132,2.709534002730002E-8,1400.0,65.85714285714286,0.0,-229.6551724137932,0.0,?,79.41429801894918,?,?,65.85714285714286,?,50.0,100.0,0.0,1400.0,57000.0,1.0,1.0,1.0,0.0,0.0,0.0,1.0
1500.0,2.5743097,2.8408354860581457E-8,1500.0,64.33333333333333,0.0,-198.88268156424593,0.0,?,78.29614604462475,?,?,64.33333333333333,?,50.0,100.0,0.0,1500.0,60872.0,1.0,1.0,1.0,0.0,0.0,0.0,1.0
1600.0,2.642228288,2.9524438565178877E-8,1600.0,62.875,0.0,-166.36771300448424,0.0,?,77.20644666155026,?,?,62.875,?,50.0,100.0,0.0,1600.0,63520.0,1.0,1.0,1.0,0.0,0.0,0.0,1.0
1700.0,2.734412369,3.1140766555919415E-8,1700.0,61.588235294117645,0.0,-172.08333333333326,0.0,?,76.22861303239898,?,?,61.588235294117645,?,50.0,100.0,0.0,1700.0,67776.0,1.0,1.0,1.0,0.0,0.0,0.0,1.0
1800.0,2.821812064,3.267881392959712E-8,1800.0,61.111111111111114,0.0,-146.47887323943655,0.0,?,75.86206896551725,?,?,61.111111111111114,?,50.0,100.0,0.0,1800.0,68024.0,1.0,1.0,1.0,0.0,0.0,0.0,1.0
1900.0,2.899993306,3.407502362904656E-8,1900.0,59.578947368421055,0.0,-154.30463576158942,0.0,?,74.67018469656993,?,?,59.578947368421055,?,50.0,100.0,0.0,1900.0,69032.0,1.0,1.0,1.0,0.0,0.0,0.0,1.0
2000.0,2.986057859,3.562341810548057E-8,2000.0,59.599999999999994,0.0,-141.9161676646706,0.0,?,74.68671679197995,?,?,59.599999999999994,?,50.0,100.0,0.0,2000.0,69544.0,1.0,1.0,1.0,0.0,0.0,0.0,1.0
2100.0,3.057091894,3.690183832935575E-8,2100.0,57.99999999999999,0.0,-137.73584905660383,0.0,?,73.41772151898734,?,?,57.99999999999999,?,50.0,100.0,0.0,2100.0,69568.0,1.0,1.0,1.0,0.0,0.0,0.0,1.0
2200.0,3.121332038,3.8062241374109354E-8,2200.0,56.59090909090909,0.0,-139.9497487437186,0.0,?,72.27866473149493,?,?,56.59090909090909,?,50.0,100.0,0.0,2200.0,69824.0,1.0,1.0,1.0,0.0,0.0,0.0,1.0
2300.0,3.219979571,3.991133206779551E-8,2300.0,55.869565217391305,0.0,-149.38574938574936,0.0,?,71.68758716875871,?,?,55.869565217391305,?,50.0,100.0,0.0,2300.0,72456.0,1.0,1.0,1.0,0.0,0.0,0.0,1.0
2400.0,3.298109821,4.139297828592567E-8,2400.0,55.50000000000001,0.0,-147.79582366589327,0.0,?,71.38263665594855,?,?,55.50000000000001,?,50.0,100.0,0.0,2400.0,73304.0,1.0,1.0,1.0,0.0,0.0,0.0,1.0
2500.0,3.387037527,4.3079569315473653E-8,2500.0,55.279999999999994,0.0,-143.5729847494554,0.0,?,71.20041215868109,?,?,55.279999999999994,?,50.0,100.0,0.0,2500.0,73312.0,1.0,1.0,1.0,0.0,0.0,0.0,1.0
2600.0,3.474384134,4.474087353091894E-8,2600.0,53.15384615384615,0.0,-165.35947712418303,0.0,?,69.4123556002009,?,?,53.15384615384615,?,50.0,100.0,0.0,2600.0,73520.0,1.0,1.0,1.0,0.0,0.0,0.0,1.0
2700.0,3.533214289,4.5859804052133116E-8,2700.0,51.18518518518519,0.0,-187.14596949891057,0.0,?,67.71190592846644,?,?,51.18518518518519,?,50.0,100.0,0.0,2700.0,73520.0,1.0,1.0,1.0,0.0,0.0,0.0,1.0
2800.0,3.615201598,4.741917615292594E-8,2800.0,50.535714285714285,2.297987610639083,-201.74291938997823,-0.21707670043416166,60.82115544454096,66.61846228006749,4.548587181254306,74.97289483194795,49.945789663895916,100.0,51.163610719322996,100.0,2.32722143864598,2800.0,73520.0,1.0,1.0,1.0,0.0,0.0,0.0,1.0
2900.0,3.673590171,4.852970792731684E-8,2900.0,52.241379310344826,8.385096001197056,-201.74291938997828,-0.21707670043416083,63.03777325153208,66.61846228006749,16.1114476075106,74.97289483194795,49.945789663895916,100.0,54.38076416337287,100.0,8.761528326745719,2900.0,73520.0,1.0,1.0,1.0,0.0,0.0,0.0,1.0
3000.0,3.730285449,4.961108453711909E-8,3000.0,53.833333333333336,13.419678883903604,-201.74291938997814,-0.21707670043415359,64.8916724314456,66.61846228006749,25.175580767152887,74.97289483194795,49.945789663895916,100.0,57.200247218788626,100.0,14.400494437577255,3000.0,73728.0,1.0,1.0,1.0,0.0,0.0,0.0,1.0
3100.0,3.785795106,5.067283418168417E-8,3100.0,55.32258064516129,17.653002198732924,-201.7429193899782,-0.2170767004341552,66.46515035148911,66.61846228006749,32.47196489517308,74.97289483194795,49.945789663895916,100.0,59.69150174621654,100.0,19.383003492433062,3100.0,73936.0,1.0,1.0,1.0,0.0,0.0,0.0,1.0
3200.0,3.844468761,5.180530278467677E-8,3200.0,56.53125,20.723914335093905,-200.43196544276464,-0.21613832853026757,67.32831510866097,66.5222623345367,38.04008908685969,74.28005418529668,49.945789663895916,98.61431870669746,61.56642237787151,99.56772334293949,23.56512141280353,3200.0,74608.0,1.0,1.0,1.0,0.0,0.0,0.0,1.0
3300.0,3.900113127,5.2879532971417324E-8,3300.0,56.84848484848485,21.10917226746999,-201.05708245243133,-0.21111893033074142,66.2016672306703,65.99808978032475,40.96185737976783,71.31435824658212,49.945789663895916,92.6829268292683,61.77301700074792,97.25545390570021,26.290580095795633,3300.0,74624.0,1.0,1.0,1.0,0.0,0.0,0.0,1.0
3400.0,3.965939633,5.288825200587718E-8,3400.0,57.94117647058824,23.584481897443535,-199.79035639413001,-0.2102312543798118,67.12831098350294,65.90367191225562,45.126630851880286,71.41839246227971,49.945789663895916,92.89099526066352,63.32443132960701,96.84653118430273,29.802331474911302,3400.0,512.0,3.0,2.0,2.0,1.0,0.0,0.0,1.0
3500.0,4.091746602,5.3830273642877325E-8,3500.0,57.82857142857143,22.791902206663032,-203.70370370370358,-0.27173913043477527,65.65498425124659,65.18867924528303,46.52173913043479,68.81633184876338,49.92774566473989,87.70491803278688,62.77133714947261,93.88586956521739,31.65680473372781,3500.0,28944.0,3.0,2.0,2.0,1.0,0.0,0.0,1.0
3600.0,4.192450755,5.4621011122144345E-8,3600.0,57.77777777777777,22.552045959246396,-208.3164300202841,-0.3300330033003553,65.29917431992196,64.99309074159373,46.81595521343597,68.22874599992403,49.9115670321896,86.54592496765846,62.610822233302464,93.13531353135313,32.0863309352518,3600.0,30352.0,3.0,2.0,2.0,1.0,0.0,0.0,1.0
3700.0,4.304707676,5.618782822701045E-8,3700.0,57.729729729729726,21.914616680218842,-214.68812877263593,-0.19218449711723057,64.24622906000913,64.37357630979498,48.03986710963456,66.47750723501345,49.94697773064687,83.00803673938002,62.15986982847153,90.51889814221653,33.80084151472651,3700.0,53952.0,3.0,2.0,2.0,1.0,0.0,0.0,1.0
3800.0,4.412522538,5.7728347125212765E-8,3800.0,58.21052631578948,22.688132505345756,-206.5637065637066,-0.18927444794950876,64.31568979958513,64.0235613955596,50.15693659761457,66.1166402556427,49.94697773064687,82.28630278063852,62.61024987360341,89.14826498422713,36.07223476297968,3800.0,55232.0,3.0,2.0,2.0,1.0,0.0,0.0,1.0
3900.0,4.522175207,5.999772503646919E-8,3900.0,59.02564102564103,23.861086615985595,-198.6915887850468,2.382406841783753,64.84051288549368,64.59902525476296,51.36944613511869,66.59011657834357,50.67778936392075,82.50244379276637,63.18049437297191,89.06536346976176,37.29562527618206,3900.0,80000.0,5.0,3.0,3.0,2.0,0.0,0.0,1.0
4000.0,4.57864667,6.117639592700535E-8,4000.0,60.0,25.91009606913699,-199.0654205607476,2.2602321319486816,65.86986122591657,64.5704162976085,54.07577497129735,67.33734920720008,50.642584230635634,84.03211418376449,64.46497119742848,89.06536346976176,39.864578925095216,4000.0,80680.0,5.0,3.0,3.0,2.0,0.0,0.0,1.0
4100.0,4.63636328,6.19754011661518E-8,4100.0,60.92682926829268,27.672825080820513,-198.32402234636874,2.732240437158472,66.73237166420898,64.68253968253967,56.277292576419214,67.95753361579087,50.77881619937694,85.1362510322048,65.55060269682045,89.07103825136612,42.03016714227476,4100.0,53512.0,7.0,4.0,4.0,3.0,0.0,0.0,1.0
4200.0,4.720966409,6.46165359535772E-8,4200.0,61.42857142857143,28.515234954158984,-196.16087751371109,2.8776978417266252,67.04804401448435,64.5979020979021,57.63598326359832,68.05971356905897,50.825309491059144,85.29411764705883,66.06600975144056,88.60911270983213,43.52290679304897,4200.0,120672.0,7.0,4.0,4.0,3.0,0.0,0.0,1.0
4300.0,4.830026396,6.808255672720157E-8,4300.0,62.27906976744186,30.062931930032853,-195.98540145985396,2.8742514970059965,67.78288065036794,64.56968108344256,59.67180507210343,68.51610302139164,50.825309491059144,86.20689655172413,67.06518521891579,88.50299401197604,45.627376425855516,4300.0,122848.0,7.0,4.0,4.0,3.0,0.0,0.0,1.0
4400.0,4.941381407,7.19711246380479E-8,4400.0,62.31818181818182,29.70948024018561,-197.13261648745518,2.9274004683840724,67.26813258914981,64.09701169337374,60.35389765662362,67.77854655319541,50.85910652920962,84.69798657718121,66.76534862599219,86.65105386416862,46.87964338781575,4400.0,134984.0,7.0,4.0,4.0,3.0,0.0,0.0,1.0
4500.0,5.04124212,7.552175480298078E-8,4500.0,62.44444444444445,29.807857200477077,-201.24777183600702,2.9293509477311823,67.22234708026348,63.950511945392506,60.80705009276438,67.6412718271782,50.86528673227011,84.41725692208628,66.80857947224675,86.09994256174612,47.51721638274737,4500.0,137440.0,7.0,4.0,4.0,3.0,0.0,0.0,1.0
4600.0,5.112863902,7.810316022227829E-8,4600.0,63.13043478260869,30.932288393816265,-201.77935943060507,2.919290211791629,67.7276183877483,63.868768640818075,62.36129604971149,67.93113096444117,50.86528673227011,84.99697519661223,67.52532156171382,85.80423583285632,49.24640729057133,4600.0,139320.0,7.0,4.0,4.0,3.0,0.0,0.0,1.0
4700.0,5.192155795,8.104093133004383E-8,4700.0,63.06382978723404,30.364891315053104,-207.25663716814168,2.962548910005567,67.15245335772096,63.360067539046014,62.76276276276277,67.2254327760003,50.898609698202776,83.55225585379783,67.07963221941637,83.90162101732813,50.25764342150464,4700.0,143216.0,7.0,4.0,4.0,3.0,0.0,0.0,1.0
4800.0,5.259944538,8.374948533375851E-8,4800.0,63.33333333333333,30.579694067472786,-205.02599653379545,3.030303030303034,67.11804523590217,63.102725366876314,63.56107660455487,67.0642290179247,50.930626057529615,83.19783197831978,67.17194789373868,82.92011019283747,51.42378559463987,4800.0,154448.0,7.0,4.0,4.0,3.0,0.0,0.0,1.0
4900.0,5.346126429,8.746192313083552E-8,4900.0,63.6734693877551,30.970304884583012,-205.3173241852488,2.78536318951393,67.22068320913384,62.839248434237994,64.47105788423154,67.03315568653446,50.861777627576885,83.20453374549201,67.40926290440923,82.19552157291098,52.623004235907466,4900.0,166512.0,9.0,5.0,5.0,4.0,0.0,0.0,1.0
5000.0,5.441985053,9.170329346294412E-8,5000.0,64.2,31.728596838828082,-202.8764805414552,2.664491571506262,67.55422084864713,62.70833333333332,65.57692307692308,67.22342222639614,50.82742316784869,83.6194212849436,67.88829121365802,81.83795541054921,53.93862701676685,5000.0,171032.0,9.0,5.0,5.0,4.0,0.0,0.0,1.0
5100.0,5.507604182,9.475837904826014E-8,5100.0,64.72549019607843,32.55676099560978,-203.37268128161878,2.8617710583153304,67.96271184984072,62.76133305733803,66.4928292046936,67.52398804835167,50.88956025511917,84.15841584158416,68.40717397780591,81.8574514038877,54.956896551724135,5100.0,179968.0,9.0,5.0,5.0,4.0,0.0,0.0,1.0
5200.0,5.585663537,9.851349577509075E-8,5200.0,65.32692307692308,33.44468006083371,-202.01005025125633,2.855603448275871,68.38668768032483,62.72482943973537,67.58943016358081,67.80590578243854,50.8889634350889,84.7228481297882,68.97750474344167,81.73491379310344,56.2200956937799,5200.0,185952.0,9.0,5.0,5.0,4.0,0.0,0.0,1.0
5300.0,5.654496607,1.0185654159772521E-7,5300.0,65.88679245283019,34.252452359375276,-199.8341625207297,2.9001074113856005,68.77158087767862,62.70627062706271,68.56745479833101,68.06230863592182,50.90421969189551,85.22039757994814,69.4957913357315,81.63265306122449,57.358929610238505,5300.0,187736.0,9.0,5.0,5.0,4.0,0.0,0.0,1.0
5400.0,5.727890656,1.0549340533272675E-7,5400.0,66.31481481481481,34.83961254824042,-198.68637110016425,3.4501061571125353,69.02163573032773,62.77880090034785,69.23727380348384,68.24033288363702,51.082251082251084,85.39841468502296,69.82103649920654,81.42250530785563,58.21956769055745,5400.0,191544.0,9.0,5.0,5.0,4.0,0.0,0.0,1.0
5500.0,5.808860047,1.0978516135524338E-7,5500.0,66.76363636363635,35.418973743644024,-197.23577235772362,3.6880927291886105,69.26684607011366,62.754686226568865,69.99343401181878,68.3926403287569,51.162790697674424,85.62248995983936,70.16368964905926,81.13804004214963,59.18933925596891,5500.0,204888.0,9.0,5.0,5.0,4.0,0.0,0.0,1.0
5600.0,5.902305158,1.151095063357552E-7,5600.0,67.32142857142858,36.209944476259246,-196.5964343598054,3.6842105263158094,69.65813395916874,62.75946275946276,70.88768692332167,68.65873667150616,51.16124751161247,86.15622583139985,70.68705547652915,81.15789473684211,60.21621621621621,5600.0,220248.0,9.0,5.0,5.0,4.0,0.0,0.0,1.0
5700.0,5.976851158,1.1956621661722662E-7,5700.0,67.6842105263158,36.633986040574676,-193.77990430622012,4.212168486739463,69.80699924829177,62.77283751010509,71.45071295722258,68.75353363713602,51.33884297520661,86.16822429906541,70.89325034478742,80.75923036921478,61.027270320360074,5700.0,231096.0,9.0,5.0,5.0,4.0,0.0,0.0,1.0
5800.0,6.064328736,1.2490864684373556E-7,5800.0,68.03448275862068,36.99766193198029,-190.14084507042247,4.383702939659618,69.92938426066434,62.68115942028986,72.04463208685164,68.80873319013283,51.40310333443381,86.21436304583183,71.08714256728696,80.29912325941207,61.87516187516188,5800.0,236072.0,9.0,5.0,5.0,4.0,0.0,0.0,1.0
5900.0,6.174729525,1.3185051167241404E-7,5900.0,68.3220338983051,37.36570982348049,-188.87171561051002,4.982206405693971,70.07015630432961,62.76150627615063,72.43769355552278,68.92072982166788,51.60550458715596,86.23595505617978,71.2585721873408,80.0711743772242,62.445969997457404,5900.0,243056.0,9.0,5.0,5.0,4.0,0.0,0.0,1.0
6000.0,6.276572089,1.383109441098985E-7,6000.0,68.7,37.86854709335853,-185.84474885844733,5.485656768998522,70.28808889078,62.84131381084289,72.96285632018427,69.08658107360436,51.77698076296055,86.39618138424821,71.53212803230969,79.91947659788626,63.14477946673311,6000.0,245208.0,9.0,5.0,5.0,4.0,0.0,0.0,1.0
6100.0,6.389138102,1.456789997853898E-7,6100.0,68.98360655737706,38.299688419093386,-181.9672131147541,6.660088801184033,70.4547368404158,63.0901287553648,73.25417020073509,69.25800467285347,52.178121974830596,86.33788737087637,71.69355367163959,79.77306364084853,63.61404370243064,6100.0,253016.0,9.0,5.0,5.0,4.0,0.0,0.0,1.0
6200.0,6.476853161,1.5166640654737135E-7,6200.0,69.04838709677419,38.22982753070907,-178.51959361393338,7.0702179176755156,70.33758377751775,62.9893924783028,73.40263340263338,69.15688478188477,52.33974358974359,85.97402597402596,71.55929861133477,79.07990314769975,64.03869407496977,6200.0,263856.0,9.0,5.0,5.0,4.0,0.0,0.0,1.0
6300.0,6.539844119,1.5601217206049093E-7,6300.0,69.36507936507937,38.7106462011942,-176.10872675250369,7.963757749165466,70.54529099832398,63.196033562166285,73.76291462751496,69.34917854800776,52.65332062281538,86.04503647320013,71.78338791319096,79.01764425369575,64.54913157268618,6300.0,266680.0,9.0,5.0,5.0,4.0,0.0,0.0,1.0
6400.0,6.631199358,1.623756783424939E-7,6400.0,69.734375,39.25070511874359,-173.9745403111739,8.588957055214726,70.7931623666843,63.34910122989592,74.22488356620094,69.55711992486651,52.87428932406822,86.23995052566481,72.07392895438089,78.99952807928268,65.1483298294791,6400.0,269256.0,9.0,5.0,5.0,4.0,0.0,0.0,1.0
6500.0,6.715984471,1.6831364253005636E-7,6500.0,69.95384615384616,39.506329331079,-173.52941176470594,9.37354988399073,70.8601184863197,63.43381389252948,74.50058754406581,69.62971865823661,53.17011927181419,86.08931804465902,72.13478436157517,78.60788863109049,65.66168009205984,6500.0,270720.0,9.0,5.0,5.0,4.0,0.0,0.0,1.0
6600.0,6.779092874,1.7281327082504625E-7,6600.0,70.10606060606061,39.68959719887176,-173.26869806094186,9.908675799086748,70.91230234370354,63.496762257169294,74.6889031430404,69.68592569450347,53.374805598755835,85.99704579025111,72.1826173391731,78.35616438356165,66.00907029478458,6600.0,275608.0,9.0,5.0,5.0,4.0,0.0,0.0,1.0
6700.0,6.842429914,1.774120452017234E-7,6700.0,70.28358208955224,39.878882518891714,-172.3666210670314,10.43634727845256,70.95848811050675,63.528118703059164,74.92759098350334,69.73402212979272,53.58467243510506,85.88337182448036,72.22672366213037,78.00269905533064,66.45074826893008,6700.0,280664.0,9.0,5.0,5.0,4.0,0.0,0.0,1.0
6800.0,6.90495448,1.8197887233517033E-7,6800.0,70.52941176470588,40.16653367120941,-171.1772665764547,10.655372269282214,71.07538414716194,63.52384419366581,75.27757216876387,69.82183516977545,53.67579206398031,85.96787827557058,72.37476728859032,77.79759251003121,66.95194206714945,6800.0,282336.0,9.0,5.0,5.0,4.0,0.0,0.0,1.0
6900.0,6.964572057,1.863527428914607E-7,6900.0,70.92753623188406,40.684078242815005,-170.71524966261813,10.645879732739436,71.33203837939065,63.527272727272724,75.83132530120483,70.00436176063415,53.67127496159754,86.33744855967078,72.71104901930295,77.8173719376392,67.6047261009667,6900.0,283592.0,9.0,5.0,5.0,4.0,0.0,0.0,1.0
7000.0,7.025686763,1.9086971611514692E-7,7000.0,71.07142857142857,40.84571226352892,-170.3604806408545,11.145239139973695,71.37324477262474,63.57258499730166,76.00995142755598,70.05425517964856,53.87195121951219,86.23655913978494,72.74285564512988,77.5340061430452,67.95170514721457,7000.0,285696.0,9.0,5.0,5.0,4.0,0.0,0.0,1.0
7100.0,7.111723854,1.9706559124498736E-7,7100.0,71.36619718309859,41.176350727394684,-170.34574468085106,11.300174520069788,71.51220123828938,63.54670970055585,76.42351849704279,70.15587752423242,53.94216133942161,86.36959370904324,72.92200245083093,77.31239092495636,68.53161397670549,7100.0,278368.0,11.0,6.0,6.0,5.0,0.0,0.0,1.0
7200.0,7.180341999,2.021479347911643E-7,7200.0,71.63888888888889,41.506801409814024,-171.18193891102254,11.40997830802601,71.66419805854663,63.5487325955016,76.79017958626962,70.26864148970124,53.98847437063997,86.5488086087625,73.11631019301204,77.22342733188721,69.00919305413687,7200.0,286304.0,11.0,6.0,6.0,5.0,0.0,0.0,1.0
7300.0,7.256184949,2.0779145451784968E-7,7300.0,71.72602739726027,41.53324365471242,-172.65521796565383,11.681643132220797,71.63438740543388,63.494870887866995,76.92823608316566,70.25366550680307,54.115164305094964,86.39216670851117,73.07046901025656,76.80787334189131,69.33306467862181,7300.0,287632.0,13.0,7.0,7.0,6.0,0.0,0.0,1.0
7400.0,7.320624616,2.1259391749110906E-7,7400.0,72.06756756756756,41.93846672426333,-173.0515191545574,11.553273427471138,71.83700704227344,63.46119851511401,77.3925407415509,70.39097566737537,54.06626506024096,86.7156862745098,73.34369570709023,76.80787334189131,69.87951807228916,7400.0,288080.0,13.0,7.0,7.0,6.0,0.0,0.0,1.0
7500.0,7.408227101,2.188242001805331E-7,7500.0,72.41333333333333,42.33886280755392,-172.59552042160752,11.54339461308249,72.02867675017472,63.4387701007245,77.85033722299539,70.52595549662766,54.06626506024096,86.98564593301435,73.59683020754782,76.74219752030783,70.45146289478782,7500.0,274912.0,15.0,8.0,8.0,6.0,0.0,0.0,1.0
7600.0,7.469877775,2.2324439019402703E-7,7600.0,72.77631578947368,42.77341702866062,-172.59552042160726,11.543394613082532,72.24241294555631,63.4387701007245,78.31464207106173,70.6779923432046,54.06626506024096,87.28971962616822,73.87765644880626,76.74219752030783,71.01311537730469,7600.0,277144.0,15.0,8.0,8.0,6.0,0.0,0.0,1.0
7700.0,7.551430499,2.2912391061306005E-7,7700.0,73.05194805194806,43.062502209435074,-173.38603425559953,11.286874732791816,72.39073501505142,63.37157987643425,78.68515665125834,70.76580136107393,53.96873120865905,87.56287151348879,74.0920463445598,76.74219752030783,71.44189516881178,7700.0,278680.0,15.0,8.0,8.0,6.0,0.0,0.0,1.0
7800.0,7.638257454,2.3538385491204763E-7,7800.0,73.3974358974359,43.4643851125745,-173.3860342555995,11.28687473279176,72.58821732140386,63.37157987643425,79.11424257674888,70.90479475050743,53.96873120865905,87.84085829235583,74.35351956220482,76.74219752030783,71.96484160410182,7800.0,278688.0,15.0,8.0,8.0,6.0,0.0,0.0,1.0
7900.0,7.707334978,2.404075831265831E-7,7900.0,73.73417721518987,43.85067145588385,-173.38603425559936,11.2868747327918,72.77794795367328,63.37157987643425,79.52639368524915,71.03771059777071,53.96873120865905,88.10668998688239,74.6055889597583,76.74219752030783,72.46898039920877,7900.0,281120.0,15.0,8.0,8.0,6.0,0.0,0.0,1.0
8000.0,7.783597039,2.4601410556012974E-7,8000.0,74.0625,44.22225188075174,-173.38603425559938,11.2868747327918,72.96037603180474,63.37157987643425,79.92259313014031,71.16493898901074,53.96873120865905,88.36114676936243,74.84875288486685,76.74219752030783,72.9553082494259,8000.0,284176.0,15.0,8.0,8.0,6.0,0.0,0.0,1.0
8100.0,7.881573562,2.533003395965468E-7,8100.0,74.33333333333333,44.49816684662023,-173.91304347826082,11.115861479264645,73.09987422907467,63.32686540836126,80.2582850631469,71.24964587228739,53.9039039039039,88.59538784067085,75.04875888860383,76.74219752030783,73.35532025689984,8100.0,287464.0,15.0,8.0,8.0,6.0,0.0,0.0,1.0
8200.0,7.981415202,2.607721827067373E-7,8200.0,74.64634146341463,44.8435133101204,-173.91304347826096,11.115861479264652,73.26929099082271,63.32686540836126,80.62622309197653,71.36673634620246,53.9039039039039,88.82956878850102,75.27606378318752,76.74219752030783,73.80993004606722,8200.0,289280.0,15.0,8.0,8.0,6.0,0.0,0.0,1.0
8300.0,8.091340825,2.691172091825555E-7,8300.0,74.92771084337349,45.13630621286872,-174.17654808959145,11.030354852501086,73.41490875052752,63.30453182860166,80.95891664379174,71.46073405207494,53.871548619447786,89.04991948470209,75.47896656756878,76.74219752030783,74.21573561482973,8300.0,293448.0,15.0,8.0,8.0,6.0,0.0,0.0,1.0
8400.0,8.23126809,2.806659390048745E-7,8400.0,75.22619047619048,45.457785916349394,-174.17654808959168,11.0303548525011,73.57250396246334,63.30453182860166,81.30110522059485,71.56876562779809,53.871548619447786,89.26598263614838,75.69167292283335,76.74219752030783,74.64114832535886,8400.0,319032.0,15.0,8.0,8.0,6.0,0.0,0.0,1.0
8500.0,8.323253895,2.883210819248731E-7,8500.0,75.51764705882353,45.76808651254136,-174.17654808959142,11.03035485250107,73.72456759636879,63.30453182860166,81.63121193397475,71.67261641498706,53.871548619447786,89.47368421052632,75.89747434853243,76.74219752030783,75.05275117675701,8500.0,321688.0,15.0,8.0,8.0,6.0,0.0,0.0,1.0
8600.0,8.41384994,2.9592862955290407E-7,8600.0,75.80232558139535,46.06778114812709,-174.17654808959162,11.030354852501077,73.87138659523615,63.30453182860166,81.94986555642294,71.77252449954925,53.871548619447786,89.67350037965072,76.09670169898158,76.74219752030783,75.45120587765533,8600.0,324592.0,15.0,8.0,8.0,6.0,0.0,0.0,1.0
8700.0,8.488028647,3.02158191560304E-7,8700.0,76.08045977011494,46.35740444822853,-174.17654808959168,11.030354852501072,74.01322833870945,63.30453182860166,82.2576519737403,71.86871022626636,53.871548619447786,89.86587183308494,76.28966502332008,76.74219752030783,75.83713252633234,8700.0,324624.0,15.0,8.0,8.0,6.0,0.0,0.0,1.0
8800.0,8.556750471,3.0804084582169437E-7,8800.0,76.2840909090909,46.50357757470612,-173.52555701179566,11.00213219616204,74.06986280224035,63.23762550642945,82.4960161033297,71.90651315390824,53.871548619447786,89.94147768836869,76.36742149603867,76.54584221748401,76.18900077459334,8800.0,330888.0,15.0,8.0,8.0,6.0,0.0,0.0,1.0
8900.0,8.647831773,3.158816024728947E-7,8900.0,76.52808988764045,46.77086526768396,-173.0718954248366,11.144193960016995,74.19547493068725,63.267100404431154,82.75406587963344,72.00296915594771,53.926858513189444,90.07907979870596,76.52569878777263,76.52062951935346,76.53076805619179,8900.0,332760.0,15.0,8.0,8.0,6.0,0.0,0.0,1.0
9000.0,8.74312227,3.241361815186673E-7,9000.0,76.76666666666667,46.997278523316425,-173.33333333333337,11.059123777116149,74.30833888141352,63.24485849885744,83.01518966777677,72.07267120273933,53.89454763331336,90.2507947721653,76.68714586209815,76.52062951935346,76.85366220484283,9000.0,334848.0,15.0,8.0,8.0,6.0,0.0,0.0,1.0
9100.0,8.808767114,3.29858967847137E-7,9100.0,77.02197802197801,47.25350429154854,-173.33333333333323,11.059123777116124,74.43378562183024,63.24485849885744,83.28670769722645,72.15727034563967,53.89454763331336,90.41999305796598,76.85862562054501,76.52062951935346,77.19662172173656,9100.0,336984.0,15.0,8.0,8.0,6.0,0.0,0.0,1.0
9200.0,8.907567297,3.3859649265246467E-7,9200.0,77.26086956521739,47.483113822623224,-173.4640522875815,11.016588685665676,74.54716191453186,63.23374340949034,83.5405192761605,72.23010934303682,53.878406708595385,90.58181197747824,77.01779760388756,76.52062951935346,77.51496568842167,9200.0,341848.0,15.0,8.0,8.0,6.0,0.0,0.0,1.0
9300.0,9.00903054,3.481161298177702E-7,9300.0,77.18279569892474,47.134823478432494,-172.75064267352192,10.9151973131822,74.31576461794715,62.95391061452514,83.51460534493475,72.08034059087393,53.88523610280932,90.27544507893853,76.69428053564498,75.6926952141058,77.69586585718416,9300.0,362672.0,15.0,8.0,8.0,6.0,0.0,0.0,1.0
9324.0,9.037401888,3.507826678334487E-7,9324.0,77.19862719862721,47.11831894998239,-171.86700767263423,10.934227063259321,74.29854085444174,62.92291594000697,83.53724639925662,72.07247841154263,53.89901404242605,90.24594278065919,76.66649616130428,75.57603686635944,77.7569554562491,9324.0,363304.0,15.0,8.0,8.0,6.0,0.0,0.0,1.0
