learning evaluation instances,evaluation time (cpu seconds),model cost (RAM-Hours),classified instances,classifications correct (percent),Kappa Statistic (percent),Kappa Temporal Statistic (percent),Kappa M Statistic (percent),F1 Score (percent),F1 Score for class 0 (percent),F1 Score for class 1 (percent),Precision (percent),Precision for class 0 (percent),Precision for class 1 (percent),Recall (percent),Recall for class 0 (percent),Recall for class 1 (percent),model training instances,model serialized size (bytes),tree size (nodes),tree size (leaves),active learning leaves,tree depth,active leaf byte size estimate,inactive leaf byte size estimate,byte size estimate overhead
100.0,5.062245396,1.6038698474099487E-6,100.0,50.0,0.0,49.494949494949495,0.0,?,66.66666666666666,?,?,50.0,?,50.0,100.0,0.0,100.0,1224696.0,1.0,1.0,1.0,0.0,0.0,0.0,1.0
200.0,8.58645668,1.6043439397193326E-6,200.0,50.0,0.0,49.74874371859296,0.0,?,66.66666666666666,?,?,50.0,?,50.0,100.0,0.0,200.0,520.0,3.0,2.0,2.0,1.0,0.0,0.0,1.0
300.0,13.131198936,4.114241198477712E-6,300.0,46.666666666666664,-6.666666666666665,46.48829431438127,-6.666666666666665,40.146266358737485,62.96296296296296,4.761904761904762,35.22458628841607,48.226950354609926,22.22222222222222,46.666666666666664,90.66666666666666,2.666666666666667,300.0,2134760.0,3.0,2.0,2.0,1.0,0.0,0.0,1.0
400.0,16.708513291,6.205729727713923E-6,400.0,46.75,-6.499999999999995,46.616541353383454,-6.499999999999995,42.3070967134242,62.56590509666081,7.792207792207792,38.63537022466999,48.23848238482385,29.03225806451613,46.75,89.0,4.5,400.0,2259960.0,3.0,2.0,2.0,1.0,0.0,0.0,1.0
500.0,20.500926625,8.985209692335188E-6,500.0,45.2,-9.599999999999998,45.09018036072144,-9.599999999999998,41.4635659517342,60.40462427745664,11.03896103896104,38.297706350444685,47.28506787330316,29.310344827586203,45.199999999999996,83.6,6.800000000000001,500.0,2833024.0,3.0,2.0,2.0,1.0,0.0,0.0,1.0
600.0,24.267577469,1.1885581185314102E-5,600.0,44.666666666666664,-10.666666666666668,44.57429048414024,-10.666666666666668,40.69605187556431,59.90338164251207,10.75268817204301,37.37373737373738,46.96969696969697,27.77777777777778,44.666666666666664,82.66666666666667,6.666666666666667,600.0,2976464.0,3.0,2.0,2.0,1.0,0.0,0.0,1.0
700.0,28.075902287,1.4947736076108893E-5,700.0,44.57142857142857,-10.857142857142854,44.49213161659514,-10.857142857142854,40.36101810739059,59.917355371900825,10.185185185185187,36.8774173178625,46.92556634304207,26.82926829268293,44.57142857142857,82.85714285714286,6.2857142857142865,700.0,3108104.0,3.0,2.0,2.0,1.0,0.0,0.0,1.0
800.0,31.91804077,1.8167765860711076E-5,800.0,45.125,-9.750000000000004,45.056320400500624,-9.750000000000004,40.76047665851657,60.62780269058297,9.484536082474227,37.16577540106952,47.27272727272727,27.058823529411764,45.125,84.5,5.75,800.0,3239584.0,3.0,2.0,2.0,1.0,0.0,0.0,1.0
900.0,35.942160785,2.1598293134232422E-5,900.0,45.666666666666664,-8.666666666666668,45.60622914349277,-8.666666666666668,41.081514311346616,61.34387351778656,8.598130841121495,37.33309274630098,47.607361963190186,27.058823529411764,45.666666666666664,86.22222222222223,5.111111111111112,900.0,3295280.0,3.0,2.0,2.0,1.0,0.0,0.0,1.0
1000.0,39.942946607,2.5143561811833268E-5,1000.0,46.1,-7.799999999999995,46.046046046046044,-7.799999999999995,41.33565362693972,61.908127208480565,7.863247863247863,37.463837994214074,47.868852459016395,27.058823529411764,46.1,87.6,4.6,1000.0,3425360.0,3.0,2.0,2.0,1.0,0.0,0.0,1.0
1100.0,43.977406021,2.879887771520729E-5,1100.0,46.54545454545455,-6.909090909090909,46.4968152866242,-6.909090909090909,41.85092375764539,62.40409207161125,7.547169811320756,38.016604742901706,48.12623274161736,27.906976744186046,46.54545454545455,88.72727272727273,4.363636363636364,1100.0,3502208.0,3.0,2.0,2.0,1.0,0.0,0.0,1.0
1200.0,47.981882531,3.2512747948307384E-5,1200.0,46.75,-6.499999999999995,46.705587989991656,-6.499999999999995,42.024951756188486,62.653419053185274,7.256894049346879,38.16735606144884,48.244824482448244,28.08988764044944,46.75,89.33333333333333,4.166666666666666,1200.0,3584952.0,3.0,2.0,2.0,1.0,0.0,0.0,1.0
1300.0,51.986889112,3.647304631088035E-5,1300.0,47.30769230769231,-5.384615384615388,47.2671285604311,-5.384615384615388,43.495586332603594,63.032919589854295,8.299866131191433,40.25203314737212,48.5453034081463,31.958762886597935,47.30769230769231,89.84615384615384,4.769230769230769,1300.0,3822320.0,3.0,2.0,2.0,1.0,0.0,0.0,1.0
1400.0,55.981369055,4.044924113454733E-5,1400.0,47.57142857142857,-4.857142857142859,47.53395282344531,-4.857142857142859,43.85297543705334,63.336663336663335,8.020050125313283,40.67368883037086,48.694316436251924,32.6530612244898,47.57142857142857,90.57142857142857,4.571428571428571,1400.0,3847776.0,3.0,2.0,2.0,1.0,0.0,0.0,1.0
1500.0,59.979765003,4.4488368623053026E-5,1500.0,47.8,-4.400000000000004,47.765176784523014,-4.400000000000004,44.27948586461841,63.564448580735224,7.990599294947122,41.24197623479289,48.82058613295211,33.663366336633665,47.8,91.06666666666666,4.533333333333333,1500.0,3904848.0,3.0,2.0,2.0,1.0,0.0,0.0,1.0
1600.0,63.988034594,4.857446843511136E-5,1600.0,47.8125,-4.374999999999996,47.779862414008754,-4.374999999999996,44.19209832223576,63.61655773420479,7.734806629834254,41.081382385730215,48.82943143812709,33.33333333333333,47.8125,91.25,4.375,1600.0,3940528.0,3.0,2.0,2.0,1.0,0.0,0.0,1.0
1700.0,68.021629161,5.272804958907043E-5,1700.0,47.88235294117647,-4.23529411764706,47.85167745732784,-4.23529411764706,44.23347253972587,63.71826371826372,7.515657620041753,41.10134003350083,48.86934673366834,33.33333333333333,47.88235294117647,91.52941176470588,4.235294117647059,1700.0,3980456.0,3.0,2.0,2.0,1.0,0.0,0.0,1.0
1800.0,72.064117039,5.6943914962556356E-5,1800.0,48.05555555555556,-3.888888888888886,48.02668148971651,-3.888888888888886,44.51193186613728,63.91354689309148,7.333994053518335,41.45503176558033,48.96510940272029,33.94495412844037,48.05555555555556,92.0,4.111111111111112,1800.0,4031256.0,3.0,2.0,2.0,1.0,0.0,0.0,1.0
1900.0,76.099875673,6.122493582313611E-5,1900.0,48.10526315789473,-3.7894736842105314,48.077935755660874,-3.7894736842105314,44.536646659811005,63.98831263696129,7.156308851224106,41.46093000958773,48.99328859060403,33.92857142857143,48.10526315789474,92.21052631578948,4.0,1900.0,4100384.0,3.0,2.0,2.0,1.0,0.0,0.0,1.0
2000.0,80.133620435,6.557473055509169E-5,2000.0,48.15,-3.7000000000000033,48.124062031015505,-3.7000000000000033,44.55862501498439,64.05545927209705,6.995515695067264,41.46580555875909,49.01856763925729,33.91304347826087,48.150000000000006,92.4,3.9,2000.0,4168336.0,3.0,2.0,2.0,1.0,0.0,0.0,1.0
2100.0,84.626981982,6.884854047511327E-5,2100.0,47.95238095238095,-4.095238095238097,47.92758456407814,-4.095238095238097,44.7998912452166,63.62728785357737,8.535564853556487,42.03633477378958,48.9002557544757,35.172413793103445,47.95238095238095,91.04761904761904,4.857142857142857,2100.0,2816336.0,5.0,3.0,3.0,2.0,0.0,0.0,1.0
2200.0,88.585366923,7.180911340889824E-5,2200.0,47.54545454545455,-4.909090909090907,47.52160072760346,-4.909090909090907,44.505931640113594,63.01282051282051,9.84375,41.83168316831683,48.663366336633665,35.0,47.54545454545455,89.36363636363637,5.7272727272727275,2200.0,2891080.0,5.0,3.0,3.0,2.0,0.0,0.0,1.0
2300.0,92.496192095,7.476792330687789E-5,2300.0,47.52173913043478,-4.956521739130437,47.498912570682904,-4.956521739130437,44.377514752074745,63.03215926493109,9.588014981273409,41.62353843204907,48.652482269503544,34.5945945945946,47.52173913043478,89.47826086956522,5.565217391304348,2300.0,2924496.0,5.0,3.0,3.0,2.0,0.0,0.0,1.0
2400.0,96.440503796,7.778894112071438E-5,2400.0,47.66666666666667,-4.666666666666663,47.644852021675696,-4.666666666666663,44.73827736940873,63.12389900176159,9.899569583931134,42.14887233505622,48.73073436083409,35.56701030927835,47.66666666666667,89.58333333333334,5.75,2400.0,2960632.0,5.0,3.0,3.0,2.0,0.0,0.0,1.0
2500.0,100.408354121,8.08492727891461E-5,2500.0,47.8,-4.400000000000004,47.77911164465786,-4.400000000000004,44.99047578211241,63.24978879188961,9.937888198757763,42.49288598577415,48.80486744893525,36.18090452261307,47.8,89.84,5.76,2500.0,2981368.0,5.0,3.0,3.0,2.0,0.0,0.0,1.0
2600.0,104.394987134,8.397559244188988E-5,2600.0,47.76923076923077,-4.461538461538462,47.749134282416314,-4.461538461538462,44.861237857914126,63.257575757575765,9.707446808510637,42.28698157059151,48.78964941569282,35.78431372549019,47.76923076923077,89.92307692307693,5.615384615384615,2600.0,3031304.0,5.0,3.0,3.0,2.0,0.0,0.0,1.0
2700.0,108.354445946,8.712056673954228E-5,2700.0,47.925925925925924,-4.148148148148145,47.90663208595776,-4.148148148148145,45.13012553840704,63.42351716961498,9.640102827763496,42.642536261785565,48.877305533279866,36.407766990291265,47.925925925925924,90.29629629629629,5.555555555555555,2700.0,3070320.0,5.0,3.0,3.0,2.0,0.0,0.0,1.0
2800.0,112.331306769,9.036144646447646E-5,2800.0,48.0,-4.0000000000000036,47.98142193640586,-4.0000000000000036,45.21144783083127,63.52705410821643,9.45273631840796,42.72910731244065,48.91975308641975,36.53846153846153,48.0,90.57142857142857,5.428571428571429,2800.0,3150104.0,5.0,3.0,3.0,2.0,0.0,0.0,1.0
2900.0,116.291845717,9.3649435013426E-5,2900.0,48.10344827586207,-3.7931034482758585,48.08554674025526,-3.7931034482758585,45.3932029375844,63.63856003865668,9.391932570740517,42.972069815766886,48.97731498698401,36.96682464454976,48.103448275862064,90.82758620689656,5.379310344827586,2900.0,3209064.0,5.0,3.0,3.0,2.0,0.0,0.0,1.0
3000.0,120.26042945,9.697903384503061E-5,3000.0,48.199999999999996,-3.600000000000003,48.182727575858614,-3.600000000000003,45.59941375784052,63.725490196078425,9.440559440559442,43.265086206896555,49.0301724137931,37.5,48.2,91.0,5.4,3000.0,3243088.0,5.0,3.0,3.0,2.0,0.0,0.0,1.0
3100.0,124.250023063,1.0041828273061023E-4,3100.0,48.064516129032256,-3.8709677419354827,47.505705901532444,-4.9543676662320655,45.33496254278332,63.59113523292628,9.448818897637794,42.89876850901627,48.95543175487465,36.84210526315789,48.064516129032256,90.70967741935483,5.419354838709677,3100.0,3332248.0,5.0,3.0,3.0,2.0,0.0,0.0,1.0
3200.0,128.231291673,1.0388146794838661E-4,3200.0,47.78125,-4.437500000000005,46.66453878072135,-6.636885768985317,45.49202806423363,62.89140572951365,11.913547706905641,43.412132578512185,48.77712710988632,38.04713804713805,47.78125,88.5,7.062499999999999,3200.0,3362456.0,5.0,3.0,3.0,2.0,0.0,0.0,1.0
3300.0,132.214438933,1.0741847606495607E-4,3300.0,47.848484848484844,-4.303030303030308,46.21874999999999,-7.562500000000003,46.33670589647761,62.20074676037777,15.925744992672202,44.91753080935123,48.77712710988632,41.05793450881612,47.848484848484844,85.81818181818181,9.878787878787879,3300.0,3432512.0,5.0,3.0,3.0,2.0,0.0,0.0,1.0
3400.0,136.225937505,1.1101051474143305E-4,3400.0,47.911764705882355,-4.176470588235293,45.791245791245785,-8.384332925336595,46.84104471731318,61.52509233108843,19.39007737824306,45.81713498351459,48.77712710988632,42.857142857142854,47.911764705882355,83.29411764705881,12.529411764705884,3400.0,3461280.0,5.0,3.0,3.0,2.0,0.0,0.0,1.0
3500.0,140.25424447,1.1466802647076871E-4,3500.0,47.97142857142857,-4.057142857142859,45.364536453645364,-9.238152369526091,47.18056972944846,60.86395873629916,22.411589262888793,46.41536422495991,48.77712710988632,44.0536013400335,47.97142857142857,80.91428571428571,15.028571428571427,3500.0,3509664.0,5.0,3.0,3.0,2.0,0.0,0.0,1.0
3600.0,144.750182875,1.1964593760157061E-4,3600.0,48.05555555555556,-3.888888888888886,45.00000000000001,-10.0,47.458543808135204,60.263493412664694,25.020048115477145,46.87618382716074,48.79559532002753,44.95677233429395,48.05555555555556,78.77777777777779,17.333333333333336,3600.0,4279856.0,5.0,3.0,3.0,2.0,0.0,0.0,1.0
3700.0,148.794402367,1.2417713843085565E-4,3700.0,48.05405405405405,-3.8918918918918965,44.563022786270544,-10.841983852364482,47.57647263387211,59.60487599831862,27.252081756245268,47.108290608978365,48.762035763411276,45.45454545454545,48.054054054054056,76.64864864864866,19.45945945945946,3700.0,4330928.0,5.0,3.0,3.0,2.0,0.0,0.0,1.0
3800.0,152.845648656,1.2875237445609142E-4,3800.0,48.078947368421055,-3.842105263157891,44.155108972544575,-11.65817770232032,47.698677760741326,58.97275940944064,29.308491580078826,47.32437626330144,48.74527328979031,45.90347923681257,48.078947368421055,74.63157894736842,21.526315789473685,3800.0,4365432.0,5.0,3.0,3.0,2.0,0.0,0.0,1.0
3900.0,156.915858861,1.3339891252843618E-4,3900.0,48.128205128205124,-3.743589743589748,43.80555555555555,-12.388888888888888,47.827770003530745,58.365918913356666,31.213872832369944,47.531062477387586,48.74527328979031,46.31685166498487,48.12820512820513,72.71794871794872,23.53846153846154,3900.0,4412808.0,5.0,3.0,3.0,2.0,0.0,0.0,1.0
4000.0,160.966213738,1.38079978562661E-4,4000.0,47.925000000000004,-4.149999999999999,43.196073084265066,-13.576881134133037,47.645692197084806,57.653994714372836,32.39208049334631,47.36962115255595,48.578280232956494,46.16096207215541,47.925,70.89999999999999,24.95,4000.0,4467392.0,5.0,3.0,3.0,2.0,0.0,0.0,1.0
4100.0,165.019110535,1.4279895148675318E-4,4100.0,48.14634146341463,-3.707317073170735,43.04848647200643,-13.872522763792194,47.93723270314195,57.29208517476898,34.016139044072006,47.72993248661855,48.70218579234973,46.75767918088737,48.14634146341463,69.5609756097561,26.731707317073173,4100.0,4500744.0,5.0,3.0,3.0,2.0,0.0,0.0,1.0
4200.0,169.0683101,1.47531712507076E-4,4200.0,48.30952380952381,-3.3809523809523845,42.868421052631575,-14.263157894736858,48.15117983364818,56.86469302602821,35.521235521235525,47.993870473729125,48.78963518581657,47.19810576164167,48.30952380952381,68.14285714285714,28.476190476190478,4200.0,4518016.0,5.0,3.0,3.0,2.0,0.0,0.0,1.0
4300.0,173.176802228,1.5238879814985864E-4,4300.0,48.348837209302324,-3.302325581395349,42.56529609516421,-14.839710444674244,48.220763950664946,56.339689404364066,36.777682892114996,48.093367416654615,48.791283622744295,47.39545121056493,48.34883720930232,66.65116279069767,30.046511627906973,4300.0,4569784.0,5.0,3.0,3.0,2.0,0.0,0.0,1.0
4400.0,177.284493741,1.5732138950807245E-4,4400.0,48.40909090909091,-3.1818181818181857,42.283244342740915,-15.404168784951713,48.30677576469853,55.853753403344996,37.94423182066703,48.20489220494256,48.81033310673011,47.59945130315501,48.40909090909091,65.27272727272727,31.545454545454543,4400.0,4641728.0,5.0,3.0,3.0,2.0,0.0,0.0,1.0
4500.0,181.36809542,1.6226864590685903E-4,4500.0,48.46666666666667,-3.066666666666662,42.025000000000006,-15.950000000000001,48.38514925452187,55.378102751587456,39.02182487509861,48.30390559467528,48.8293179504581,47.778493238892466,48.46666666666667,63.955555555555556,32.97777777777778,4500.0,4682992.0,5.0,3.0,3.0,2.0,0.0,0.0,1.0
4600.0,185.444336771,1.6724062893214012E-4,4600.0,48.56521739130435,-2.869565217391301,41.79581795817959,-15.414634146341466,48.50286773475543,54.93333333333334,40.10126582278481,48.440677966101696,48.88135593220339,48.0,48.56521739130435,62.69565217391304,34.43478260869565,4600.0,4714896.0,5.0,3.0,3.0,2.0,0.0,0.0,1.0
4700.0,189.525784599,1.722483327184497E-4,4700.0,48.57446808510638,-2.86227670268448,41.5053242981607,-15.150071462601245,48.5187150868094,54.42202526871582,41.00561386380278,48.46851686480251,48.88211382113821,48.05491990846682,48.5690173959289,61.37813696299447,35.759897828863345,4700.0,4742712.0,5.0,3.0,3.0,2.0,0.0,0.0,1.0
4800.0,193.591827086,1.7728678414795563E-4,4800.0,48.625,-2.7599013446608196,41.25774178180086,-14.751046998603986,48.58117251443002,53.95817774458551,41.89443920829406,48.54222552377808,48.90016920473773,48.18428184281843,48.620182052114934,60.18325697625989,37.057107127969985,4800.0,4789912.0,5.0,3.0,3.0,2.0,0.0,0.0,1.0
4900.0,197.659871573,1.8234951379653648E-4,4900.0,48.673469387755105,-2.6530612244897944,41.031652989449,-14.318181818181802,48.644021400273246,53.469010175763174,42.77588168373151,48.61460902396269,48.90016920473773,48.329048843187664,48.6734693877551,58.97959183673469,38.36734693877551,4900.0,4810624.0,5.0,3.0,3.0,2.0,0.0,0.0,1.0
5000.0,201.748771671,1.8748557953994236E-4,5000.0,48.699999999999996,-2.6075190789981177,40.78947368421052,-14.050689195197874,48.67368868846153,53.01337241252978,43.51464435146443,48.65106264059881,48.91818796484111,48.383937316356516,48.69633579141372,57.85685725709716,39.53581432573029,5000.0,4855416.0,5.0,3.0,3.0,2.0,0.0,0.0,1.0
5100.0,205.871928532,1.927304499353642E-4,5100.0,48.72549019607843,-2.555517550669871,40.54115507048659,-13.745106568073073,48.7051925457811,52.56666062035189,44.20738212075955,48.688075144534224,48.91964888588791,48.45650140318054,48.7223219872852,56.801254410035284,40.64338956453511,5100.0,4917080.0,5.0,3.0,3.0,2.0,0.0,0.0,1.0
5200.0,209.977402115,1.9797103473264302E-4,5200.0,48.75,-2.500000000000002,40.31354983202687,-13.404255319148954,48.73729077456706,52.128615052990845,44.858266087316366,48.72458817404949,48.9046174587125,48.54455888938647,48.74999999999999,55.8076923076923,41.692307692307686,5200.0,4934224.0,5.0,3.0,3.0,2.0,0.0,0.0,1.0
5300.0,214.942782498,2.043049943697416E-4,5300.0,48.69811320754717,-2.6091798357478364,40.00441306266549,-13.338891204668595,48.68250697818423,52.054311408922594,44.83668086833029,48.66954223306611,48.87417218543047,48.46491228070175,48.695478632321624,55.67710298000754,41.71385428463571,5300.0,4930888.0,7.0,4.0,4.0,3.0,0.0,0.0,1.0
5400.0,218.936465315,2.0945753842813E-4,5400.0,48.68518518518519,-2.6353456722006703,39.73466724662897,-13.14822376480195,48.66715478551171,52.28172894782159,44.502303224514314,48.65191874881757,48.87314874436575,48.43068875326939,48.682400367956156,56.20140688633839,41.163393849573914,5400.0,4987128.0,7.0,4.0,4.0,3.0,0.0,0.0,1.0
5500.0,222.929807789,2.1467835563877564E-4,5500.0,48.67272727272727,-2.654545454545454,39.4855305466238,-12.91999999999999,48.655204091860824,52.482747012287504,44.198458193318835,48.637693523863064,48.85615794421811,48.41922910350801,48.67272727272727,56.690909090909095,40.654545454545456,5500.0,5053640.0,7.0,4.0,4.0,3.0,0.0,0.0,1.0
5600.0,226.97571696,2.200555590221091E-4,5600.0,48.660714285714285,-2.6847272731911462,39.24344885883348,-12.789329148685761,48.638250608640384,52.64371602701367,43.946188340807176,48.61880012074917,48.86850152905199,48.36909871244635,48.657716665525086,57.051053195287395,40.26438013576277,5600.0,5137392.0,7.0,4.0,4.0,3.0,0.0,0.0,1.0
5700.0,230.984530127,2.2542666909235504E-4,5700.0,48.64912280701754,-2.7081274110452673,38.99541475614839,-12.62023855328972,48.62415533960452,52.82836422240129,43.657362848893165,48.60231017817409,48.8670244484198,48.33759590792839,48.646020147247796,57.48860049105578,39.80343980343981,5700.0,5179056.0,7.0,4.0,4.0,3.0,0.0,0.0,1.0
5800.0,235.014242661,2.3093034653551598E-4,5800.0,48.58620689655172,-2.8275862068965485,38.705035971223026,-12.528301886792455,48.56080302232311,52.96529968454258,43.30798479087453,48.53542569964525,48.80813953488372,48.26271186440678,48.58620689655172,57.896551724137936,39.275862068965516,5800.0,5279360.0,7.0,4.0,4.0,3.0,0.0,0.0,1.0
5900.0,239.064097109,2.365377304285135E-4,5900.0,48.559322033898304,-2.8880949398581803,38.46309813463098,-12.449055205631728,48.52803119152848,53.09843919023336,43.04747607431038,48.50004774637128,48.80681818181819,48.19327731092437,48.556046946974654,58.2175533717384,38.89454052221092,5900.0,5352088.0,7.0,4.0,4.0,3.0,0.0,0.0,1.0
5995.0,242.927488907,2.4196768874043672E-4,5995.0,48.55713094245204,-2.889210695111476,38.25825825825826,-12.26792864943574,48.524591789990254,53.286882762799145,42.761692650334076,48.49377939192059,48.80688124306326,48.180677540777914,48.55544336865217,58.67244829886591,38.43843843843844,5995.0,5432880.0,7.0,4.0,4.0,3.0,0.0,0.0,1.0
