learning evaluation instances,evaluation time (cpu seconds),model cost (RAM-Hours),classified instances,classifications correct (percent),Kappa Statistic (percent),Kappa Temporal Statistic (percent),Kappa M Statistic (percent),F1 Score (percent),F1 Score for class 0 (percent),F1 Score for class 1 (percent),Precision (percent),Precision for class 0 (percent),Precision for class 1 (percent),Recall (percent),Recall for class 0 (percent),Recall for class 1 (percent),model training instances,model serialized size (bytes)
100.0,9.82720351,6.213764577543639E-5,100.0,100.0,?,?,?,?,100.0,?,?,100.0,?,?,100.0,?,100.0,2.4441464E7
200.0,19.906945758,1.3008898215061403E-4,200.0,99.0,82.81786941580755,50.0,66.66666666666666,91.40893470790378,99.48453608247422,83.33333333333334,91.40893470790378,99.48453608247422,83.33333333333334,91.40893470790378,99.48453608247422,83.33333333333334,200.0,2.6058592E7
300.0,30.07621609,1.9868071324870734E-4,300.0,97.33333333333334,54.33789954337909,-100.0,-33.333333333332966,79.34944333282029,98.62542955326461,55.55555555555556,70.65972222222221,99.65277777777779,41.66666666666667,90.47619047619048,97.61904761904762,83.33333333333334,300.0,2.60726E7
400.0,40.21153162,2.6706120693700965E-4,400.0,96.75,42.196531791907645,-224.99999999999946,-116.6666666666663,75.24688760517333,98.32689832689833,43.47826086956522,64.57533405006912,99.73890339425587,29.411764705882355,90.14382402707277,96.95431472081218,83.33333333333334,400.0,2.6079384E7
500.0,50.550799686,3.3683184129439765E-4,500.0,94.8,25.934366453965346,-333.33333333333337,-225.0,67.26316418076023,97.30290456431536,27.77777777777778,58.610774818401936,99.36440677966102,17.857142857142858,78.91260162601625,95.32520325203252,62.5,500.0,2.6084664E7
600.0,61.024699156,4.0752836951508335E-4,600.0,93.83333333333333,25.453324378777754,-362.5000000000007,-269.99999999999875,68.16746916998923,96.77980852915577,27.45098039215686,58.26824905100572,99.46332737030411,17.073170731707318,82.11864406779661,94.23728813559322,70.0,600.0,2.609108E7
700.0,71.153867956,4.759361735887151E-4,700.0,94.0,43.609022556390954,-250.00000000000065,-90.90909090909082,75.31117954119429,96.8229954614221,46.15384615384615,65.76086956521739,99.37888198757764,32.142857142857146,88.10673102708502,94.3952802359882,81.81818181818183,700.0,2.6105632E7
800.0,81.037303475,5.428008764417542E-4,800.0,90.25,62.0253164556962,-500.0000000000007,36.065573770491774,81.01429614488183,94.2562592047128,67.76859504132233,81.22549019607843,94.11764705882352,68.33333333333333,80.80419749504328,94.3952802359882,67.21311475409836,800.0,2.6151184E7
900.0,91.157341002,6.113119079967797E-4,900.0,87.66666666666667,62.09706792933895,-296.42857142857156,44.7761194029851,81.2909497252571,92.25401256106073,69.75476839237056,83.58146482387315,90.05449591280654,77.10843373493977,79.1226272073111,94.56366237482118,63.681592039801,900.0,2.6168616E7
1000.0,101.334957399,6.802379735267726E-4,1000.0,86.7,62.450592885375485,-107.81250000000017,48.249027237354085,81.66544078984317,91.3804277381724,70.89715536105032,84.5625,88.125,81.0,78.96030918926846,94.885598923284,63.035019455252915,1000.0,2.61782E7
1100.0,111.47706386,7.489492673882154E-4,1100.0,82.45454545454545,52.937264464642,-101.0416666666666,40.61538461538462,77.70926020285943,88.42231553689261,63.789868667917446,82.17704380820973,82.62331838565022,81.73076923076923,73.70223325062035,95.09677419354838,52.307692307692314,1100.0,2.6188E7
1200.0,121.904336478,8.196120937940276E-4,1200.0,81.5,50.062421972534324,-89.74358974358974,38.161559888579376,76.63408342519224,87.85557986870897,61.18881118881119,81.75863692795069,81.35764944275583,82.15962441314554,72.11404383294857,95.48156956004756,48.74651810584958,1200.0,2.6195256E7
1300.0,131.847391817,8.870059183882852E-4,1300.0,78.53846153846153,43.72311836298975,-123.20000000000006,33.41288782816228,74.18014081476592,85.80152671755724,56.062992125984245,80.08746754134208,77.76752767527675,82.4074074074074,69.08440993771994,95.68671963677639,42.482100238663485,1300.0,2.620008E7
1400.0,142.054181033,9.562131393406514E-4,1400.0,76.28571428571429,39.53081742678129,-128.96551724137936,30.543933054393314,72.57618622464689,84.17540514775976,52.7065527065527,78.83715986394557,75.08503401360545,82.58928571428571,67.23649697310739,95.7700650759219,38.70292887029289,1400.0,2.6209856E7
1500.0,152.697190024,0.001028392623810486,1500.0,74.33333333333333,35.9940593620464,-115.08379888268168,28.037383177570085,71.1708418113626,82.75862068965519,49.80443285528031,77.59912433373219,72.87066246056783,82.32758620689656,65.72611495811341,95.75129533678756,35.700934579439256,1500.0,2.6215112E7
1600.0,162.948924362,0.0010979302469553151,1600.0,72.4375,32.62160768510913,-97.75784753363226,25.75757575757575,69.91875007966847,81.40025305778154,46.80337756332931,76.6245810926662,70.6959706959707,82.5531914893617,64.29219297012537,95.92445328031809,32.659932659932664,1600.0,2.6219528E7
1700.0,174.1637877,0.0011740108344392233,1700.0,71.23529411764706,31.26275438486245,-103.7499999999999,25.114854517611047,69.34248290227852,80.40080160320643,45.96685082872928,75.90381917039375,69.26795580110497,82.53968253968253,63.82525146594003,95.79751671442216,31.852986217457886,1700.0,2.6222992E7
1800.0,185.056258593,0.0012479356991083128,1800.0,70.83333333333334,30.77937298564313,-84.85915492957741,25.0,69.26953523289914,80.0910125142207,45.482866043613704,75.98761599184624,68.70527000650618,83.26996197718631,63.64285714285713,96.0,31.285714285714285,1800.0,2.623412E7
1900.0,195.155865762,0.0013164884511049659,1900.0,70.0,30.723646840281855,-88.74172185430467,25.78124999999999,69.37993093806998,79.24253459577567,45.9203036053131,76.01277285292156,67.41016109045849,84.61538461538461,63.811745435806834,96.113074204947,31.510416666666668,1900.0,2.623752E7
2000.0,205.745181587,0.0013883745833373619,2000.0,70.05,30.78409258985359,-79.34131736526942,25.866336633663373,69.46477014519812,79.29484963705497,45.88979223125565,76.19037788119914,67.43092298647855,84.94983277591973,63.83023788956077,96.2248322147651,31.435643564356436,2000.0,2.6240952E7
2100.0,216.009262619,0.0014580676692594208,2100.0,69.14285714285714,30.609097918272937,-74.66307277628037,26.530612244897956,69.50052840302418,78.3567134268537,46.26865671641791,76.0792042042042,66.0472972972973,86.11111111111111,63.969035890218166,96.30541871921181,31.63265306122449,2100.0,2.6246536E7
2200.0,226.116119084,0.001526699371319899,2200.0,68.45454545454545,30.68790034456304,-74.3718592964824,27.329842931937176,69.6281377370375,77.56948933419523,46.86064318529862,76.03971654809946,64.89994591671173,87.17948717948718,64.21371349271432,96.3855421686747,32.04188481675393,2200.0,2.6248896E7
2300.0,236.526561804,0.0015973946770523,2300.0,68.47826086956522,31.578515448689032,-78.1326781326781,28.57142857142858,70.08272866745952,77.37909516380655,48.02867383512545,76.37061403508771,64.58333333333334,88.1578947368421,64.75149029154127,96.49805447470817,33.004926108374384,2300.0,2.6249664E7
2400.0,246.962300229,0.0016682771387106189,2400.0,68.45833333333333,31.931193856722807,-75.63805104408355,29.119850187265904,70.30329985886053,77.274091864305,48.46834581347856,76.58012297919534,64.38219109554777,88.7780548628429,64.97747747747748,96.62162162162163,33.33333333333333,2400.0,2.625536E7
2500.0,257.699976565,0.0017412223142784853,2500.0,69.04,33.49546463127274,-68.62745098039215,30.769230769230777,71.0160766700744,77.5522041763341,50.12886597938145,77.17288020663719,64.71442400774443,89.63133640552995,65.76906249271882,96.7438494934877,34.79427549194991,2500.0,2.6259632E7
2600.0,268.143719767,0.0018121755952085503,2600.0,68.61538461538461,34.669504552441765,-77.7777777777778,33.00492610837438,71.55331856144713,76.6189111747851,52.28070175438597,77.13935298745778,63.425047438330175,90.85365853658537,66.72167844132512,96.7438494934877,36.69950738916256,2600.0,2.6261448E7
2700.0,278.247788449,0.0018808328869792733,2700.0,68.5925925925926,36.30162139304037,-84.74945533769058,35.66009104704097,72.26607803026238,75.92277115275414,54.84558040468583,77.2204606141522,62.476635514018696,91.96428571428571,67.90910228847375,96.7438494934877,39.074355083459785,2700.0,2.6265928E7
2800.0,288.318369934,0.0019492767845739115,2800.0,68.82142857142857,38.07789154764739,-90.19607843137258,36.83068017366134,73.02793183068475,75.38765153650972,57.476863127131026,77.33429106581077,61.75519630484988,92.91338582677166,69.17587397100337,96.7438494934877,41.607898448519045,2800.0,2.627136E7
2900.0,298.91374926,0.0020213048614767756,2900.0,68.48275862068965,38.46998107625767,-99.12854030501094,33.86396526772793,73.22305435709227,74.52619843924191,58.67992766726944,77.06164220713222,60.607434270172256,93.51585014409221,69.74873634094675,96.7438494934877,42.7536231884058,2900.0,2.627772E7
3000.0,309.300910669,0.0020919275846964583,3000.0,68.36666666666666,39.09998896227408,-106.75381263616556,31.331403762662802,73.51077194445715,73.80623792437207,60.07572570466976,76.86600596501067,59.660865684962076,94.0711462450593,70.43620163178711,96.7438494934877,44.128553770086526,3000.0,2.6281488E7
3100.0,319.540789464,0.0021615576165001575,3100.0,68.83870967741935,40.61736052833218,-110.45751633986929,30.101302460202596,74.15361541356678,73.46153846153847,62.265625,76.93363685518263,59.21169176262179,94.65558194774347,71.56750099819902,96.7438494934877,46.39115250291036,3100.0,2.6284768E7
3200.0,329.694261824,0.002230603834635048,3200.0,68.75,40.915281376201264,-115.98272138228947,27.95389048991354,74.30249307599297,72.87032013022247,63.15401621223287,76.72660503011392,58.442123585726726,95.0110864745011,72.02686540578023,96.75792507204612,47.29580573951434,3200.0,2.6286192E7
3300.0,339.890049701,0.0022999390119185148,3300.0,69.18181818181817,41.77246551214414,-115.01057082452436,28.430682617874737,74.65541017014847,73.00238916910008,64.10165901870809,76.89429887350072,58.61040068201193,95.17819706498952,72.54320971933579,96.76284306826179,48.323576370409796,3300.0,2.6286648E7
3400.0,350.40296817,0.0023714389551350292,3400.0,69.52941176470588,42.67096905658069,-117.19077568134175,27.400140154169588,75.00182951695422,72.69372693726937,65.53559547571524,76.8063699357616,58.25940008449514,95.35333978702806,73.28013678705979,96.63629992992291,49.92397364419666,3400.0,2.6289648E7
3500.0,360.990984796,0.0024434523037129307,3500.0,69.88571428571429,43.27303370095401,-116.87242798353903,28.396739130434785,75.27166599985284,72.98821117375705,65.97805035506778,77.05742086842814,58.60082304526749,95.51401869158879,73.56680387616844,96.73913043478261,50.39447731755424,3500.0,2.6290616E7
3600.0,371.614623599,0.0025157122204218663,3600.0,70.22222222222221,43.82900683361351,-117.44421906693718,29.240924092409227,75.46420265516632,73.2,66.49999999999999,77.16974492696087,58.91348088531188,95.42600896860986,73.83241921314433,96.63366336633663,51.03117505995204,3600.0,2.6292176E7
3700.0,382.121536535,0.002587185149029471,3700.0,70.72972972972973,44.6913281700312,-117.90744466800811,30.62139654067905,75.8360484427304,73.60467950280282,67.15195632393083,77.49895027781967,59.402045633359556,95.59585492227978,74.24300961461572,96.73286354900704,51.7531556802244,3700.0,2.6294736E7
3800.0,392.861375823,0.002660246018910273,3800.0,71.05263157894737,45.36154838574747,-112.35521235521242,30.5993690851735,76.12790979926739,73.6084452975048,67.94871794871796,77.59883773271352,59.38830816879598,95.80936729663107,74.71170895315137,96.78233438485805,52.6410835214447,3800.0,2.6295984E7
3900.0,403.643868126,0.0027335995476261794,3900.0,71.43589743589743,45.97998103592209,-108.22429906542064,31.94868662186926,76.39829583690431,74.00839944003734,68.29823562891293,77.89745553500575,59.8716496791242,95.92326139088729,74.95575013409254,96.88454489920586,53.02695536897923,3900.0,2.629688E7
4000.0,415.041965939,0.002811145677517749,4000.0,71.75,46.71564426326716,-111.21495327102797,30.971288943188767,76.71228180792536,73.73314737331474,69.44294213088155,77.84598520142505,59.512195121951216,96.17977528089887,75.61112560237483,96.88454489920586,54.3377063055438,4000.0,2.6298448E7
4100.0,425.459758109,0.002882029678314863,4100.0,72.17073170731707,47.54091227969448,-112.47672253258847,30.722525804493017,77.06105407793203,73.66720516962843,70.49392293767778,77.906210735955,59.41921072226359,96.3932107496464,76.23403779766346,96.90346083788707,55.56461475743987,4100.0,2.630116E7
4200.0,436.708297102,0.002958568375904273,4200.0,72.52380952380952,48.17489401451463,-110.96892138939667,30.81534772182254,77.30227167282777,73.67700729927007,71.26494023904382,77.94550810014728,59.46244477172312,96.42857142857143,76.66956482207598,96.82254196642685,56.51658767772511,4200.0,2.6301912E7
4300.0,447.618290513,0.0030328022128280263,4300.0,72.86046511627907,48.80931492763263,-112.956204379562,30.119760479041922,77.5735215142658,73.48329925017042,72.2076684924982,77.91556659266328,59.20908092273892,96.62205226258763,77.23446642836001,96.82634730538922,57.6425855513308,4300.0,2.6301456E7
4400.0,458.306496277,0.0031055350349649857,4400.0,73.31818181818181,49.58808539342686,-110.3942652329749,31.264637002341917,77.90144561740625,73.81801962533453,72.79888785912884,78.1773044107835,59.61815561959655,96.73645320197043,77.62752678593178,96.89695550351288,58.35809806835067,4400.0,2.6304376E7
4500.0,469.348011086,0.003180676178914531,4500.0,73.62222222222222,50.113455348577276,-111.5864527629233,31.820792647903495,78.12726768208307,73.98641244795091,73.24768988054991,78.32860573613249,59.815733522324585,96.8414779499404,77.92696202434142,96.95577254451464,58.89815150416817,4500.0,2.63058E7
4600.0,480.185713439,0.0032544336540268766,4600.0,73.91304347826086,50.61881247905548,-113.52313167259793,31.310818546078977,78.34416960363438,73.84481255448998,73.98091934084997,78.30690816415762,59.626891939457934,96.9869243888573,78.3814665208456,96.96622781911849,59.79670522257273,4600.0,2.6306992E7
4700.0,490.95153911,0.0033277045025220907,4700.0,74.34042553191489,51.335538210127915,-113.4513274336284,32.58803801006147,78.63143915038759,74.20872540633019,74.47078746824725,78.55924889919646,60.0969864911673,97.0215113072256,78.70376219881834,96.98155394074902,60.42597045688767,4700.0,2.6307904E7
4800.0,501.859669097,0.003402013727461684,4800.0,74.66666666666667,51.88886168789581,-110.74523396880409,33.00275482093666,78.86613345461988,74.33516251582947,74.98971616618675,78.68469549916513,60.24632227163873,97.12306872669153,79.04841009454988,97.02479338842976,61.072026800670024,4800.0,2.6332664E7
4900.0,512.504290347,0.003474532770091179,4900.0,74.91836734693878,52.28706137230338,-110.8061749571184,32.8782086291644,79.0140211171632,74.2833228708935,75.52280422226649,78.67072980848366,60.210312075983715,97.1311475409836,79.36032156095227,96.9415619879847,61.779081133919846,4900.0,2.6334448E7
5000.0,523.060708945,0.003546453620043848,5000.0,75.24,52.801163272137494,-109.47546531302885,32.68080478520935,79.23243162606049,74.22980849292257,76.17397998460355,78.691532249711,60.13490725126476,97.24815724815726,79.78081839245604,96.95486677542142,62.60677000949067,5000.0,2.633544E7
5100.0,533.423958543,0.003617063386046698,5100.0,75.49019607843137,53.191220655484436,-110.79258010118036,32.505399568034555,79.40082396958339,74.18422139611731,76.67039940276223,78.70643059804404,60.06688963210702,97.34597156398104,80.10757907840281,96.97624190064795,63.23891625615764,5100.0,2.6337296E7
5200.0,544.083471237,0.0036896896601992762,5200.0,75.8076923076923,53.66540266957999,-110.72026800670021,32.2198275862069,79.60219054513719,74.10456978180322,77.30061349693251,78.7061279741319,59.96002664890073,97.45222929936305,80.51889127206732,96.98275862068965,64.05502392344498,5200.0,2.6336544E7
5300.0,555.069770243,0.0037645507892292793,5300.0,76.0377358490566,53.98588472066132,-110.61359867330015,31.79377013963481,79.74187597799171,73.98607128226136,77.7894368660371,78.67259207621704,59.80132450331126,97.54385964912281,80.8406268725916,96.99248120300751,64.68877254217568,5300.0,2.6339488E7
5400.0,566.046373454,0.003839352120640288,5400.0,76.03703703703704,53.92058799323885,-112.47947454844012,31.31634819532909,79.68403813224792,73.81626871711858,77.91054967565721,78.54245754859508,59.64682799215173,97.43808710503843,80.85929291392216,96.81528662420382,64.9032992036405,5400.0,2.6341696E7
5500.0,576.881021708,0.003913194671769033,5500.0,76.38181818181819,54.442002044610064,-111.21951219512194,31.55953635405691,79.90359971418722,73.8894472361809,78.43983402489626,78.62861878721294,59.73350666233345,97.52373091209245,81.22061037393463,96.83877766069547,65.6024430871738,5500.0,2.634476E7
5600.0,588.352936969,0.003991387176799288,5600.0,76.75,54.958116088858134,-111.02106969205832,31.473684210526308,80.1206349767174,73.86591730228824,79.06079125120618,78.6593245053525,59.70149253731343,97.61715647339157,81.63726884779517,96.84210526315789,66.43243243243244,5600.0,2.6347024E7
5700.0,600.076567468,0.004071298671177047,5700.0,77.08771929824562,55.49107794675646,-108.29346092503988,32.08528341133645,80.34375352315182,74.04610492845786,79.49120603015076,78.80354826980447,59.922804760373104,97.68429177923582,81.94536518553673,96.8798751950078,67.01085517606566,5700.0,2.6348112E7
5800.0,610.877543964,0.004144923672437735,5800.0,77.41379310344828,55.97949448608118,-105.00782472613446,32.4394017534812,80.54875856704501,74.15153906866612,79.94488671157379,78.90239243300586,60.05113454777884,97.75365031823287,82.26529453966278,96.90562145435791,67.62496762496762,5800.0,2.6349032E7
5900.0,621.130164842,0.004214814789418014,5900.0,77.66101694915254,56.38133712219585,-103.70942812983002,32.994407727503805,80.71882221174197,74.31800467653935,80.23395320935813,79.02949016753742,60.25276461295419,97.80621572212065,82.481954021161,96.94966954753431,68.01423849478769,5900.0,2.6350536E7
6000.0,631.240483495,0.004283744404072441,6000.0,77.9,56.71113913364169,-101.82648401826472,33.26623049823857,80.83147887564056,74.37185929648241,80.57427483152651,79.06532615447732,60.3702541575149,97.76039815143974,82.67833868061662,96.82939104177152,68.52728631946175,6000.0,2.6353808E7
6100.0,641.249125901,0.004351985331237592,6100.0,78.06557377049181,56.968740994294244,-99.4038748137109,33.99111988159842,80.88870489594964,74.53368861819565,80.73711488626547,79.13693965951012,60.675550046482805,97.59832927253743,82.71977941782984,96.59595461272818,68.8436042229315,6100.0,2.6355552E7
6200.0,651.510609095,0.004421954849691048,6200.0,78.25806451612904,57.302478751116915,-95.64586357039192,34.721549636803864,81.01439319840165,74.73763118440779,80.91732729331824,79.26795778914801,60.95995108529502,97.57596449300102,82.83951737807824,96.56174334140437,69.11729141475212,6200.0,2.6357312E7
6300.0,662.471034627,0.00449669343623063,6300.0,78.53968253968254,57.78275605802284,-93.41917024320462,35.52694325226515,81.21657660863217,74.98149518874907,81.21178432462479,79.44589184056215,61.26398548533414,97.62779819579018,83.06799047073467,96.6142107773009,69.52177016416844,6300.0,2.6358448E7
6400.0,673.318141816,0.004570661600551031,6400.0,78.734375,58.079455371733935,-92.50353606789248,35.771590372817364,81.34491798726859,75.05955653289354,81.46534114122292,79.51767916817174,61.35410425404434,97.68125408229915,83.2581082229622,96.64936290703162,69.86685353889278,6400.0,2.6359264E7
6500.0,684.114757947,0.004644289524988142,6500.0,79.03076923076922,58.58533351907098,-90.89635854341745,36.75174013921113,81.54006641966855,75.33924371268319,81.76100628930818,79.70500632560002,61.74377224199288,97.66624040920716,83.46161547929589,96.61252900232019,70.31070195627159,6500.0,2.636072E7
6600.0,695.074814896,0.004719041362861531,6600.0,79.24242424242425,58.961706670152346,-89.75069252077562,37.44292237442923,81.70013720812211,75.55317630264096,81.96419167983149,79.85904942206513,62.009373169302876,97.70872567482736,83.6281179138322,96.66666666666667,70.58956916099774,6600.0,2.6364008E7
6700.0,706.13586897,0.004794485474089586,6700.0,79.55223880597015,59.499000116397916,-87.41450068399446,38.37156995051734,81.92447627135704,75.83774250440916,82.27684346701164,80.06449782669203,62.37307803887438,97.75591761450968,83.87292837053603,96.7161493477283,71.02970739334376,6700.0,2.6365208E7
6800.0,717.07093632,0.004869076219926513,6800.0,79.61764705882352,59.571143899668755,-87.5507442489852,38.207757467677204,81.96187708875367,75.79462102689486,82.3977647955296,80.05091442469478,62.30261269020959,97.79921615917998,83.96630738930695,96.74543022737406,71.18718455123985,6800.0,2.6367312E7
6900.0,728.105704214,0.004944350016239048,6900.0,79.69565217391305,59.59582871831309,-89.0688259109312,37.59465478841872,81.9798767975383,75.6135770234987,82.60707635009311,79.95504201680671,62.05714285714286,97.85294117647058,84.1099328020975,96.74832962138085,71.47153598281419,6900.0,2.6368352E7
7000.0,739.323560296,0.005020877254743842,7000.0,79.84285714285714,59.86174592342935,-88.38451268357818,38.08688021061869,82.09460548081256,75.76850420745322,82.74428274428274,80.06689057144052,62.24604966139955,97.88773148148148,84.22769381881984,96.79684071961387,71.65854691802585,7000.0,2.6369904E7
7100.0,750.135150207,0.005094635486847141,7100.0,80.04225352112677,60.136237411099295,-88.43085106382976,38.1762652705061,82.21237307884077,75.79846285226304,83.01977231875375,80.10754121598616,62.27897838899804,97.93610404297426,84.43079887215316,96.8150087260035,72.04658901830283,7100.0,2.63708E7
7200.0,761.241760989,0.005170408324906853,7200.0,80.26388888888889,60.44873628625107,-88.71181938911016,38.35140997830803,82.34516044759542,75.85386576040781,83.31180270111568,80.16489706472423,62.3463687150838,97.98342541436465,84.64733370409843,96.83297180043384,72.46169560776302,7200.0,2.6371472E7
7300.0,771.907455471,0.005243181236688383,7300.0,80.41095890410959,60.70962208896841,-88.90356671070012,38.810440735986305,82.45721428745017,75.99865726753944,83.45290442027309,80.26996487449497,62.524164595415634,98.01576515357434,84.76700195912741,96.87633718442447,72.65766673383034,7300.0,2.6374424E7
7400.0,782.583693453,0.005316026927271603,7400.0,80.56756756756756,60.85844810801733,-89.96036988110964,38.468121523320505,82.52383515803083,75.89674824002682,83.72198324654744,80.225253141058,62.38633232295398,98.06417395916202,84.958018483581,96.87633718442447,73.03969978273751,7400.0,2.6374728E7
7500.0,793.202197196,0.005388480511864778,7500.0,80.80000000000001,61.143847419660055,-89.7233201581028,38.4352287302266,82.64504741766763,75.88747488278635,84.04962339388568,80.24246322340018,62.37269474263694,98.11223170416343,85.1959466114582,96.87900812312954,73.51288509978686,7500.0,2.6375392E7
7600.0,804.15543944,0.005463219579451457,7600.0,81.05263157894737,61.45396598326586,-89.72332015810275,38.435228730226584,82.77596260012012,75.88747488278635,84.39531859557869,80.26625662264189,62.37269474263694,98.15981850264683,85.44767741263871,96.87900812312954,74.01634670214789,7600.0,2.6375904E7
7700.0,815.376664546,0.00553979019138821,7700.0,81.22077922077922,61.6159458575993,-90.51383399209499,38.17870884993586,82.84726307272264,75.81130812980929,84.6529399278285,80.23613377715586,62.269854355592194,98.20241319871953,85.63405731655452,96.87900812312954,74.38910650997948,7700.0,2.6376928E7
7800.0,825.919145822,0.0056117301549852144,7800.0,81.46153846153847,61.90258467798079,-90.51383399209483,38.178708849935866,82.96838942666767,75.81130812980929,84.97193930575764,80.25773419533995,62.269854355592194,98.24561403508771,85.86854636150983,96.87900812312954,74.85808459989013,7800.0,2.6377264E7
7900.0,836.389557112,0.005683179864725403,7900.0,81.64556962025317,62.08942817619604,-91.04084321475618,38.00769559640872,83.04930767755855,75.76061517886994,85.23120798533306,80.24332982487839,62.201482294811974,98.28517735494479,86.05863731098033,96.87900812312954,75.23826649883114,7900.0,2.6377832E7
8000.0,847.40046056,0.005758320835965461,8000.0,81.83749999999999,62.2891400379678,-91.43610013175227,37.87943565626336,83.13522166866753,75.72263993316625,85.4917623564653,80.23684124987938,62.15030170049369,98.32338079926505,86.250844814082,96.87900812312954,75.62268150503445,8000.0,2.6378872E7
8100.0,858.894037902,0.005836757827191804,8100.0,82.06172839506173,62.54500594987441,-91.43610013175226,37.87943565626337,83.24350400444423,75.72263993316625,85.77581987273616,80.2556627496631,62.15030170049369,98.36102379883252,86.46241675033409,96.87900812312954,76.04582537753862,8100.0,2.6379592E7
8200.0,870.15383381,0.005913601050421161,8200.0,82.26829268292683,62.76979393361351,-91.56785243741777,37.83668234288156,83.33916594123048,75.70998997661208,86.03802573458806,80.26496087785748,62.13326021387442,98.39666154184054,86.65823806600088,96.87900812312954,76.43746800887222,8200.0,2.638016E7
8300.0,881.363834437,0.005990106205677371,8300.0,82.42168674698796,62.900617390685234,-92.22661396574429,37.62291577597266,83.39697805986485,75.6468035386413,86.24752568573852,80.23881239242685,62.048192771084345,98.42943201376936,86.81393788139367,96.87900812312954,76.74886763965777,8300.0,2.6380768E7
8400.0,892.731823051,0.006067719229609206,8400.0,82.60714285714286,63.08807070112454,-92.49011857707522,37.537409149209076,83.47736980525791,75.62155848489905,86.48098454705284,80.23804680045143,62.01423097974822,98.46186262115467,86.98924832818744,96.87900812312954,77.09948853324534,8400.0,2.6390848E7
8500.0,904.192468599,0.006145967082709867,8500.0,82.75294117647059,63.20519947352814,-93.14888010540182,37.3236425823001,83.52941269103272,75.55851950650218,86.67514997273223,80.21076801455456,61.92948893140202,98.49204709770709,87.13452110425264,96.87900812312954,77.39003408537575,8500.0,2.63916E7
8600.0,915.143291436,0.006220735354614259,8600.0,82.95348837209302,63.420180085892184,-93.1488801054019,37.32364258230013,83.62057808392088,75.55851950650218,86.91305124084985,80.22602760676557,61.92948893140202,98.52256628212912,87.31508304255821,96.87900812312954,77.7511579619869,8600.0,2.639204E7
8700.0,925.503753414,0.006291474291944762,8700.0,83.14942528735632,63.62780621732893,-93.14888010540182,37.32364258230016,83.70866843612637,75.55851950650218,87.14260656025259,80.240681779726,61.92948893140202,98.55187462804999,87.48996782512395,96.87900812312954,78.10092752711839,8700.0,2.6392576E7
8800.0,936.040769638,0.006363421101344073,8800.0,83.31818181818181,63.82147439030093,-92.39842726081271,37.39872068230275,83.79117002203587,75.58216899534264,87.33172247152227,80.26791677351896,61.95800381783474,98.57782972920319,87.63791972966857,96.88699360341151,78.38884585592564,8800.0,2.6393456E7
8900.0,947.066299337,0.006438706335966355,8900.0,83.438202247191,63.92851783015018,-92.67973856209156,37.30327520204166,83.83880203215432,75.55555555555554,87.47663551401868,80.26040007478112,61.91899972818701,98.60180042137522,87.75117965220987,96.89493832411739,78.60742098030234,8900.0,2.6394456E7
9000.0,958.265436538,0.006515181180560149,9000.0,83.57777777777777,64.03750416277649,-93.2026143790851,37.13313483623988,83.88697389888652,75.50546900894928,87.648336954705,80.23939830801066,61.851751289709476,98.62704532631183,87.88197059084499,96.89493832411739,78.86900285757257,9000.0,2.6395896E7
9100.0,969.777935807,0.006593801174292589,9100.0,83.67032967032966,64.06155794339602,-94.24836601307184,36.79285410463632,83.9009747631785,75.4054948692486,87.7775949991775,80.18404458407144,61.71769168247088,98.65039748567203,87.97925164835296,96.89493832411739,79.06356497258852,9100.0,2.639768E7
9200.0,982.186847119,0.0066785453968117615,9200.0,83.75,64.06231219853782,-95.42483660130705,36.41003828158231,83.90555296636835,75.29333994381095,87.89375657948013,80.12014742014742,61.56756756756757,98.67272727272727,88.06639163249234,96.89493832411739,79.23784494086728,9200.0,2.6398472E7
9300.0,993.348125246,0.006754775344198103,9300.0,83.73118279569893,64.03307457207464,-94.47300771208238,36.48194794290511,83.87468882513032,75.28989057651478,87.87368758515669,80.11470017698889,61.614541566426084,98.61485878755173,88.00498899304773,96.76742233417296,79.24255565192252,9300.0,2.6400616E7
9324.0,996.839074394,0.006778618125926078,9324.0,83.75160875160876,64.05696510961843,-93.73401534526852,36.53121072475911,83.87945483535297,75.29757052013697,87.89452656811825,80.12036551190637,61.63908168713294,98.60164933667981,88.0086467355762,96.73229995810641,79.28499351304599,9324.0,2.640072E7
