learning evaluation instances,evaluation time (cpu seconds),model cost (RAM-Hours),classified instances,classifications correct (percent),Kappa Statistic (percent),Kappa Temporal Statistic (percent),Kappa M Statistic (percent),F1 Score (percent),F1 Score for class 0 (percent),F1 Score for class 1 (percent),Precision (percent),Precision for class 0 (percent),Precision for class 1 (percent),Recall (percent),Recall for class 0 (percent),Recall for class 1 (percent),model training instances,model serialized size (bytes),tree size (nodes),tree size (leaves),active learning leaves,tree depth,active leaf byte size estimate,inactive leaf byte size estimate,byte size estimate overhead
100.0,0.219814655,5.993698371005141E-9,100.0,100.0,?,?,?,?,100.0,?,?,100.0,?,?,100.0,?,100.0,105400.0,1.0,1.0,1.0,0.0,0.0,0.0,1.0
200.0,0.2960555,8.498432845611953E-9,200.0,95.5,44.92044063647486,-125.0,-50.0,73.9455871065281,97.65013054830287,47.05882352941177,67.65271765271766,98.94179894179894,36.36363636363637,81.52920962199313,96.3917525773196,66.66666666666666,200.0,126992.0,1.0,1.0,1.0,0.0,0.0,0.0,1.0
300.0,0.340079525,9.947028480118347E-9,300.0,97.0,45.65217391304335,-125.00000000000063,-50.0,74.30692364736814,98.45626072041166,47.05882352941177,67.8357974205725,99.30795847750865,36.36363636363637,82.14285714285714,97.61904761904762,66.66666666666666,300.0,127192.0,1.0,1.0,1.0,0.0,0.0,0.0,1.0
400.0,0.372769239,1.1023010723470814E-8,400.0,97.75,46.01079784043188,-124.99999999999945,-49.99999999999963,74.48381363769552,98.85057471264368,47.05882352941177,67.92474877307781,99.48586118251927,36.36363636363637,82.44500846023688,98.22335025380711,66.66666666666666,400.0,127232.0,1.0,1.0,1.0,0.0,0.0,0.0,1.0
500.0,0.403148525,1.2023196700078745E-8,500.0,97.8,41.01244101244095,-83.33333333333334,-37.5,70.8812920912951,98.87869520897044,42.10526315789474,67.77282022680795,99.18200408997954,36.36363636363637,74.28861788617887,98.57723577235772,50.0,500.0,127264.0,1.0,1.0,1.0,0.0,0.0,0.0,1.0
600.0,0.429013146,1.2875762123285483E-8,600.0,97.83333333333334,36.9951534733443,-62.4999999999999,-29.999999999999265,68.52865898709457,98.89737065309583,38.0952380952381,67.6724803210372,98.98132427843804,36.36363636363637,69.40677966101696,98.8135593220339,40.0,600.0,127416.0,1.0,1.0,1.0,0.0,0.0,0.0,1.0
700.0,0.450828202,1.359926787275614E-8,700.0,96.42857142857143,22.62115316590042,-108.33333333333344,-13.636363636363427,62.45050106625347,98.17117776152158,24.242424242424246,66.87557725293574,97.38751814223512,36.36363636363637,58.574684902118534,98.96755162241888,18.181818181818183,700.0,128200.0,1.0,1.0,1.0,0.0,0.0,0.0,1.0
800.0,0.472888157,1.4335461344189115E-8,800.0,88.25,37.82657583173487,-623.076923076924,22.9508196721311,73.2472957184597,93.4540389972145,42.68292682926828,85.92788038698329,88.52242744063325,83.33333333333334,63.82803810629141,98.96755162241888,28.688524590163933,800.0,129000.0,1.0,1.0,1.0,0.0,0.0,0.0,1.0
900.0,0.494338092,1.5052051668336823E-8,900.0,88.33333333333333,60.07199716067535,-275.00000000000034,47.76119402985074,82.10884427641606,92.93880295897782,66.45367412140574,90.27374909354606,87.69035532994924,92.85714285714286,75.29840070036086,98.85550786838341,51.741293532338304,900.0,129136.0,1.0,1.0,1.0,0.0,0.0,0.0,1.0
1000.0,0.516441455,1.5790883144982574E-8,1000.0,88.8,66.68827962809844,-75.00000000000013,56.42023346303503,84.81718868705023,92.9113924050633,73.33333333333333,91.08633668301192,87.69414575866189,94.47852760736197,79.35543673507863,98.78869448183042,59.92217898832685,1000.0,129208.0,1.0,1.0,1.0,0.0,0.0,0.0,1.0
1100.0,0.538350738,1.652345398223028E-8,1100.0,84.63636363636363,57.342817806333166,-76.04166666666671,47.99999999999998,81.1926472559733,90.06466784244563,66.13226452905812,88.77448424815671,82.72138228941685,94.82758620689656,74.80397022332505,98.83870967741936,50.76923076923077,1100.0,129248.0,1.0,1.0,1.0,0.0,0.0,0.0,1.0
1200.0,0.560588338,1.7267232722596577E-8,1200.0,83.41666666666666,54.20163554628166,-70.08547008547009,44.56824512534818,79.68143451266718,89.26065839179708,63.61974405850091,87.13627953914724,81.7193675889328,92.5531914893617,73.40164083744315,98.33531510107015,48.467966573816156,1200.0,129288.0,1.0,1.0,1.0,0.0,0.0,0.0,1.0
1300.0,0.581045976,1.795147725539282E-8,1300.0,80.76923076923077,48.87638151747484,-100.0,40.334128878281625,77.70627129107301,87.3991935483871,59.41558441558441,85.74860440607297,78.60380779691751,92.89340101522842,71.04315718469194,98.41089670828603,43.67541766109785,1300.0,129288.0,1.0,1.0,1.0,0.0,0.0,0.0,1.0
1400.0,0.602771079,1.8678564184817177E-8,1400.0,79.92857142857143,48.96714906158707,-93.79310344827594,41.213389121338906,77.6958838055079,86.57429526994744,60.254596888260245,85.19143493226034,77.36976942783946,93.01310043668121,71.41265576924822,98.2646420824295,44.56066945606695,1400.0,129368.0,1.0,1.0,1.0,0.0,0.0,0.0,1.0
1500.0,0.623164414,1.9361122249518006E-8,1500.0,78.06666666666666,45.56344864101657,-83.79888268156435,38.50467289719625,76.33175484395336,85.20017993702204,57.65765765765766,83.92010143347042,75.27821939586646,92.56198347107438,70.00193695220571,98.13471502590674,41.86915887850468,1500.0,129376.0,1.0,1.0,1.0,0.0,0.0,0.0,1.0
1600.0,0.643464788,2.0040694982119736E-8,1600.0,76.75,43.673487928410815,-66.81614349775784,37.373737373737356,75.67142252613307,84.15672913117547,56.33802816901407,83.32235816032994,73.6214605067064,93.02325581395348,69.30738799526075,98.2107355864811,40.4040404040404,1600.0,129400.0,1.0,1.0,1.0,0.0,0.0,0.0,1.0
1700.0,0.660573029,2.0613514499213137E-8,1700.0,76.8235294117647,45.48683398795795,-64.16666666666664,39.66309341500765,76.28004095995105,83.892068683565,58.70020964360586,83.18067722792027,73.33809864188706,93.02325581395348,70.4366446245453,97.99426934097421,42.87901990811638,1700.0,129424.0,1.0,1.0,1.0,0.0,0.0,0.0,1.0
1800.0,0.678688005,2.061598889583929E-8,1800.0,77.66666666666666,48.19587628865977,-41.5492957746479,42.57142857142855,77.34997865437809,84.28459734167319,61.420345489443385,83.75207566240704,73.93689986282578,93.56725146198829,71.85714285714285,98.0,45.714285714285715,1800.0,528.0,3.0,2.0,2.0,1.0,0.0,0.0,1.0
1900.0,0.800746207,2.8519218978025023E-8,1900.0,77.42105263157895,49.197101037373876,-42.05298013245036,44.14062499999999,77.48633167586812,83.7067983289024,63.239074550128535,82.94946226325307,73.41772151898735,92.4812030075188,72.69834916077738,97.34982332155478,48.046875,1900.0,250288.0,3.0,2.0,2.0,1.0,0.0,0.0,1.0
2000.0,0.847284695,3.1562718406207864E-8,2000.0,77.05,48.84539942938659,-37.425149700598794,43.19306930693069,76.52128447752882,83.16831683168317,63.94344069128045,80.70155160940071,73.87622149837134,87.52688172043011,72.75275765831617,95.13422818791946,50.37128712871287,2000.0,252792.0,3.0,2.0,2.0,1.0,0.0,0.0,1.0
2100.0,0.878061402,3.358409982379733E-8,2100.0,77.61904761904762,51.514401254435924,-26.68463611859839,46.71201814058958,77.51507704470518,83.04473304473305,67.08683473389355,80.89793089793089,74.06692406692407,87.72893772893772,74.40378450230666,94.4991789819376,54.30839002267574,2100.0,253880.0,3.0,2.0,2.0,1.0,0.0,0.0,1.0
2200.0,0.907232011,3.5504461933904226E-8,2200.0,78.18181818181819,53.75337762381702,-20.603015075376863,49.73821989528797,78.34286878847028,82.95454545454545,69.6969696969697,81.05294795675594,74.3475493316359,87.75834658187598,75.80815408229778,93.81526104417671,57.80104712041884,2200.0,254472.0,3.0,2.0,2.0,1.0,0.0,0.0,1.0
2300.0,0.932239878,3.715533661008502E-8,2300.0,78.52173913043478,54.91251949412499,-21.37592137592134,51.33004926108376,78.80169847408105,82.95376121463077,70.97532314923619,81.21900750001578,74.5195288282703,87.91848617176127,76.52412259684499,93.5408560311284,59.50738916256157,2300.0,255176.0,3.0,2.0,2.0,1.0,0.0,0.0,1.0
2400.0,0.958348718,3.8882295358452116E-8,2400.0,78.79166666666667,55.771052197109924,-18.097447795823655,52.340823970037455,79.01087305683464,82.9137294394092,72.04832509610105,81.05150738878125,74.98482088646024,87.11819389110225,77.07046934575024,92.71771771771772,61.42322097378277,2400.0,255680.0,3.0,2.0,2.0,1.0,0.0,0.0,1.0
2500.0,1.095700162,5.1543384269978845E-8,2500.0,79.32000000000001,57.04701465951326,-12.636165577342048,53.7567084078712,79.51296517758257,83.16509280364703,73.19854847071021,81.32994446549407,75.60686796921256,87.05302096177559,77.77539745617692,92.40231548480463,63.1484794275492,2500.0,356320.0,5.0,3.0,3.0,2.0,0.0,0.0,1.0
2600.0,1.120690926,5.398906480735167E-8,2600.0,80.0,59.2244441012971,-13.289760348583856,57.30706075533662,80.5356041035362,83.08392973324659,75.54092191909689,81.95446829339416,75.47281323877068,88.43612334801763,79.16503294765683,92.40231548480463,65.92775041050903,2600.0,378288.0,5.0,3.0,3.0,2.0,0.0,0.0,1.0
2700.0,1.145465375,5.641942118943358E-8,2700.0,80.55555555555556,60.87271916245813,-14.37908496732022,60.16691957511381,81.31557019728483,82.94900941864242,77.38043946574753,82.39092386952284,75.25044195639363,89.53140578265204,80.26792557244784,92.40231548480463,68.13353566009106,2700.0,379200.0,5.0,3.0,3.0,2.0,0.0,0.0,1.0
2800.0,1.17000406,5.88284267746119E-8,2800.0,80.85714285714286,61.822274138864366,-16.775599128540286,61.21562952243127,81.78190526810933,82.6537216828479,78.64541832669325,82.57521167357234,74.76580796252928,90.38461538461539,81.00369652942629,92.40231548480463,69.60507757404795,2800.0,379480.0,5.0,3.0,3.0,2.0,0.0,0.0,1.0
2900.0,1.193757878,6.1163231935112E-8,2900.0,81.3103448275862,62.93714736292074,-18.082788671023955,60.78147612156296,82.31315959316244,82.49354005167959,79.95562130177515,82.82539782487638,74.50408401400233,91.14671163575042,81.80721834846292,92.40231548480463,71.21212121212122,2900.0,379944.0,5.0,3.0,3.0,2.0,0.0,0.0,1.0
3000.0,1.218045165,6.355268438036863E-8,3000.0,81.86666666666666,64.13956039319916,-18.518518518518505,60.63675832127351,82.87672417954272,82.44028405422854,81.25430737422468,83.11983966189574,74.41724941724942,91.82242990654206,82.63502671644434,92.40231548480463,72.86773794808406,3000.0,380296.0,5.0,3.0,3.0,2.0,0.0,0.0,1.0
3100.0,1.242006335,6.591198652345894E-8,3100.0,82.38709677419355,65.18321290282236,-18.95424836601308,60.492040520984084,83.3664662406561,82.38709677419355,82.38709677419355,83.3664662406561,74.33061699650757,92.40231548480463,83.3664662406561,92.40231548480463,74.33061699650757,3100.0,380608.0,5.0,3.0,3.0,2.0,0.0,0.0,1.0
3200.0,1.266572017,6.833314976991672E-8,3200.0,82.8125,65.96324029952349,-18.790496760259202,60.37463976945244,83.7007121849202,82.3037323037323,83.29283110571083,83.49780012570712,74.36046511627907,92.63513513513514,83.90461285951486,92.14697406340058,75.66225165562915,3200.0,380976.0,5.0,3.0,3.0,2.0,0.0,0.0,1.0
3300.0,1.289851863,7.063105157731929E-8,3300.0,82.72727272727273,65.70550932514787,-20.50739957716704,59.88740323715693,83.46334826606736,81.95060164661179,83.43986054619408,83.18542902195306,74.49625791594704,91.87460012795906,83.74313076976951,91.06263194933145,76.42362959020755,3300.0,381552.0,5.0,3.0,3.0,2.0,0.0,0.0,1.0
3400.0,1.31213864,7.283249799763784E-8,3400.0,83.11764705882354,66.35922950983006,-20.33542976939206,59.77575332866153,83.74916142824253,81.86986734049275,84.20473307649972,83.31938712381152,74.52558941920644,92.11318482841662,84.18339240574669,90.81990189208129,77.54688291941207,3400.0,381824.0,5.0,3.0,3.0,2.0,0.0,0.0,1.0
3500.0,1.335476605,7.513971083078741E-8,3500.0,83.37142857142858,66.82116461132713,-19.75308641975303,60.46195652173913,83.92443513991861,82.08128078817735,84.48827292110875,83.4968306473527,75.05630630630631,91.93735498839906,84.35644187891262,90.55706521739131,78.15581854043393,3500.0,382144.0,5.0,3.0,3.0,2.0,0.0,0.0,1.0
3600.0,1.358313855,7.739874591021696E-8,3600.0,83.52777777777777,67.08450899671585,-20.28397565922922,60.85808580858085,84.00169832479838,82.16541353383458,84.69677419354839,83.5727954566499,75.4696132596685,91.67597765363128,84.4350262364366,90.16501650165016,78.70503597122303,3600.0,382368.0,5.0,3.0,3.0,2.0,0.0,0.0,1.0
3700.0,1.380497224,7.959571673386628E-8,3700.0,83.54054054054055,67.06439434910193,-22.53521126760566,60.986547085201806,83.93246643623073,82.11453744493392,84.75594493116397,83.51556071882713,75.81344902386117,91.21767241379311,84.3535553832474,89.55797565663036,79.14913510986442,3700.0,382824.0,5.0,3.0,3.0,2.0,0.0,0.0,1.0
3800.0,1.403460471,8.187058956038001E-8,3800.0,83.86842105263158,67.6465032556279,-18.339768339768362,61.32492113564669,84.20758849306446,82.24732116999711,85.21823004581624,83.73837897508878,76.017130620985,91.45962732919256,84.68208586423225,89.58990536277602,79.77426636568849,3800.0,382936.0,5.0,3.0,3.0,2.0,0.0,0.0,1.0
3900.0,1.425719683,8.407668400801927E-8,3900.0,84.07692307692308,68.05392066598324,-16.074766355140184,62.06475259621259,84.37317920857006,82.50211327134406,85.39167254763585,83.93341218861285,76.56903765690377,91.29778672032192,84.81757879742402,89.43188759926696,80.20326999558108,3900.0,383104.0,5.0,3.0,3.0,2.0,0.0,0.0,1.0
4000.0,1.447782318,8.626370679956345E-8,4000.0,84.25,68.27253789228426,-17.75700934579434,61.51496640195481,84.4916759678878,82.29342327150084,85.81719945970285,83.94449940519696,76.21030713170224,91.67869167869168,85.0460326697139,89.43188759926696,80.6601777401608,4000.0,383176.0,5.0,3.0,3.0,2.0,0.0,0.0,1.0
4100.0,1.470452183,8.85116267942389E-8,4100.0,84.51219512195122,68.65162619011839,-18.249534450651787,61.445051608986034,84.65712163401862,82.2278197593059,86.27620488437432,84.04219698294104,76.27206645898235,91.81232750689972,85.28111124229628,89.19247115968427,81.36975132490828,4100.0,383296.0,5.0,3.0,3.0,2.0,0.0,0.0,1.0
4200.0,1.492614767,9.070942880918585E-8,4200.0,84.78571428571429,69.09613981561318,-16.819012797074926,61.69064748201439,84.85883578690515,82.30407089448906,86.65692211317602,84.20793455301525,76.47967061245497,91.93619849357553,85.51987793651334,89.08872901678657,81.95102685624013,4200.0,383328.0,5.0,3.0,3.0,2.0,0.0,0.0,1.0
4300.0,1.520998969,9.352444640970895E-8,4300.0,85.13953488372094,69.63263411507262,-16.605839416058338,61.736526946107794,85.11885879098254,82.32365145228215,87.1815446339017,84.38780912459953,76.5038560411311,92.27176220806794,85.86268527583616,89.10179640718563,82.6235741444867,4300.0,383360.0,5.0,3.0,3.0,2.0,0.0,0.0,1.0
4400.0,1.548457486,9.624942040922537E-8,4400.0,85.20454545454545,69.71644852303724,-16.66666666666665,61.885245901639344,85.13152635652696,82.32419223459137,87.27770177838578,84.42098394884509,76.75949367088609,92.08247422680412,85.85413107098489,88.75878220140515,82.94947994056464,4400.0,383608.0,5.0,3.0,3.0,2.0,0.0,0.0,1.0
4500.0,1.575632227,9.894679498386054E-8,4500.0,85.37777777777778,70.01698126390423,-17.29055258467022,62.20562894887994,85.26583818467921,82.43459690336358,87.47620860296917,84.55584485679589,77.0074812967581,92.10420841683367,85.9878557335931,88.68466398621482,83.29104748097137,4500.0,383688.0,5.0,3.0,3.0,2.0,0.0,0.0,1.0
4600.0,1.599643285,1.0133048909894297E-7,4600.0,85.60869565217392,70.32074684275396,-17.793594306049812,62.10646823125359,85.41070650489651,82.38424693986164,87.8353546490261,84.64513157548508,76.97662854301342,92.31363460795674,86.19025635253544,88.6090440755581,83.7714686295128,4600.0,383744.0,5.0,3.0,3.0,2.0,0.0,0.0,1.0
4700.0,1.62244992,1.0359536951656147E-7,4700.0,85.70212765957447,70.48374914700615,-18.938053097345158,62.43711570709893,85.46456066615316,82.4634655532359,87.93103448275862,84.73561742078618,77.33724914341654,92.13398569815581,86.20615429341376,88.31749580771381,84.09481277911371,4700.0,383872.0,5.0,3.0,3.0,2.0,0.0,0.0,1.0
4800.0,1.644801653,1.0581604598889959E-7,4800.0,85.75,70.52097390685987,-18.544194107452277,62.314049586776875,85.48186834583642,82.4074074074074,88.02521008403362,84.7342621382254,77.27930535455862,92.18921892189219,86.24278416877777,88.26446280991735,84.2211055276382,4800.0,384040.0,5.0,3.0,3.0,2.0,0.0,0.0,1.0
4900.0,1.666707633,1.0799311631765842E-7,4900.0,85.83673469387755,70.57185923438371,-19.039451114922855,62.097214636810484,85.49712871826843,82.2868810617662,88.20129207752466,84.72738744118917,77.2400574988021,92.21471738357624,86.2809842937043,88.0393227744402,84.52264581296839,4900.0,384160.0,5.0,3.0,3.0,2.0,0.0,0.0,1.0
5000.0,1.688630459,1.1017231455951312E-7,5000.0,86.08,70.92059869473599,-17.766497461928953,62.15334420880914,85.66971782087394,82.3170731707317,88.52242744063325,84.85464940072353,77.25321888412017,92.4560799173269,86.50059632769485,88.09135399673735,84.90983865865232,5000.0,384240.0,5.0,3.0,3.0,2.0,0.0,0.0,1.0
5100.0,1.71048034,1.1234439749957377E-7,5100.0,86.2156862745098,71.04189100255974,-18.549747048903804,62.041036717062646,85.71396135145396,82.22503160556258,88.7429943955164,84.88862138410403,77.31811697574894,92.45912579245913,86.55550782538381,87.79697624190065,85.31403940886699,5100.0,384264.0,5.0,3.0,3.0,2.0,0.0,0.0,1.0
5200.0,1.732831063,1.1456673139997452E-7,5200.0,86.4423076923077,71.33561939457326,-18.09045226130653,62.01508620689656,85.85981140526961,82.21941992433796,89.04428904428904,84.98813223480765,77.2878141299194,92.68845033969589,86.74955659132156,87.82327586206897,85.67583732057416,5200.0,384344.0,5.0,3.0,3.0,2.0,0.0,0.0,1.0
5300.0,1.75459104,1.1673041745476429E-7,5300.0,86.66037735849056,71.61005699960482,-17.247097844112748,62.030075187969935,85.99017226052419,82.21383647798743,89.32830188679245,85.08837294670984,77.33080927591102,92.84593661750863,86.91129156723771,87.75510204081633,86.0674810936591,5300.0,384360.0,5.0,3.0,3.0,2.0,0.0,0.0,1.0
5400.0,1.778197093,1.1907864371690696E-7,5400.0,86.62962962962963,71.43686042831524,-18.555008210180606,61.67728237791934,85.89064713405556,82.01295465869458,89.36044798113764,84.9993539216953,77.27699530516432,92.7217125382263,86.80083041673008,87.36730360934183,86.23435722411831,5400.0,384520.0,5.0,3.0,3.0,2.0,0.0,0.0,1.0
5500.0,1.800222378,1.2126975888634104E-7,5500.0,86.74545454545455,71.54500509273085,-18.53658536585364,61.591148577449964,85.93911596843175,81.9599109131403,89.52435694783732,85.03301547347941,77.27484834344376,92.79118260351504,86.86473502310214,87.24973656480506,86.47973348139922,5500.0,384544.0,5.0,3.0,3.0,2.0,0.0,0.0,1.0
5600.0,1.822873517,1.2352322890097692E-7,5600.0,86.98214285714285,71.8474587959451,-18.152350081037287,61.6315789473684,86.08763928320018,81.97775030902349,89.81132075471699,85.14584788101432,77.2960372960373,92.99565846599131,87.05049786628733,87.26315789473685,86.83783783783784,5600.0,384560.0,5.0,3.0,3.0,2.0,0.0,0.0,1.0
5700.0,1.844896373,1.2571423916498617E-7,5700.0,87.10526315789474,72.0129960703962,-17.224880382775094,61.77847113884556,86.15847988525923,82.00734394124846,89.95215311004785,85.2324753214603,77.47456059204441,92.9903900508762,87.10482652824778,87.10348413936558,87.10616891713,5700.0,384568.0,5.0,3.0,3.0,2.0,0.0,0.0,1.0
5800.0,1.867240834,1.2793789269172487E-7,5800.0,87.1551724137931,71.97937536768559,-16.58841940532077,61.57813305827746,86.13059605068477,81.87788859158356,90.05207637868874,85.21497925892535,77.48618784530386,92.94377067254686,87.0661027700739,86.79731820526044,87.33488733488734,5800.0,384680.0,5.0,3.0,3.0,2.0,0.0,0.0,1.0
5900.0,1.890478118,1.3025188812951251E-7,5900.0,87.2542372881356,72.1318261103333,-16.22874806800618,61.7691916624301,86.19715583939802,81.93176357520423,90.15449070437288,85.30250630957981,77.67653758542141,92.9284750337382,87.11077037583385,86.68022369089985,87.54131706076787,5900.0,384928.0,5.0,3.0,3.0,2.0,0.0,0.0,1.0
6000.0,1.912784467,1.3247341081719643E-7,6000.0,87.33333333333333,72.21137152116536,-15.677321156773202,61.75138399597383,86.23362577032006,81.91337458353163,90.25391125929725,85.33488792339966,77.69751693002257,92.97225891677675,87.15149593714739,86.61298439859084,87.69000747570395,6000.0,384968.0,5.0,3.0,3.0,2.0,0.0,0.0,1.0
6100.0,1.934522349,1.3463867893616155E-7,6100.0,87.31147540983606,72.18507137067732,-15.35022354694483,61.81549087321165,86.2138749335041,81.91588785046729,90.22727272727273,85.34246744455677,77.80736795383932,92.87756693527423,87.10326138500244,86.48248643315245,87.72403633685244,6100.0,385032.0,5.0,3.0,3.0,2.0,0.0,0.0,1.0
6200.0,1.956152556,1.3679366941793928E-7,6200.0,87.17741935483872,71.85731447181507,-15.384615384615385,61.501210653753034,86.0307780354536,81.68624740843123,90.1352525127187,85.22921895630333,77.89982425307556,92.55861365953109,86.84755717301368,85.8595641646489,87.83555018137848,6200.0,385112.0,5.0,3.0,3.0,2.0,0.0,0.0,1.0
6300.0,1.978414134,1.390117008211878E-7,6300.0,87.22222222222223,71.91722383691955,-15.164520743919919,61.61182641869337,86.05228717241758,81.70038645146623,90.18412388733081,85.2794012123351,78.06255430060817,92.49624812406203,86.8393105680696,85.69384835479255,87.98477278134665,6300.0,385136.0,5.0,3.0,3.0,2.0,0.0,0.0,1.0
6400.0,2.002180358,1.4137994268669026E-7,6400.0,87.34375,72.1049255146625,-14.568599717114584,61.774421897121265,86.14311423873397,81.76497073390365,90.30868628858578,85.37141937631714,78.17477399913905,92.56806475349522,86.92888746757819,85.70080226521945,88.15697266993693,6400.0,385184.0,5.0,3.0,3.0,2.0,0.0,0.0,1.0
6500.0,2.02472686,1.4362738905302355E-7,6500.0,87.52307692307693,72.50348433509707,-13.585434173669475,62.36658932714618,86.3391896138617,82.02969200088633,90.44420878991397,85.57963909704227,78.49872773536896,92.66055045871559,87.11234344086998,85.89327146171694,88.33141542002302,6500.0,385312.0,5.0,3.0,3.0,2.0,0.0,0.0,1.0
6600.0,2.046121868,1.4576027532940113E-7,6600.0,87.42424242424242,72.270816629006,-14.9584487534626,62.100456621004575,86.21592180187602,81.8698121450415,90.3734632335885,85.48666886187823,78.47571189279732,92.49762583095917,86.95772372876091,85.57077625570776,88.34467120181407,6600.0,385352.0,5.0,3.0,3.0,2.0,0.0,0.0,1.0
6700.0,2.067737828,1.4791639638170602E-7,6700.0,87.5223880597015,72.45877199322828,-14.363885088919256,62.393162393162406,86.30317500663804,81.97498921949116,90.45879936087651,85.6008851716832,78.71635610766046,92.48541423570596,87.01708366780136,85.51506972559604,88.5190976100067,6700.0,385568.0,5.0,3.0,3.0,2.0,0.0,0.0,1.0
6800.0,2.090279512,1.5016508862617117E-7,6800.0,87.6470588235294,72.65283317510087,-13.667117726657683,62.55015604101649,86.3986872613853,82.04360837964943,90.58507061197041,85.6931772476132,78.80903490759754,92.57731958762886,87.11591060712034,85.55506018724923,88.67676102699144,6800.0,385608.0,5.0,3.0,3.0,2.0,0.0,0.0,1.0
6900.0,2.112480874,1.5237987729469935E-7,6900.0,87.82608695652175,72.86982994962945,-13.360323886639664,62.5835189309577,86.50630785067398,82.05894916702263,90.78745338890107,85.78336757128852,78.82642593352483,92.74030920905221,87.2415368679414,85.56792873051225,88.91514500537056,6900.0,385616.0,5.0,3.0,3.0,2.0,0.0,0.0,1.0
7000.0,2.133931947,1.5451990657212834E-7,7000.0,87.85714285714286,72.92073329744004,-13.484646194926597,62.70293988591488,86.52558723114493,82.08263069139964,90.81676750216076,85.83248164490296,78.98580121703854,92.67916207276737,87.22997773338975,85.43220710838087,89.02774835839864,7000.0,385632.0,5.0,3.0,3.0,2.0,0.0,0.0,1.0
7100.0,2.155173583,1.566391736141344E-7,7100.0,87.97183098591549,73.04890117177762,-13.563829787234063,62.739965095986015,86.58586038921625,82.08140998741082,90.94763620945517,85.89947647492417,79.06224737267583,92.7367055771725,87.28330182679827,85.34031413612566,89.22628951747087,7100.0,385656.0,5.0,3.0,3.0,2.0,0.0,0.0,1.0
7200.0,2.177073202,1.588241326034566E-7,7200.0,88.13888888888889,73.30940694950327,-13.4130146082337,62.950108459869845,86.7151671976272,82.17863105175292,91.11157368859283,86.0212378716877,79.17169280257338,92.87078294080203,87.42038336520288,85.42299349240781,89.41777323799795,7200.0,385664.0,5.0,3.0,3.0,2.0,0.0,0.0,1.0
7300.0,2.199701064,1.6108259248111814E-7,7300.0,88.10958904109589,73.22401623698632,-14.663143989431921,62.85836542575953,86.66828537346264,82.11046990931575,91.09560935576528,85.99737001190351,79.20477137176938,92.78996865203762,87.34975144697204,85.2374839537869,89.46201894015717,7300.0,385808.0,5.0,3.0,3.0,2.0,0.0,0.0,1.0
7400.0,2.220912837,1.631997581071883E-7,7400.0,88.27027027027027,73.40255713427378,-14.663143989431978,62.85836542575952,86.75698532506615,82.11046990931575,91.27462806594289,86.07116767155512,79.20477137176938,92.93756397134084,87.45381999387942,85.2374839537869,89.67015603397195,7400.0,385816.0,5.0,3.0,3.0,2.0,0.0,0.0,1.0
7500.0,2.242126285,1.6531709091647428E-7,7500.0,88.37333333333333,73.47583595932021,-14.888010540184466,62.71911073108166,86.79540973344318,82.05761316872427,91.40039447731756,86.08324737797997,79.09559698532328,93.07089777063668,87.51945375165917,85.25010688328345,89.78880062003488,7500.0,385816.0,5.0,3.0,3.0,2.0,0.0,0.0,1.0
7600.0,2.263880431,1.674884362888233E-7,7600.0,88.52631578947368,73.64171843968455,-14.888010540184402,62.71911073108166,86.87780440274148,82.05761316872427,91.56673114119923,86.15146063087782,79.09559698532328,93.20732427643237,87.61649993470388,85.25010688328345,89.98289298612431,7600.0,385824.0,5.0,3.0,3.0,2.0,0.0,0.0,1.0
7700.0,2.286088377,1.6970516869887505E-7,7700.0,88.64935064935065,73.74741201474275,-15.151515151515246,62.633604104318074,86.93130822156559,82.02385849444673,91.70620611121656,86.18440308596875,79.03289734443123,93.33590882750627,87.69127243063632,85.25010688328345,90.13243797798918,7700.0,385840.0,5.0,3.0,3.0,2.0,0.0,0.0,1.0
7800.0,2.307756544,1.7186802194317392E-7,7800.0,88.7948717948718,73.90146459137141,-15.151515151515097,62.633604104318096,87.0078205834107,82.02385849444673,91.86068169119017,86.24754588654193,79.03289734443123,93.46219442865265,87.78161817337585,85.25010688328345,90.31312946346823,7800.0,385840.0,5.0,3.0,3.0,2.0,0.0,0.0,1.0
7900.0,2.329568086,1.7404518646188292E-7,7900.0,88.9367088607595,74.04988708697937,-15.151515151515113,62.63360410431809,87.08153800734992,82.02385849444673,92.00950813677089,86.30834006146613,79.03289734443123,93.58378277850102,87.86871465365395,85.25010688328345,90.48732242402446,7900.0,385840.0,5.0,3.0,3.0,2.0,0.0,0.0,1.0
8000.0,2.350825295,1.761671510591234E-7,8000.0,89.03750000000001,74.1139220610631,-15.54677206851112,62.50534416417274,87.1148272854028,81.9732785200411,92.1239335428828,86.31825651875953,78.93903404592241,93.69747899159664,87.92623697811938,85.25010688328345,90.6023670729553,8000.0,385864.0,5.0,3.0,3.0,2.0,0.0,0.0,1.0
8100.0,2.372086087,1.7828951732467865E-7,8100.0,89.17283950617283,74.2525083117457,-15.54677206851115,62.50534416417274,87.18364934021118,81.9732785200411,92.26290251433612,86.37479151165873,78.93903404592241,93.81054897739504,88.00779949267454,85.25010688328345,90.76549210206562,8100.0,385872.0,5.0,3.0,3.0,2.0,0.0,0.0,1.0
8200.0,2.393338979,1.8041113895497807E-7,8200.0,89.3048780487805,74.3862917901216,-15.546772068511217,62.50534416417274,87.25008745604693,81.9732785200411,92.39705244906806,86.42933373075113,78.93903404592241,93.91963341557984,88.08657877861495,85.25010688328345,90.92305067394642,8200.0,385880.0,5.0,3.0,3.0,2.0,0.0,0.0,1.0
8300.0,2.460112878,1.883945630790397E-7,8300.0,89.42168674698794,74.4896941150706,-15.678524374176527,62.46259085079093,87.30192527178285,81.95643238799836,92.51747059826147,86.46585009388643,78.90779580530273,94.02390438247012,88.15432705345184,85.25010688328345,91.0585472236202,8300.0,462152.0,7.0,4.0,4.0,2.0,0.0,0.0,1.0
8400.0,2.486274846,1.9152511629855679E-7,8400.0,89.5,74.51216255741456,-16.205533596837995,62.2915775972638,87.3150373045939,81.88911704312115,92.60687342833194,86.45237292367622,78.78308968787042,94.12165615948203,88.19509138917513,85.25010688328345,91.14007589506681,8400.0,462544.0,7.0,4.0,4.0,2.0,0.0,0.0,1.0
8500.0,2.513932862,1.9483623282739897E-7,8500.0,89.62352941176471,74.63371826787103,-16.205533596837945,62.29157759726377,87.37538783163475,81.88911704312115,92.7287716405606,86.50161353215768,78.78308968787042,94.22013737644497,88.26699468494638,85.25010688328345,91.28388248660931,8500.0,462760.0,7.0,4.0,4.0,2.0,0.0,0.0,1.0
8600.0,2.536799558,1.975746965488233E-7,8600.0,89.74418604651163,74.75133298462133,-16.20553359683792,62.2915775972638,87.4337826375287,81.88911704312115,92.84671532846716,86.54923144798859,78.78308968787042,94.31537320810676,88.3366011177318,85.25010688328345,91.42309535218016,8600.0,462920.0,7.0,4.0,4.0,2.0,0.0,0.0,1.0
8700.0,2.561508793,2.005346879200203E-7,8700.0,89.86206896551724,74.86519530851045,-16.20553359683799,62.29157759726378,87.49031527839584,81.88911704312115,92.96089385474859,86.59530558311496,78.78308968787042,94.40752147835954,88.40401901309276,85.25010688328345,91.55793114290206,8700.0,463056.0,7.0,4.0,4.0,2.0,0.0,0.0,1.0
8800.0,2.584677344,2.0331088345483156E-7,8800.0,89.97727272727273,75.01341625280439,-15.596330275229391,62.38805970149254,87.5638830514543,81.93363375665712,93.0649473187608,86.66236270339327,78.83326763894364,94.49145776784289,88.48435701320771,85.28784648187633,91.68086754453911,8800.0,463184.0,7.0,4.0,4.0,2.0,0.0,0.0,1.0
8900.0,2.608459707,2.062892418053043E-7,8900.0,90.07865168539327,75.1269306087352,-15.42483660130714,62.44151424925565,87.6195149219114,81.95381156754547,93.1587510653134,86.71646938541654,78.87490165224233,94.55803711859076,88.54156660463389,85.28285835814548,91.80027485112231,8900.0,484088.0,7.0,4.0,4.0,2.0,0.0,0.0,1.0
9000.0,2.632308188,2.0928274098798637E-7,9000.0,90.18888888888888,75.23104291178959,-15.424836601307282,62.441514249255626,87.6712136419475,81.95381156754547,93.26314183260853,86.7586028855823,78.87490165224233,94.64230411892227,88.60322794580458,85.28285835814548,91.92359753346368,9000.0,485200.0,7.0,4.0,4.0,2.0,0.0,0.0,1.0
9100.0,2.656505243,2.1232089514287813E-7,9100.0,90.25274725274726,75.23365667417622,-15.947712418300563,62.27137388345386,87.6743887811847,81.88686951194609,93.33233105314591,86.73588156738113,78.75098193244304,94.72078120231919,88.63342799371195,85.28285835814548,91.98399762927842,9100.0,485344.0,7.0,4.0,4.0,2.0,0.0,0.0,1.0
9200.0,2.67998653,2.152705390142153E-7,9200.0,90.30434782608697,75.2099454566842,-16.601307189542357,62.05869842620163,87.66498949804901,81.8033455732354,93.39161357238109,86.6964193647073,78.59662877303019,94.79620995638442,88.65544582383839,85.28285835814548,92.02803328953132,9200.0,485568.0,7.0,4.0,4.0,2.0,0.0,0.0,1.0
9300.0,2.703299279,2.1833140474045445E-7,9300.0,90.2258064516129,75.03338450873738,-16.838046272493663,61.838790931989905,87.57459407216778,81.68446504130567,93.3343110654836,86.6259635207288,78.53545137543588,94.71647566602172,88.54423134479978,85.09655751469354,91.99190517490604,9300.0,507520.0,7.0,4.0,4.0,2.0,0.0,0.0,1.0
9324.0,2.716324744,2.2004186299396474E-7,9324.0,90.22951522951523,75.03382448794171,-16.496163682864395,61.834939254294106,87.57456006301257,81.68107782022925,93.3382084095064,86.62740807925957,78.53828306264501,94.71653309587414,88.54265262097039,85.0858818600754,91.99942338186537,9324.0,507600.0,7.0,4.0,4.0,2.0,0.0,0.0,1.0
