learning evaluation instances,evaluation time (cpu seconds),model cost (RAM-Hours),classified instances,classifications correct (percent),Kappa Statistic (percent),Kappa Temporal Statistic (percent),Kappa M Statistic (percent),F1 Score (percent),F1 Score for class 0 (percent),F1 Score for class 1 (percent),Precision (percent),Precision for class 0 (percent),Precision for class 1 (percent),Recall (percent),Recall for class 0 (percent),Recall for class 1 (percent),model training instances,model serialized size (bytes)
100.0,9.144747641,5.7368236260052575E-5,100.0,100.0,?,?,?,?,100.0,?,?,100.0,?,?,100.0,?,100.0,2.4249464E7
200.0,20.095808831,1.3064715938729775E-4,200.0,98.5,65.9863945578232,25.0,50.0,85.43335761107066,99.23273657289002,66.66666666666666,99.23857868020305,98.47715736040608,100.0,75.0,100.0,50.0,200.0,2.586576E7
300.0,31.678257523,2.0819417801057224E-4,300.0,99.0,66.21621621621627,24.99999999999979,50.0,85.52821997105646,99.49238578680203,66.66666666666666,99.49494949494951,98.98989898989899,100.0,75.0,100.0,50.0,300.0,2.5880168E7
400.0,43.355739631,2.863981053557829E-4,400.0,99.25,66.32996632996662,25.000000000000554,50.00000000000037,85.5751893256401,99.62073324905182,66.66666666666666,99.62216624685138,99.24433249370277,100.0,75.0,100.0,50.0,400.0,2.5887E7
500.0,55.141222771,3.653410708189095E-4,500.0,99.0,54.145267791636165,16.666666666666664,37.5,81.31399955153599,99.49443882709808,54.54545454545454,99.49698189134809,98.99396378269618,100.0,68.75,100.0,37.5,500.0,2.5892168E7
600.0,66.814245878,4.435503594732485E-4,600.0,98.66666666666667,42.3076923076929,0.0,20.0000000000004,74.320456725006,99.32546374367622,42.85714285714285,86.91275167785236,98.8255033557047,75.0,64.91525423728814,99.83050847457628,30.0,600.0,2.5898664E7
700.0,78.783233732,5.237876218532146E-4,700.0,97.28571428571429,28.800856531049252,-58.333333333333435,13.636363636363779,70.87789907651263,98.61616897305171,29.629629629629626,88.70503597122303,97.41007194244604,80.0,59.01716277822473,99.85250737463127,18.181818181818183,700.0,2.59132E7
800.0,90.970857071,6.056340869311297E-4,800.0,85.125,5.16039051603899,-815.3846153846164,2.459016393442571,63.48713214678303,91.92124915139172,6.299212598425196,82.57861635220127,85.15723270440252,80.0,51.56559794961072,99.85250737463127,3.278688524590164,800.0,2.595872E7
900.0,103.336938839,6.887348659557586E-4,900.0,78.0,2.8300343530181626,-607.1428571428576,1.4925373134328699,61.92635985458001,87.57841907151818,3.8834951456310676,78.99441340782123,77.98882681564245,80.0,50.92349411739585,99.85693848354794,1.9900497512437811,900.0,2.5976184E7
1000.0,115.71074055,7.719182028915017E-4,1000.0,74.6,2.0930501484022837,-296.87500000000034,1.1673151750972772,61.23979591706661,85.385500575374,3.053435114503817,77.28643216080403,74.57286432160805,80.0,50.7109153657221,99.86541049798116,1.556420233463035,1000.0,2.5985768E7
1100.0,128.202503493,8.559261050886851E-4,1100.0,70.72727272727273,1.5427380125086922,-235.41666666666666,0.9230769230769104,60.505619312376744,82.7807486631016,2.424242424242424,75.34246575342466,70.68493150684931,80.0,50.55086848635235,99.87096774193547,1.2307692307692308,1100.0,2.5995536E7
1200.0,140.807428326,9.407187936722595E-4,1200.0,70.33333333333334,1.3873179289490187,-204.27350427350413,0.8356545961002979,60.40425297575186,82.5147347740668,2.1978021978021975,75.14644351464435,70.29288702928869,80.0,50.497650031962216,99.88109393579072,1.1142061281337048,1200.0,2.6002824E7
1300.0,153.312032349,0.0010248521311471634,1300.0,68.0,1.135262609458715,-232.79999999999998,0.7159904534606317,59.96836205516228,80.88235294117648,1.886792452830189,73.97683397683397,67.95366795366795,80.0,50.42057327998396,99.88649262202043,0.9546539379474941,1300.0,2.600752E7
1400.0,166.051678683,0.0011105987278626414,1400.0,66.07142857142857,0.9561824193500471,-227.58620689655186,0.6276150627614976,59.60897590495039,79.4993526111351,1.6563146997929605,73.01075268817205,66.02150537634408,80.0,50.36418010691692,99.89154013015184,0.8368200836820083,1400.0,2.601728E7
1500.0,178.683232057,0.0011956349600016347,1500.0,64.53333333333333,0.826446280991717,-197.20670391061466,0.5607476635514024,59.32146413552957,78.3739837398374,1.4814814814814816,72.24080267558529,64.48160535117057,80.0,50.322018304198345,99.89637305699482,0.7476635514018692,1500.0,2.6022536E7
1600.0,191.475579182,0.0012817682248119366,1600.0,63.0625,0.7202402200617422,-165.02242152466366,0.5050505050504943,59.047649938081356,77.27797001153404,1.335559265442404,71.50470219435736,63.00940438871473,80.0,50.28699854743592,99.90059642147118,0.6734006734006733,1600.0,2.6026936E7
1700.0,204.276893204,0.0013679732841891143,1700.0,61.76470588235294,0.6357513465879275,-170.8333333333332,0.4594180704441198,58.805608225230266,76.2946754194019,1.21580547112462,70.85545722713864,61.71091445427729,80.0,50.25852322174783,99.90448901623687,0.6125574272588056,1700.0,2.6030384E7
1800.0,217.072554795,0.0014541770101481838,1800.0,61.38888888888889,0.9344314222362976,-144.71830985915489,0.7142857142857119,59.78608320749353,75.97649498790183,1.6973125884016973,73.50410325870449,61.29392080312326,85.71428571428571,50.383116883116884,99.90909090909092,0.8571428571428572,1800.0,2.604148E7
1900.0,230.053571555,0.0015416409898570231,1900.0,60.31578947368421,2.213206063518439,-149.66887417218544,1.8229166666666667,61.275811601147225,74.99999999999999,3.826530612244898,76.89092356687898,60.031847133757964,93.75,50.932392888692576,99.91166077738515,1.953125,1900.0,2.6044912E7
2000.0,242.848168781,0.0016278602648868892,2000.0,60.45,2.5439599432266204,-136.82634730538913,2.103960396039619,61.54737870154713,75.07091080995903,4.353083434099154,77.42899651956748,60.12115093387178,94.73684210526315,51.07191507741378,99.91610738255034,2.2277227722772275,2000.0,2.6048344E7
2100.0,255.910313915,0.0017159011789277293,2100.0,59.238095238095234,3.4383178413500555,-130.72776280323458,2.947845804988662,61.89843925597408,73.98176291793312,5.934065934065933,77.58204633204633,58.73552123552124,96.42857142857143,51.48956134177809,99.91789819376025,3.061224489795918,2100.0,2.605388E7
2200.0,268.744639887,0.0018024144979968083,2200.0,58.13636363636364,4.0370552798090475,-131.40703517587937,3.5602094240837796,62.04351664373174,72.98327955412144,7.063572149344097,77.35417950297803,57.48613678373382,97.22222222222221,51.79230009041401,99.91967871485944,3.664921465968586,2200.0,2.6056272E7
2300.0,281.794498433,0.0018903900727168105,2300.0,58.130434782608695,5.7120234304493565,-136.60933660933657,5.123152709359611,62.69888258094335,72.72727272727273,9.915809167446211,77.6582236733617,57.16829919857525,98.14814814814815,52.57192693258707,99.92217898832685,5.22167487684729,2300.0,2.6059056E7
2400.0,294.738235388,0.001977667909475748,2400.0,58.166666666666664,6.627234343321593,-132.9466357308585,5.99250936329587,63.03829336808954,72.61320240043644,11.46384479717813,77.75570616187582,57.026563838903165,98.48484848484848,53.005533623511155,99.92492492492492,6.086142322097379,2400.0,2.6064336E7
2500.0,307.752249427,0.0020654286108546397,2500.0,58.56,8.063961924991544,-125.70806100217867,7.334525939177112,63.58625896761433,72.72248551869406,13.810316139767053,77.98505991800694,57.16059602649006,98.80952380952381,53.67580623865752,99.92764109985528,7.4239713774597496,2500.0,2.6067008E7
2600.0,320.841610918,0.0021537103436585327,2600.0,57.769230769230774,10.418199025482565,-139.2156862745098,9.852216748768484,64.27701270866297,71.55440414507773,18.059701492537318,77.45537781658926,55.73042776432607,99.18032786885246,54.93097982743175,99.92764109985528,9.934318555008211,2600.0,2.6070824E7
2700.0,333.956717063,0.0022421808038949535,2700.0,57.333333333333336,12.85813223240521,-150.98039215686268,12.5948406676783,65.03268874303828,70.56719468574347,22.476446837146703,76.97331302189122,54.54186413902053,99.40476190476191,56.29917715083811,99.92764109985528,12.670713201820941,2700.0,2.6075272E7
2800.0,347.139547514,0.0023311198159268044,2800.0,57.464285714285715,15.833702660874527,-159.47712418300654,13.820549927641093,66.03145225850382,69.87098406273716,27.686703096539162,76.63891337542185,53.71450797355115,99.56331877729258,58.00331279252284,99.92764109985528,16.07898448519041,2800.0,2.6078704E7
2900.0,360.23784926,0.002419509991022167,2900.0,57.27586206896552,17.664684380144386,-169.93464052287584,10.34732272069465,66.61929256807825,69.03274181454636,31.1284046692607,76.18708887557257,52.73004963726613,99.644128113879,59.18648194650208,99.92764109985528,18.44532279314888,2900.0,2.6085032E7
3000.0,373.522758013,0.0025091722705311197,3000.0,57.3,19.501398828151505,-179.08496732026143,7.308248914616488,67.23537863527109,68.31560722235963,34.542667347981606,75.80139876884398,51.8977827884254,99.70501474926253,60.40881436945793,99.92764109985528,20.88998763906057,3000.0,2.6088768E7
3100.0,386.616946152,0.0025975584526465893,3100.0,57.774193548387096,21.77849777088284,-185.18518518518516,5.282199710564401,68.04783534116552,67.84573814787521,38.515735086895255,75.55703646196679,51.35738192636667,99.7566909975669,61.89630017740144,99.92764109985528,23.864959254947614,3100.0,2.6092048E7
3200.0,399.851115159,0.002686894330581453,3200.0,57.875,22.982651099411225,-191.1447084233262,2.881844380403448,68.46419422553551,67.29742843279962,40.8252853380158,75.25846831035663,50.731528895391364,99.78540772532189,62.79510277305953,99.92795389048992,25.662251655629138,3200.0,2.6093456E7
3300.0,412.842516027,0.002774599735614767,3300.0,58.69696969696969,24.575615213728405,-188.16067653276966,4.081632653061225,69.0813018632327,67.5707827742089,43.13725490196078,75.42468266767332,51.04241552839683,99.8069498069498,63.72213123380419,99.92962702322308,27.51463544438531,3300.0,2.6095928E7
3400.0,426.087109126,0.0028640178218847434,3400.0,59.55882352941176,26.705940785298417,-188.2599580712789,3.644008409250168,69.80825791559457,67.44020838266636,46.64338377958867,75.21660555760832,50.92989985693849,99.50331125827815,65.12549765208023,99.78976874562018,30.461226558540293,3400.0,2.6096912E7
3500.0,439.168715587,0.0029523388140542317,3500.0,60.25714285714285,27.772334719780094,-186.21399176954725,5.502717391304344,70.23626536282589,67.86786786786789,47.92212654436541,75.47550394627041,51.41757087854393,99.53343701399689,65.67719052825657,99.7961956521739,31.558185404339252,3500.0,2.609788E7
3600.0,452.334743832,0.003041235478227741,3600.0,60.97222222222223,28.887764140199927,-184.98985801217037,7.260726072607262,70.61602517582651,68.24858757062148,49.36936936936937,75.58269834155087,51.890034364261176,99.27536231884058,66.26184201153929,99.66996699669967,32.853717026378895,3600.0,2.6099552E7
3700.0,465.447951307,0.003129784073978096,3700.0,61.70270270270271,30.01258542685528,-185.11066398390346,9.224855861627173,71.06640763505214,68.71274011923163,50.64437478230581,75.87140795074603,52.42587601078167,99.31693989071039,66.8337686460442,99.67969250480462,33.98784478728378,3700.0,2.610208E7
3800.0,478.6233111,0.003218756778517989,3800.0,62.23684210526316,31.14290404454939,-177.02702702702712,9.463722397476342,71.5019350254443,68.77040261153428,52.24625623960066,75.92939147987721,52.49169435215947,99.36708860759494,67.56236158682913,99.6845425867508,35.44018058690745,3800.0,2.6103376E7
3900.0,491.886139044,0.0033083232264296118,3900.0,62.717948717948715,31.786407949182273,-171.77570093457956,11.178985949908352,71.76403600023882,69.18185671894871,52.82284231018819,76.17965719231542,52.96981499513145,99.38949938949939,67.83225730868496,99.69456322541234,35.96995139195758,3900.0,2.6104272E7
4000.0,505.095873208,0.003397536480185955,4000.0,63.275000000000006,33.194598812873934,-174.57943925233636,10.262675626145397,72.2955415404627,68.96260300021129,55.03520048974595,76.08004047472046,52.71317829457365,99.44690265486726,68.86971072823727,99.69456322541234,38.04485823106221,4000.0,2.610584E7
4100.0,518.426118622,0.0034875729711087954,4100.0,63.926829268292686,34.54477862946768,-175.4189944134078,10.200364298724963,72.81298291215407,68.9481419273567,56.96828629618853,76.09381685922122,52.695763799743254,99.49186991869918,69.80336581527496,99.69641772920461,39.91031390134529,4100.0,2.6108552E7
4200.0,531.506160395,0.0035759220559401445,4200.0,64.47619047619048,35.55568719209391,-172.76051188299812,10.551558752997598,73.158982305951,69.00706273369339,58.393753485778035,76.06653308740596,52.7972027972028,99.33586337760912,70.4655233159444,99.58033573141488,41.350710900473935,4200.0,2.6109304E7
4300.0,544.900322089,0.0036663982124835303,4300.0,65.02325581395348,36.68670334619073,-174.45255474452554,9.940119760479032,73.59410980841719,68.86128364389235,60.10610079575597,76.00627359538086,52.62658227848102,99.3859649122807,71.33034311604926,99.58083832335329,43.07984790874524,4300.0,2.6110848E7
4400.0,558.01339989,0.0037549786892470778,4400.0,65.63636363636364,37.64892355170207,-170.96774193548384,11.475409836065577,73.97339531683616,69.23076923076923,61.091096242923314,76.23525195116777,53.05676855895196,99.41373534338358,71.84188731639588,99.59016393442623,44.093610698365524,4400.0,2.6111736E7
4500.0,571.313526275,0.003844827602166154,4500.0,66.2,38.56456227665758,-171.1229946524063,12.636415852958066,74.33245496382123,69.51292844257365,62.07928197456993,76.41379703803963,53.38669950738916,99.4408945686901,72.36148876456541,99.59793222286044,45.12504530627039,4500.0,2.611316E7
4600.0,584.591699013,0.003934532247018516,4600.0,66.76086956521739,39.59621338835237,-172.06405693950177,12.478534630795659,74.73153188550926,69.4749450988221,63.51706036745406,76.40916968415571,53.341508277130586,99.47683109118086,73.12597972268719,99.59931310818546,46.652646337188926,4600.0,2.6114336E7
4700.0,597.783290479,0.004023655078697484,4700.0,67.38297872340425,40.55137197773309,-171.32743362831866,14.309670206819433,75.10658650788339,69.92348440258975,64.37369277248432,76.68326696687933,53.869407496977026,99.49712643678161,73.59343589656935,99.60871995528228,47.57815183785641,4700.0,2.6115248E7
4800.0,611.070627426,0.004113509881140529,4800.0,67.91666666666667,41.419948124320946,-166.89774696707096,15.151515151515168,75.42802170571603,70.12029491656965,65.3621232568601,76.78521462179593,54.11799940101827,99.45242984257358,74.11797278403034,99.55922865013774,48.676716917922946,4800.0,2.6140008E7
4900.0,624.422489129,0.004203807190473727,4900.0,68.3469387755102,42.146831446838476,-166.03773584905665,15.292190060076463,75.69461825854378,70.14436958614053,66.31921824104235,76.78788737366231,54.16171224732461,99.4140625,74.63204302143009,99.50846531949755,49.75562072336266,4900.0,2.6141792E7
5000.0,637.90212745,0.00429497209962791,5000.0,68.89999999999999,43.07395655843665,-163.113367174281,15.443175638934193,76.05585766158327,70.18216682646214,67.50261233019855,76.82598697266127,54.20616113744076,99.44581280788178,75.3010151762947,99.510603588907,51.09142676368238,5000.0,2.6142784E7
5100.0,651.261812546,0.0043853321609318,5100.0,69.33333333333334,43.78386119538724,-163.74367622259683,15.55075593952485,76.3333449335034,70.20952380952382,68.40404040404042,76.85449863713292,54.237786933490284,99.47121034077556,75.81921155667153,99.51403887688986,52.1243842364532,5100.0,2.614464E7
5200.0,664.808172559,0.004476959253252204,5200.0,69.88461538461539,44.66563452681752,-162.31155778894475,15.625000000000009,76.67763803300366,70.22813688212928,69.53307392996109,76.87929044566984,54.25969447708579,99.49888641425389,76.47704071110377,99.51508620689656,53.438995215311,5200.0,2.6145904E7
5300.0,678.107479907,0.004566918483046152,5300.0,70.43396226415094,45.50882661084597,-159.86733001658382,15.843179377013946,76.99312117958146,70.27129576930373,70.59485832238693,76.89898065887432,54.32678204752127,99.4711792702274,77.0874924783912,99.46294307196563,54.712041884816756,5300.0,2.6146832E7
5400.0,691.688326681,0.004658789972949911,5400.0,70.7037037037037,45.87826372543653,-159.7701149425288,16.02972399150743,77.08404252104268,70.27433295753477,71.12084702446147,76.83926541460525,54.39208842350204,99.28644240570847,77.33038412208431,99.25690021231422,55.40386803185437,5400.0,2.6149072E7
5500.0,705.051444688,0.004749199167251081,5500.0,71.18181818181817,46.60462369964573,-157.72357723577238,16.49104320337197,77.3705734717572,70.3904352699421,71.9319992916593,76.92253528602112,54.529667149059335,99.31540342298288,77.82386146555976,99.26238145416228,56.38534147695725,5500.0,2.6152136E7
5600.0,718.637912061,0.004841127406298916,5600.0,71.69642857142857,47.36280288923416,-156.8881685575364,16.57894736842106,77.66982393487001,70.41254433451559,72.87352387472188,76.9513418033244,54.555973387330056,99.34671021931871,78.40184921763868,99.26315789473684,57.54054054054054,5600.0,2.61544E7
5700.0,732.124778151,0.004932385523031423,5700.0,72.05263157894737,47.83231883248636,-154.06698564593304,17.16068642745709,77.78052627843027,70.49453602518984,73.4544242626229,76.92377743374921,54.74683544303798,99.10071942446042,78.65657438052884,98.95995839833593,58.35319036272174,5700.0,2.6155488E7
5800.0,745.625269282,0.005023739213657313,5800.0,72.44827586206897,48.39347950689281,-150.07824726134572,17.586384734399193,77.98003299878458,70.58173784977909,74.09208819714657,76.96378576708808,54.88119095333525,99.04638058084092,79.02347685741188,98.86539453326458,59.18155918155919,5800.0,2.6156456E7
5900.0,759.047146971,0.005114566173449878,5900.0,72.7457627118644,48.82677319017431,-148.531684698609,18.25114387391967,78.13012346177953,70.73170731707317,74.50047573739296,77.03896651333743,55.089311029203294,98.98862199747155,79.2526341383398,98.77986781901372,59.7254004576659,5900.0,2.615796E7
6000.0,772.548895944,0.0052059450017691924,6000.0,73.06666666666666,49.235915715285124,-145.96651445966504,18.67136386512332,78.22622347554197,70.77757685352624,75.02318392581144,77.007337379903,55.23567598080723,98.77899877899878,79.48431563197164,98.4901862103674,60.47844505357588,6000.0,2.6161216E7
6100.0,786.037336663,0.005297240069780132,6100.0,73.26229508196721,49.46971413015544,-143.070044709389,19.536260483473107,78.22308395535994,70.91136079900126,75.26164113453662,76.99155360468211,55.53072625698324,98.45238095238096,79.49465302143139,98.07597434632461,60.91333169653817,6100.0,2.6163024E7
6200.0,799.506880143,0.0053884133667122655,6200.0,73.5,49.739039305446866,-138.46153846153857,20.435835351089572,78.20759263028822,71.02803738317756,75.58329618071036,76.94264164369244,55.85135884636716,98.03392444101773,79.51483087445213,97.53026634382567,61.499395405078594,6200.0,2.6164784E7
6300.0,813.091860622,0.0054803720315912295,6300.0,73.85714285714286,50.28872124429543,-135.62231759656663,21.459227467811147,78.41241751551814,71.28160418482999,76.00873998543337,77.096866327508,56.18471687740517,98.00901577761081,79.77364420876566,97.47257987601336,62.074708541517964,6300.0,2.616592E7
6400.0,826.529982227,0.005571339257781125,6400.0,74.21875,50.83039363342997,-133.38048090523338,22.13308164228409,78.6249601030341,71.45328719723183,76.49572649572649,77.21691563751966,56.40535372848948,98.02847754654984,80.08530950822687,97.45162812647476,62.718990889978976,6400.0,2.6166688E7
6500.0,840.100596191,0.005663208650049855,6500.0,74.58461538461538,51.41077533252939,-131.37254901960793,23.34106728538283,78.84268701000914,71.76068376068375,76.8951048951049,77.40503016312934,56.80649526387009,98.00356506238859,80.33475819607571,97.4013921113689,63.26812428078251,6500.0,2.6168192E7
6600.0,853.490554258,0.005753866384856608,6600.0,74.72727272727273,51.56743287332777,-131.02493074792244,23.83561643835617,78.82713790240969,71.81480229807366,77.09420488876681,77.36892088180089,57.00107296137339,97.73676880222841,80.34137856055665,97.03196347031964,63.650793650793645,6600.0,2.6171464E7
6700.0,867.088692622,0.005845937841698133,6700.0,75.07462686567165,52.115998682922495,-128.454172366621,24.876293297345946,79.03514686332895,72.0829154129054,77.4871933135616,77.53877150692357,57.35567970204841,97.7218633117987,80.59041408323705,96.98605488079173,64.19477328568237,6700.0,2.6172664E7
6800.0,880.569380216,0.0059372213902835385,6800.0,75.33823529411765,52.511126795074915,-126.9282814614344,25.23406152474365,79.20103358369322,72.18444186432245,77.84968960507199,77.62597401595863,57.47490755414686,97.7770404777704,80.84133398804131,97.01292911279536,64.66973886328725,6800.0,2.6174768E7
6900.0,894.28470105,0.00603009743180092,6900.0,75.68115942028986,52.976181047916924,-126.45074224021596,25.25612472160358,79.39461437650064,72.19091813059329,78.39299510687613,77.66426846428772,57.482185273159146,97.84635165541627,81.20382087895526,97.01559020044543,65.3920515574651,6900.0,2.6175808E7
7000.0,907.781840623,0.006121501434367604,7000.0,75.85714285714286,53.211298802929086,-125.63417890520698,25.84466871434841,79.4355114537638,72.29508196721312,78.60759493670886,77.68981520395351,57.70740643810521,97.67222396980182,81.26146290802096,96.75296182536201,65.76996399067994,7000.0,2.617736E7
7100.0,921.501000202,0.006214411931904306,7100.0,76.1830985915493,53.674858089438324,-124.86702127659575,26.221640488656174,79.62031410917652,72.39183673469388,79.05882352941175,77.7720640218565,57.83981215757892,97.70431588613407,81.55854988631512,96.72774869109948,66.38935108153078,7100.0,2.6178192E7
7200.0,935.089781104,0.00630644205106585,7200.0,76.48611111111111,54.109430200374064,-124.83399734395746,26.550976138828624,79.80188528730484,72.48496668291891,79.47132290529889,77.85735639255927,57.95218295218295,97.76252983293557,81.84603351509686,96.74620390455532,66.94586312563841,7200.0,2.6178928E7
7300.0,948.660310416,0.006398358924802175,7300.0,76.6986301369863,54.43900235383629,-124.70277410832227,27.214377406931966,79.91684532123054,72.64833574529666,79.70409259038301,77.95480875409122,58.19165378670789,97.71796372147455,81.98019645763762,96.66238767650835,67.29800523876688,7300.0,2.618188E7
7400.0,962.282869625,0.006490629508028189,7400.0,77.01351351351352,54.84524180040473,-124.70277410832233,27.214377406931963,80.08709082224541,72.64833574529666,80.17713553198928,77.98724247038635,58.19165378670789,97.78283115406481,82.30314722557395,96.66238767650835,67.94390677463954,7400.0,2.6182248E7
7500.0,975.991665928,0.0065834863345642395,7500.0,77.29333333333334,55.1980315405858,-124.37417654808966,27.191107310816587,80.2357888763926,72.64257028112449,80.5925925925926,78.01247422031494,58.18322182192486,97.84172661870504,82.58954773025135,96.66524155622061,68.51385390428212,7500.0,2.6182848E7
7600.0,989.702771435,0.006676360902410336,7600.0,77.59210526315789,55.57079994941523,-124.37417654808954,27.19110731081659,80.39215919144131,72.64257028112449,81.025069637883,78.04153013551816,58.18322182192486,97.89983844911147,82.88878880700214,96.66524155622061,69.1123360577837,7600.0,2.618344E7
7700.0,1003.47716436,0.00676966780760362,7700.0,77.83116883116882,55.842394043112456,-124.90118577075111,27.02009405728944,80.50808282206616,72.59592229892439,81.38698070003271,78.03807461085358,58.12339331619537,97.95275590551181,83.13955978202749,96.66524155622061,69.61387800783436,7700.0,2.6184464E7
7800.0,1017.237003139,0.006862877319944032,7800.0,78.11538461538461,56.185802786423146,-124.90118577075091,27.020094057289445,80.65227117565554,72.59592229892439,81.78422793725322,78.06425420285473,58.12339331619537,98.00511508951406,83.41777001817623,96.66524155622061,70.17029848013185,7800.0,2.61848E7
7900.0,1030.96150034,0.006955849444204147,7900.0,78.39240506329114,56.51541612708502,-124.90118577075096,27.02009405728943,80.79073573954021,72.59592229892439,82.16487305401733,78.08912807954407,58.12339331619537,98.05486284289276,83.68597449147121,96.66524155622061,70.70670742672182,7900.0,2.6185368E7
8000.0,1044.792999164,0.007049550137362989,8000.0,78.60000000000001,56.72832522252719,-125.5599472990776,26.80632749038053,80.88265149143461,72.5376965030478,82.46979315994267,78.0743293425626,58.048780487804876,98.09987819732035,83.90054164014882,96.66524155622061,71.13584172407703,8000.0,2.6186408E7
8100.0,1058.565755151,0.00714285550293568,8100.0,78.8641975308642,57.03369121032987,-125.55994729907765,26.80632749038053,81.01103686038292,72.5376965030478,82.82159341761991,78.0969229430701,58.048780487804876,98.14506539833532,84.15105507771106,96.66524155622061,71.63686859920153,8100.0,2.6187144E7
8200.0,1072.427688915,0.007236767052109056,8200.0,79.1219512195122,57.327484141128394,-125.55994729907776,26.80632749038053,81.13461351197043,72.5376965030478,83.15955144599646,78.1184668989547,58.048780487804876,98.18815331010452,84.39302002738516,96.66524155622061,72.12079849854973,8200.0,2.6187712E7
8300.0,1086.195053178,0.00733004007920438,8300.0,79.37349397590361,57.61034969015307,-125.5599472990776,26.80632749038053,81.25364746461281,72.5376965030478,83.48446845456299,78.1390326956618,58.048780487804876,98.22928490351873,84.62686671000093,96.66524155622061,72.58849186378124,8300.0,2.618832E7
8400.0,1100.101534967,0.007424291882766875,8400.0,79.5952380952381,57.84287493462361,-125.82345191040855,26.72082086361695,81.35251905516087,72.51443232841565,83.77508519500189,78.14340520911813,58.01898896587119,98.26782145236508,84.83649802608919,96.66524155622061,73.00775449595777,8400.0,2.61984E7
8500.0,1113.950421763,0.007518155913239297,8500.0,79.78823529411765,58.02664829263051,-126.35046113306973,26.549807610089776,81.43187676027618,72.46794871794872,84.03345724907064,78.13173834531196,57.959497564726995,98.30397912589693,85.02309310403142,96.66524155622061,73.38094465184223,8500.0,2.619912E7
8600.0,1127.64135413,0.007610951042824013,8600.0,80.02325581395348,58.28109811396386,-126.35046113306987,26.549807610089786,81.5390737900536,72.46794871794872,84.32481751824817,78.14978496027369,57.959497564726995,98.34007235582038,85.23567140899993,96.66524155622061,73.80610126177926,8600.0,2.6199592E7
8700.0,1141.204781921,0.007702883677439668,8700.0,80.25287356321839,58.52673658364929,-126.35046113306994,26.549807610089776,81.64260094433986,72.46794871794872,84.6057347670251,78.16707947625805,57.959497564726995,98.37466138778912,85.44156591252313,96.66524155622061,74.21789026882566,8700.0,2.620008E7
8800.0,1154.933450061,0.0077959394899906114,8800.0,80.45454545454545,58.759729377071935,-125.42595019659247,26.65245202558636,81.74097094702512,72.4976015350176,84.84047241318527,78.19980303279699,57.99437196213866,98.40523410345533,85.61806437547791,96.67377398720683,74.56235476374903,8800.0,2.6200976E7
8900.0,1168.442730031,0.007887511849879989,8900.0,80.67415730337079,59.02467593545556,-124.83660130718954,26.839642705231796,81.85185265841665,72.55027130545803,85.08756719264782,78.24702716066463,58.05874840357599,98.43530591775325,85.80486635479463,96.68226286686516,74.92746984272408,8900.0,2.6202008E7
9000.0,1182.233566059,0.007980997868859762,9000.0,80.86666666666666,59.20963442220465,-125.09803921568638,26.75457252233092,81.93085525230241,72.52712188895978,85.32219570405728,78.2472885259153,58.02910390605055,98.46547314578005,85.97837011594123,96.68226286686516,75.2744773650173,9000.0,2.6203448E7
9100.0,1195.778267676,0.0080728216305848,9100.0,81.03296703296704,59.35003746765738,-125.62091503267969,26.584432156529125,81.99206009158516,72.48086734693877,85.52984574111335,78.23191169052781,57.969905636317264,98.49391774473837,86.13191525325774,96.68226286686516,75.58156763965032,9100.0,2.6205232E7
9200.0,1209.497428183,0.00816583063060114,9200.0,81.16304347826086,59.42830131217009,-126.53594771241823,26.286686516375983,82.0285229828139,72.40006370441154,85.70249979374638,78.1935421811113,57.866598778004075,98.5204855842185,86.25907565886695,96.68226286686516,75.83588845086874,9200.0,2.6205944E7
9300.0,1223.056447376,0.008257761698210332,9300.0,81.16129032258065,59.392119953847356,-125.19280205655532,26.44836272040303,81.96777015127368,72.38335435056747,85.70496083550913,78.16971986967233,57.95053003533569,98.38890970400898,86.15374196324996,96.38958858102436,75.91789534547557,9300.0,2.6208152E7
9324.0,1227.003863328,0.008284525535335133,9324.0,81.1990561990562,59.443455569404435,-124.1687979539642,26.560536237955578,81.98310810635851,72.40673697465763,85.74217161447744,78.18459989417326,57.99293998991427,98.37625979843226,86.16955616890515,96.35525764558022,75.98385469223007,9324.0,2.620824E7
