learning evaluation instances,evaluation time (cpu seconds),model cost (RAM-Hours),classified instances,classifications correct (percent),Kappa Statistic (percent),Kappa Temporal Statistic (percent),Kappa M Statistic (percent),F1 Score (percent),F1 Score for class 0 (percent),F1 Score for class 1 (percent),Precision (percent),Precision for class 0 (percent),Precision for class 1 (percent),Recall (percent),Recall for class 0 (percent),Recall for class 1 (percent),model training instances,model serialized size (bytes)
100.0,8.834744843,5.490975948325946E-5,100.0,100.0,?,?,?,?,100.0,?,?,100.0,?,?,100.0,?,100.0,2.4024696E7
200.0,18.917235526,1.217921309657548E-4,200.0,98.5,65.9863945578232,25.0,50.0,85.43335761107066,99.23273657289002,66.66666666666666,99.23857868020305,98.47715736040608,100.0,75.0,100.0,50.0,200.0,2.5641664E7
300.0,29.197955046,1.9002662775348666E-4,300.0,99.0,66.21621621621627,24.99999999999979,50.0,85.52821997105646,99.49238578680203,66.66666666666666,99.49494949494951,98.98989898989899,100.0,75.0,100.0,50.0,300.0,2.565564E7
400.0,39.553403554,2.587749847639307E-4,400.0,99.25,66.32996632996662,25.000000000000554,50.00000000000037,85.5751893256401,99.62073324905182,66.66666666666666,99.62216624685138,99.24433249370277,100.0,75.0,100.0,50.0,400.0,2.5662312E7
500.0,50.011863849,3.282216379449849E-4,500.0,99.0,54.145267791636165,16.666666666666664,37.5,81.31399955153599,99.49443882709808,54.54545454545454,99.49698189134809,98.99396378269618,100.0,68.75,100.0,37.5,500.0,2.566764E7
600.0,60.374184191,3.970471415874416E-4,600.0,98.83333333333333,45.7364341085271,12.49999999999948,29.999999999999932,78.60526717946105,99.41027801179445,46.15384615384615,99.41373534338358,98.82747068676717,100.0,65.0,100.0,30.0,600.0,2.5673976E7
700.0,70.915054944,4.670981107497295E-4,700.0,97.57142857142857,36.29550321199153,-41.66666666666656,22.727272727272968,75.69990402483103,98.76183539694101,37.03703703703704,98.77697841726618,97.55395683453237,100.0,61.36363636363637,100.0,22.727272727272727,700.0,2.5688576E7
800.0,81.78218387,5.394451154934033E-4,800.0,86.75,20.372596153846178,-715.3846153846158,13.11475409836067,70.40718044640491,92.74965800273597,23.188405797101453,93.23979591836735,86.4795918367347,100.0,56.557377049180324,100.0,13.114754098360656,800.0,2.5734048E7
900.0,92.76179272,6.125903240341311E-4,900.0,79.77777777777779,13.953415072335867,-550.0000000000003,9.452736318407993,67.97027766914351,88.48101265822785,17.272727272727273,89.67082860385925,79.3416572077185,100.0,54.72636815920397,100.0,9.45273631840796,900.0,2.5751432E7
1000.0,103.993907198,6.874455520875343E-4,1000.0,76.4,11.67862997088391,-268.7500000000003,8.17120622568094,66.97989131347276,86.29500580720094,15.107913669064748,87.94688457609806,75.89376915219613,100.0,54.08560311284047,100.0,8.171206225680933,1000.0,2.5761016E7
1100.0,115.251362691,7.624981566890987E-4,1100.0,72.36363636363636,8.870418313121647,-216.66666666666666,6.4615384615384475,65.73363227596722,83.60302049622437,12.138728323699423,85.91288229842446,71.82576459684893,100.0,53.230769230769226,100.0,6.461538461538462,1100.0,2.57708E7
1200.0,126.445082165,8.371468038312462E-4,1200.0,71.83333333333334,8.010940710601892,-188.88888888888874,5.8495821727019734,65.42788953290146,83.26732673267327,11.052631578947368,85.66581849024597,71.33163698049194,100.0,52.92479108635098,100.0,5.8495821727019495,1200.0,2.577804E7
1300.0,137.839416737,9.13147532227421E-4,1300.0,69.38461538461539,6.674218346975678,-218.39999999999998,5.011933174224353,64.74996593541354,81.57407407407408,9.545454545454545,84.44096950742768,68.88193901485535,100.0,52.50596658711218,100.0,5.011933174224343,1300.0,2.5782864E7
1400.0,148.827482649,9.864661742108678E-4,1400.0,67.5,6.242456712569109,-213.79310344827593,4.811715481171557,64.38951497624943,80.20878642888214,9.181636726546907,83.47857661583151,66.95715323166304,100.0,52.40585774058577,100.0,4.811715481171548,1400.0,2.5792624E7
1500.0,159.661414002,0.001058771028905526,1500.0,66.0,6.032354350149271,-184.9162011173185,4.6728971962616965,63.57804069380579,79.08121410992615,9.252669039145907,80.87048351814136,65.44467073998642,96.29629629629629,52.378093070553476,99.89637305699482,4.859813084112149,1500.0,2.5797864E7
1600.0,171.165541758,0.001135561867282684,1600.0,64.5,5.523860215232623,-154.70852017937213,4.377104377104374,63.24992680836191,77.96741660201705,8.681672025723472,80.17993456924755,63.93129770992366,96.42857142857143,52.22302548346286,99.90059642147118,4.545454545454546,1600.0,2.580228E7
1700.0,182.487009683,0.0012111435844263372,1700.0,63.17647058823529,5.311017982186871,-160.8333333333333,4.1347626339969334,61.74794035846979,76.9174041297935,9.011627906976743,75.60703560703561,62.64264264264264,88.57142857142857,52.18263806310161,99.61795606494746,4.747320061255743,1700.0,2.5805744E7
1800.0,194.573184518,0.0012918656518577792,1800.0,62.66666666666667,5.144291091593469,-136.6197183098591,3.9999999999999982,61.33687189063779,76.51991614255765,8.943089430894311,74.49369735348587,62.145289443813844,86.8421052631579,52.12987012987013,99.54545454545455,4.714285714285714,1800.0,2.5817E7
1900.0,206.722267797,0.0013730184625538847,1900.0,61.68421052631579,6.376066062000797,-141.05960264900668,5.208333333333322,62.064965630100254,75.5868544600939,11.00244498777506,75.45945945945947,60.91891891891892,90.0,52.70883944346289,99.55830388692578,5.859375,1900.0,2.5820368E7
2000.0,218.589933755,0.0014523019642696837,2000.0,61.85000000000001,6.831236323851203,-128.443113772455,5.569306930693087,62.13123250344799,75.66188197767146,11.791907514450866,75.25665682476908,61.03962943901183,89.47368421052632,52.90426274171042,99.49664429530202,6.311881188118812,2000.0,2.5823784E7
2100.0,230.935884529,0.0015347988008254931,2100.0,60.61904761904762,7.3617707679899755,-122.91105121293806,6.235827664399097,62.368111091078724,74.56167333128269,12.855637513171757,75.33055333269706,59.61633054599115,91.04477611940298,53.2117444679021,99.50738916256158,6.91609977324263,2100.0,2.5829448E7
2200.0,242.721328676,0.0016135574245437052,2200.0,59.54545454545455,7.78635445267574,-123.61809045226131,6.806282722513088,62.53351473303267,73.5748218527316,13.759689922480622,75.28430119103695,58.360810174281674,92.20779220779221,53.476313631489305,99.51807228915662,7.43455497382199,2200.0,2.5831792E7
2300.0,253.255398048,0.0016839610690949712,2300.0,59.52173913043478,9.283093686716752,-128.74692874692872,8.275862068965514,63.236976837887035,73.31613642877615,16.201620162016198,75.89042649727767,58.030852994555346,93.75,54.20003450192637,99.53307392996109,8.866995073891626,2300.0,2.5834576E7
2400.0,263.851731933,0.0017547952399753976,2400.0,59.54166666666667,10.091760108889892,-125.29002320185614,9.082397003745317,63.60987192586397,73.19900634833012,17.50212404418012,76.18703422647056,57.8786556089044,94.4954128440367,54.59687215305193,99.54954954954955,9.644194756554308,2400.0,2.5839824E7
2500.0,274.335045565,0.0018248811417945945,2500.0,59.96,11.542931635146143,-118.08278867102398,10.46511627906978,64.25146557944181,73.32800426325608,19.72734562951083,76.69171088638882,58.03458456347532,95.34883720930233,55.283817753948675,99.56584659913169,11.001788908765652,2500.0,2.5842496E7
2600.0,284.936634276,0.0018957682781570884,2600.0,59.23076923076923,13.731578749671328,-130.93681917211327,12.972085385878495,65.02368658073499,72.19307450157397,23.631123919308354,76.54805131929314,56.62551440329218,96.47058823529412,56.5152714112243,99.56584659913169,13.464696223316913,2600.0,2.5846328E7
2700.0,295.517447203,0.0019665286295508675,2700.0,59.074074074074076,16.498740554156186,-140.74074074074065,16.160849772382402,66.02333544344549,71.35079077002852,28.386260531432278,76.46464646464646,55.5959595959596,97.33333333333334,58.09096578818497,99.56584659913169,16.61608497723824,2700.0,2.585076E7
2800.0,306.120720084,0.002037448554701588,2800.0,59.32142857142857,19.46310080698518,-148.14814814814815,17.583212735166416,67.10499312397069,70.72731945515291,33.352837916910474,76.39035554478106,54.8425667596652,97.9381443298969,59.83228860280985,99.56584659913169,20.09873060648801,2800.0,2.5854176E7
2900.0,316.752873391,0.0021085791398735925,2900.0,59.17241379310345,21.159897353566272,-157.9520697167756,14.327062228654125,67.69583282729896,69.91869918699189,36.48068669527896,76.07108423373062,53.876272513703995,98.26589595375722,60.981869281120524,99.56584659913169,22.397891963109355,2900.0,2.5860536E7
3000.0,327.415580268,0.00217992457065507,3000.0,59.3,23.005391934714954,-166.01307189542482,11.649782923299561,68.36002875959316,69.26755600302037,39.763196842624566,75.8199579322443,53.10690852952528,98.53300733496333,62.236569776698104,99.56584659913169,24.907292954264523,3000.0,2.586432E7
3100.0,338.7749924,0.002255941330443462,3100.0,60.0,25.52061939563974,-170.1525054466231,10.274963820549923,69.30315377743511,68.937875751503,43.84057971014493,75.7479083587458,52.720306513409966,98.77551020408163,63.869069981754436,99.56584659913169,28.172293364377182,3100.0,2.5867584E7
3200.0,349.45276612,0.002327400436741447,3200.0,60.34374999999999,27.004465152397582,-174.08207343412536,8.573487031700273,69.85485334067873,68.53458963550707,46.38783269961977,75.58422316456344,52.24952741020794,98.91891891891892,64.9328682939863,99.56772334293949,30.29801324503311,3200.0,2.5868976E7
3300.0,359.894911749,0.0023972893216801573,3300.0,61.151515151515156,28.558618712150313,-171.03594080338266,9.781843771991579,70.46619779067879,68.82295719844359,48.472668810289385,75.7987306712944,52.58268301746563,99.01477832512316,65.83465009574695,99.5777621393385,32.0915380521554,3300.0,2.5871448E7
3400.0,370.441714614,0.0024678813583429143,3400.0,62.02941176470588,30.625317286361557,-170.64989517819714,9.530483531885055,71.19390985175536,68.7333494792928,51.666042680643955,75.68526126248412,52.51665433012583,98.8538681948424,67.2057534955963,99.43938332165382,34.972123669538774,3400.0,2.5872432E7
3500.0,381.089119201,0.002539149454546871,3500.0,62.857142857142854,31.93041163699729,-167.4897119341563,11.684782608695654,71.71770030764955,69.25260170293282,53.102453102453104,76.02259781200743,53.12046444121916,98.9247311827957,67.87421747706028,99.45652173913044,36.29191321499014,3500.0,2.5873416E7
3600.0,391.602854628,0.0026095270831359135,3600.0,63.55555555555556,33.04215061263199,-166.12576064908725,13.399339933993385,72.1055969701918,69.64368347987043,54.41278665740098,76.17746302591566,53.61596009975062,98.7389659520807,68.44694541396585,99.33993399339934,37.55395683453238,3600.0,2.5874976E7
3700.0,402.155242819,0.002680170437058252,3700.0,64.21621621621621,34.082110750342785,-166.39839034205238,15.182575272261372,72.52319509800844,70.0858563036602,55.480833893745796,76.46926043201555,54.13612565445026,98.80239520958084,68.96440498727306,99.35938500960923,38.569424964936886,3700.0,2.5877536E7
3800.0,412.863761769,0.0027518625157956027,3800.0,64.84210526315789,35.33257840453568,-157.91505791505801,15.709779179810718,73.01122278910273,70.21845742309407,57.096981374438016,76.5896382628981,54.29162357807652,98.88765294771969,69.75226267704424,99.36908517350159,40.135440180586905,3800.0,2.58788E7
3900.0,423.430061612,0.0028226049061681052,3900.0,65.53846153846153,36.372025541504215,-151.21495327102815,17.898594990836884,73.42740576785506,70.76989995650283,58.026233603997504,76.94134504684433,54.947652819993245,98.93503727369543,70.22041386615471,99.38912645082468,41.05170128148475,3900.0,2.5879696E7
4000.0,434.232902437,0.0028949352984692783,4000.0,66.125,37.74173894904379,-153.2710280373831,17.226634086744046,73.95258014405523,70.60099804729876,60.04128575641404,76.8857586501249,54.7442799461642,99.0272373540856,71.23497795245424,99.38912645082468,43.08082945408379,4000.0,2.5881248E7
4100.0,444.937680838,0.002966616624502088,4100.0,66.8780487804878,39.20693205628366,-152.88640595903163,17.547055251973298,74.52024763756701,70.68221070811744,61.93946188340808,76.97200501761424,54.84087102177554,99.10313901345292,72.21985841408028,99.39283545840924,45.046881369751326,4100.0,2.588396E7
4200.0,455.504437866,0.0030373758313860773,4200.0,67.38095238095238,40.12297579444761,-150.45703839122478,17.86570743405277,74.83744170745852,70.73900042716788,63.15223238300162,76.96589608247515,54.943596549435966,98.98819561551433,72.82354211417596,99.28057553956835,46.36650868878357,4200.0,2.5884728E7
4300.0,466.298155132,0.0031096592103275625,4300.0,67.90697674418604,41.16573930493478,-151.82481751824815,17.365269461077833,75.24304267300963,70.61328790459966,64.6516393442623,76.92494456728241,54.79180436219432,99.05808477237049,73.63311400013662,99.28143712574851,47.98479087452471,4300.0,2.5886288E7
4400.0,476.947831502,0.0031809804666124886,4400.0,68.45454545454545,42.04619299513534,-148.7455197132616,18.735362997658086,75.5909598352238,70.96234309623432,65.47263681592041,77.152359437751,55.208333333333336,99.09638554216868,74.09150540590387,99.29742388758783,48.88558692421991,4400.0,2.5887192E7
4500.0,487.596893563,0.003252301531854528,4500.0,68.97777777777779,42.90925079160932,-148.84135472370755,19.816197587593336,75.9307856874617,71.24021425628348,66.32899179932464,77.33805093462284,55.541278509476385,99.13482335976929,74.57381919003943,99.31074095347502,49.83689742660384,4500.0,2.5888616E7
4600.0,498.436549063,0.0033249023760275618,4600.0,69.45652173913044,43.77931078636939,-150.0,19.576416714367497,76.27050405687181,71.17948717948717,67.514450867052,77.32576726342711,55.466751918158565,99.18478260869566,75.24365538961086,99.31310818546079,51.17420259376095,4600.0,2.5889792E7
4700.0,509.080065669,0.0033961920503974468,4700.0,70.1063829787234,44.81004660243509,-148.67256637168146,21.464505310229164,76.67543773177343,71.6676749344626,68.36298131051565,77.63623430444733,56.056782334384856,99.2156862745098,75.73813136079698,99.32923420905534,52.147028512538654,4700.0,2.5890704E7
4800.0,519.842958755,0.0034683502426575553,4800.0,70.5625,45.54913294797687,-144.88734835355282,22.148760330578508,76.93427408166727,71.82452642073778,69.18211559432935,77.703125,56.28125000000001,99.125,76.18048922297437,99.22865013774104,53.13232830820771,4800.0,2.5915464E7
4900.0,530.823704428,0.0035419741080150516,4900.0,70.97959183673468,46.24429890076927,-143.9108061749572,22.337520480611687,77.19282445705647,71.86387020182033,70.03792667509482,77.72528289235964,56.34502016754577,99.10554561717353,76.66761161766536,99.1807755324959,54.154447702834794,4900.0,2.5917264E7
5000.0,541.596213993,0.0036142046871780456,5000.0,71.54,47.16991107021657,-140.77834179357026,22.620989668298,77.55645430240232,71.9384736738316,71.13004666260905,77.79361363738184,56.43564356435643,99.15158371040724,77.32073656662845,99.18433931484503,55.4571338184119,5000.0,2.5918304E7
5100.0,552.443105812,0.0036869392137050486,5100.0,72.09803921568627,48.07022715921467,-139.96627318718373,23.164146868250533,77.9104626080968,72.0816166372376,72.11444248481284,77.9007720772991,56.61016949152542,99.19137466307278,77.92015555011757,99.19006479481641,56.65024630541872,5100.0,2.592016E7
5200.0,563.310395539,0.00375981407328696,5200.0,72.59615384615384,48.85665285911326,-138.6934673366835,23.221982758620676,78.2203713357411,72.09712159780693,73.07764972605327,77.92955208635335,56.62872962165487,99.23037455105182,78.51336928724632,99.19181034482759,57.834928229665074,5200.0,2.5921424E7
5300.0,574.109142301,0.0038322319284212385,5300.0,73.05660377358491,49.544188368363415,-136.81592039800998,23.30827067669172,78.46575426601687,72.09847596717468,73.95111273257936,77.91645831029392,56.66461916461917,99.16829745596868,79.02285006957683,99.08700322234156,58.9586969168121,5300.0,2.5922368E7
5400.0,585.124011136,0.0039061054192001204,5400.0,73.35185185185186,49.94759395985606,-136.2889983579639,23.61995753715501,78.56362940939569,72.12860739879915,74.47223700549938,77.87417939284454,56.78560536749009,98.96275341819897,79.26539640442599,98.83227176220807,59.69852104664392,5400.0,2.5924576E7
5500.0,596.09185062,0.003979672191688516,5500.0,73.78181818181818,50.60224034504562,-134.47154471544715,24.02528977871444,78.82470163066859,72.23719676549865,75.16362383740959,77.959645305094,56.917475728155345,99.00181488203266,79.70917105530296,98.840885142255,60.577456968350916,5500.0,2.592764E7
5600.0,607.020522757,0.004052982604905567,5600.0,74.25,51.28495933978427,-133.71150729335483,24.105263157894754,79.09708337851141,72.25856098499422,75.97467510829723,77.99395573970271,56.943602183141294,99.04430929626412,80.23186344238977,98.8421052631579,61.62162162162163,5600.0,2.5929888E7
5700.0,618.092135412,0.004127254990920779,5700.0,74.59649122807018,51.75339376434709,-130.94098883572573,24.70098803952156,79.21520491111728,72.35586101565482,76.50113599480687,77.99520001517782,57.16440422322775,98.82599580712788,80.47398305781317,98.54394175767031,62.40402435795605,5700.0,2.5930976E7
5800.0,628.96423001,0.004200191570187914,5800.0,75.0344827586207,52.412634767311815,-126.60406885758988,25.322331098504396,79.47936072386064,72.52371916508538,77.12480252764612,78.11804836897372,57.37015911137796,98.86593762656946,80.88895995033178,98.55595667870037,63.221963221963215,5800.0,2.5931912E7
5900.0,639.982709453,0.004274114428965033,5900.0,75.42372881355932,53.007833712218556,-124.11128284389493,26.283680732079308,79.69585030614104,72.76483846731782,77.60963557751698,78.26030933420299,57.700327673518025,98.82029099488793,81.1850400667717,98.47483477376716,63.895245359776254,5900.0,2.59334E7
6000.0,651.029446871,0.004348236220907076,6000.0,75.7,53.35817413993337,-121.917808219178,26.623049823855073,79.77526492483655,72.79850746268657,78.04216867469879,78.23564974594484,57.841683960865694,98.62961553102399,81.37669333598869,98.18822345244087,64.5651632195365,6000.0,2.5936672E7
6100.0,661.937436535,0.004421431959632371,6100.0,75.90163934426229,53.653401040268456,-119.0760059612519,27.479033053774053,79.83540505785427,72.97794117647058,78.25443786982248,78.2984475283377,58.15997656021096,98.43691849646446,81.43391007550778,97.92797237296497,64.93984777805058,6100.0,2.5938416E7
6200.0,673.019470615,0.004495800632096723,6200.0,76.09677419354838,53.877499594663725,-115.09433962264157,28.232445520581106,79.81138767598031,73.07412790697676,78.5092807424594,78.26024406958594,58.476301250363484,98.04418688880841,81.42526299147126,97.38498789346247,65.46553808948005,6200.0,2.5940176E7
6300.0,684.030876271,0.004569698525921434,6300.0,76.4126984126984,54.3794740087557,-112.58941344778263,29.136862184072477,79.99921603749576,73.31178160919542,78.86803185437998,78.41100003574535,58.80149812734082,98.02050194414987,81.65310084049918,97.32951835956128,65.97668332143706,6300.0,2.5941296E7
6400.0,695.074593623,0.004643815595892748,6400.0,76.75,54.904372095754326,-110.4667609618105,29.77819726285982,80.21555385074748,73.49483434271465,79.29306985805734,78.5497354223762,59.02718168812589,98.0722891566265,81.9535577541777,97.35724398301086,66.54987152534456,6400.0,2.5942112E7
6500.0,706.210374118,0.004718554672382904,6500.0,77.1076923076923,55.511377670777776,-108.40336134453786,30.951276102088183,80.46387663910777,73.83046078086528,79.65545529122231,78.77937974952924,59.444916454262255,98.11384304479623,82.221984893429,97.4013921113689,67.04257767548907,6500.0,2.5943552E7
6600.0,717.205877977,0.004792361618897714,6600.0,77.22727272727272,55.6524188248548,-108.17174515235466,31.369863013698605,80.45627440938115,73.88357949609036,79.81195433176629,78.763306076143,59.635343618513325,97.89126853377266,82.22362004162396,97.07762557077626,67.36961451247166,6600.0,2.594684E7
6700.0,728.296477419,0.004866810334261496,6700.0,77.53731343283582,56.157712059974905,-105.88235294117648,32.298695456590195,80.64819861100261,74.13644956178038,80.1477377654663,78.92851306721099,59.983314794215794,97.87371134020619,82.44448986075781,97.0310391363023,67.85794058521331,6700.0,2.594804E7
6800.0,739.43956198,0.004941617481873743,6800.0,77.83823529411765,56.62290917901503,-103.92422192151555,32.813196611680794,80.84164220746453,74.28766422112268,80.52719989662747,79.04859910239986,60.17136539524599,97.92583280955374,82.71791566496445,97.05751226036558,68.3783190695633,6800.0,2.595016E7
6900.0,750.400736335,0.005015206310880817,6900.0,78.15942028985508,57.05790284414014,-103.37381916329286,32.87305122494434,81.02294281619614,74.30520034100597,81.00819155639572,79.09058752189732,60.193370165745854,97.98780487804878,83.05208614919417,97.06013363028954,69.04403866809882,6900.0,2.5951184E7
7000.0,761.516347696,0.0050898364295624094,7000.0,78.34285714285714,57.336336889523075,-102.40320427236314,33.4795963141729,81.10097861816176,74.44369521240728,81.20971740208229,79.161084230265,60.4434711196277,97.87869734090229,83.13833822885228,96.88459850811759,69.39207794958695,7000.0,2.5952736E7
7100.0,772.554063797,0.005163946118637761,7100.0,78.64788732394366,57.784599010952576,-101.595744680851,33.85689354275742,81.28775172892317,74.55521987244043,81.60640621208444,79.25809140074497,60.58374249863612,97.93244030285382,83.42409611090301,96.9022687609075,69.94592346089851,7100.0,2.5953632E7
7200.0,783.575609764,0.005237949153886301,7200.0,78.94444444444444,58.21870642279443,-101.32802124833998,34.22993492407807,81.46865701860442,74.66577540106951,81.98669201520912,79.35327498373252,60.72302256047839,97.98352740698665,83.69991070617458,96.91973969631236,70.48008171603676,7200.0,2.5954304E7
7300.0,794.719732764,0.005312783730592415,7300.0,79.13698630136986,58.53551089871713,-101.18890356671069,34.830979888746256,81.58730584519618,74.83060651132044,82.18505088314423,79.46142045248064,60.958535271943994,97.96430563301729,83.83006865265955,96.87633718442447,70.78380012089463,7300.0,2.5957256E7
7400.0,805.728743628,0.005386711873397826,7400.0,79.41891891891892,58.8951324384813,-101.18890356671064,34.830979888746285,81.73831405171215,74.83060651132044,82.59229626243,79.48903432072511,60.958535271943994,98.01953336950623,84.11859521674315,96.87633718442447,71.36085324906182,7400.0,2.595756E7
7500.0,816.847871839,0.0054613813905569405,7500.0,79.67999999999999,59.22498795478318,-100.79051383399222,34.84395040615645,81.87722335771282,74.8348745046235,82.96064400715564,79.51672844211723,60.96314231907453,98.07031456515992,84.3821508354458,96.87900812312954,71.88529354776206,7500.0,2.5958224E7
7600.0,828.01960408,0.005536405645152907,7600.0,79.94736842105263,59.55509204478021,-100.79051383399202,34.84395040615649,82.01601498618896,74.8348745046235,83.33333333333334,79.54157631019397,60.96314231907453,98.12001030131341,84.6493500984399,96.87900812312954,72.41969207375024,7600.0,2.5958736E7
7700.0,839.050703055,0.005610488393167192,7700.0,80.15584415584416,59.78282396795479,-101.31752305665356,34.67293715262934,82.11372741134441,74.7854785478548,83.64025695931477,79.53148817640367,60.89760816984682,98.16536818296055,84.86927462675783,96.87900812312954,72.85954113038612,7700.0,2.595976E7
7800.0,850.246414581,0.005685677620716775,7800.0,80.41025641025641,60.087286623340376,-101.31752305665349,34.672937152629316,82.24188015684905,74.7854785478548,83.9832285115304,79.55397692140293,60.89760816984682,98.21034567295905,85.1177681157673,96.87900812312954,73.35652810840504,7800.0,2.5960096E7
7900.0,861.349267217,0.005760244803192442,7900.0,80.65822784810126,60.379637591450084,-101.31752305665349,34.67293715262931,82.3650102884229,74.7854785478548,84.31211498973306,79.57538939241324,60.89760816984682,98.25317061497965,85.35732459743961,96.87900812312954,73.83564107174968,7900.0,2.5960648E7
8000.0,872.469373762,0.005834930855430816,8000.0,80.825,60.5314286188438,-102.10803689064547,34.41641727233863,82.4318356545957,74.7115067589845,84.55808335011073,79.54558455445368,60.79957070029515,98.29159840861222,85.5354235104254,96.87900812312954,74.19183889772125,8000.0,2.5961688E7
8100.0,883.709563437,0.005910425563040129,8100.0,81.06172839506172,60.80277620345483,-102.10803689064554,34.41641727233861,82.54622357097439,74.7115067589845,84.86283797118611,79.56511807367833,60.79957070029515,98.33066544706152,85.75941379945749,96.87900812312954,74.63981947578546,8100.0,2.5962424E7
8200.0,894.760760047,0.0059846525230563,8200.0,81.29268292682926,61.06393385759442,-102.10803689064572,34.41641727233859,82.65637745045767,74.7115067589845,85.15579640023225,79.58377819611225,60.79957070029515,98.36798569192935,85.97576067306451,96.87900812312954,75.07251322299949,8200.0,2.5962992E7
8300.0,905.98610062,0.006060050911815104,8300.0,81.51807228915663,61.315464996788194,-102.10803689064547,34.41641727233862,82.7625286079175,74.7115067589845,85.4376305297133,79.601622218724,60.79957070029515,98.40367373715286,86.18484880238006,96.87900812312954,75.4906894816306,8300.0,2.59636E7
8400.0,917.231293725,0.006135611970224481,8400.0,81.70238095238095,61.49553870994485,-102.50329380764181,34.288157332193244,82.83999194938913,74.674575712638,85.6770105302395,79.59375053820233,60.75067024128686,98.43683083511777,86.36228908053853,96.87900812312954,75.84557003794752,8400.0,2.597368E7
8500.0,928.479246002,0.00621119375685034,8500.0,81.89411764705883,61.68861665023293,-102.7667984189722,34.202650705429676,82.92250078093225,74.64997529237358,85.91819928630251,79.59353667177396,60.71811361200429,98.46895973154362,86.54208481144303,96.87900812312954,76.20516149975654,8500.0,2.5974432E7
8600.0,939.866111446,0.006287710281115219,8600.0,82.1046511627907,61.915043100451705,-102.76679841897236,34.20265070542968,83.01818316119596,74.64997529237358,86.1712642645341,79.60926222917388,60.71811361200429,98.50041084634347,86.73210907673807,96.87900812312954,76.5852100303466,8600.0,2.5974872E7
8700.0,951.259763667,0.006364273990492059,8700.0,82.3103448275862,62.133694334893185,-102.76679841897243,34.20265070542967,83.1106246503727,74.64997529237358,86.41539412128166,79.6243547126044,60.71811361200429,98.53059581320451,86.91615867561917,96.87900812312954,76.9533092281088,8700.0,2.5975408E7
8800.0,962.640263433,0.006440751908103231,8800.0,82.51136363636363,62.37914308048127,-101.70380078636971,34.371002132196146,83.21373181281636,74.69998356074305,86.63714508986715,79.66952432956012,60.78116639914393,98.5578822599763,87.0879584593355,96.88699360341151,77.28892331525948,8800.0,2.5976288E7
8900.0,973.980574062,0.006516962685072968,8900.0,82.70786516853933,62.61832168652064,-101.17647058823525,34.53849425776266,83.31422483282051,74.74979491386381,86.85177274668946,79.71409543606983,60.84401709401709,98.58417377812258,87.25492068137463,96.89493832411739,77.61490303863185,8900.0,2.5977288E7
9000.0,985.263124829,0.006592789732541376,9000.0,82.87777777777777,62.77708646655486,-101.43790849673218,34.45342407486174,83.38237890058531,74.72527472527473,87.05368394522391,79.71105735726024,60.8115323011212,98.61058241339931,87.40821513889732,96.89493832411739,77.92149195367725,9000.0,2.5978808E7
9100.0,996.510496777,0.006668385543357594,9100.0,83.04395604395604,62.930005129125234,-101.69934640522864,34.36835389196088,83.44808073704633,74.70077061813413,87.24898768696802,79.70755304672706,60.77908217716115,98.63602391629297,87.55696686542215,96.89493832411739,78.21899540672692,9100.0,2.5980592E7
9200.0,1007.662056072,0.006743339663241632,9200.0,83.15217391304348,62.97949152097955,-102.61437908496718,34.07060825180774,83.47235852534473,74.61513265640353,87.39222384903204,79.66254971944355,60.66577896138482,98.6593204775023,87.66487316264273,96.89493832411739,78.43480800116805,9200.0,2.5981384E7
9300.0,1018.827905615,0.006818396026822879,9300.0,83.13978494623656,62.92764239696345,-101.54241645244223,34.17296389588581,83.40759356460704,74.58670988654781,87.38535800482703,79.6374675662048,60.74445617740233,98.53047895500725,87.55242229412121,96.59949622166248,78.50534836657994,9300.0,2.5983528E7
9324.0,1022.273438965,0.006841556847497167,9324.0,83.17245817245818,62.973018366900035,-100.63938618925827,34.26895684960201,83.4209173221677,74.60754167340994,87.41679364824766,79.65179004548908,60.78586497890295,98.5177151120752,87.56447322086461,96.56472559698366,78.56422084474556,9324.0,2.5983632E7
