learning evaluation instances,evaluation time (cpu seconds),model cost (RAM-Hours),classified instances,classifications correct (percent),Kappa Statistic (percent),Kappa Temporal Statistic (percent),Kappa M Statistic (percent),F1 Score (percent),F1 Score for class 0 (percent),F1 Score for class 1 (percent),Precision (percent),Precision for class 0 (percent),Precision for class 1 (percent),Recall (percent),Recall for class 0 (percent),Recall for class 1 (percent),model training instances,model serialized size (bytes)
100.0,6.9635587,4.3684866591754265E-5,100.0,100.0,?,?,?,?,100.0,?,?,100.0,?,?,100.0,?,100.0,2.4249464E7
200.0,14.366329573,9.322209302790763E-5,200.0,96.0,53.703703703703674,-100.0,-33.33333333333333,79.05462887005133,97.90575916230367,55.55555555555556,70.56737588652481,99.46808510638297,41.66666666666667,89.86254295532646,96.3917525773196,83.33333333333334,200.0,2.5866624E7
300.0,21.933899623,1.4388950108414165E-4,300.0,96.33333333333334,46.078431372549126,-175.0000000000002,-83.33333333333296,76.46753702453555,98.10017271157167,47.61904761904761,66.49122807017544,99.64912280701755,33.33333333333333,89.96598639455782,96.5986394557823,83.33333333333334,300.0,2.5880616E7
400.0,29.442231572,1.9417346759163077E-4,400.0,96.5,40.32395566922425,-250.0,-133.33333333333331,74.64544590985788,98.1958762886598,41.66666666666667,63.75799883653287,99.73821989528795,27.77777777777778,90.01692047377327,96.7005076142132,83.33333333333334,400.0,2.58874E7
500.0,37.021054843,2.449398729649655E-4,500.0,91.60000000000001,20.04264392324092,-599.9999999999991,-424.9999999999993,67.23387913121617,95.56025369978859,22.222222222222218,56.30147481325416,99.55947136563876,13.043478260869565,83.4349593495935,91.869918699187,75.0,500.0,2.589268E7
600.0,44.537323504,2.952995481215491E-4,600.0,92.0,20.353982300884997,-500.0000000000008,-379.99999999999824,66.60026936883618,95.78207381370825,22.58064516129032,56.457046603032005,99.45255474452554,13.461538461538462,81.1864406779661,92.37288135593221,70.0,600.0,2.5899E7
700.0,52.045066945,3.45630398361627E-4,700.0,92.28571428571428,35.60038162736813,-350.0000000000007,-145.45454545454524,72.03176161974629,95.8841463414634,38.63636363636363,62.484466112226364,99.21135646687698,25.757575757575758,85.02279431482971,92.77286135693215,77.27272727272727,700.0,2.5913568E7
800.0,59.441661923,3.953034726743465E-4,800.0,92.125,72.74084330311752,-384.6153846153849,48.36065573770492,86.82253245400686,95.23088569265707,77.41935483870968,83.30625749125812,97.82270606531883,68.78980891719745,90.6487257604333,92.77286135693215,88.52459016393442,800.0,2.5959216E7
900.0,66.973797207,4.459207580992024E-4,900.0,92.11111111111111,78.29808044993275,-153.57142857142878,64.6766169154229,89.28747016437093,94.82129832239242,83.44988344988346,87.61748120300751,96.72619047619048,78.50877192982456,91.02235603100378,92.98998569384835,89.05472636815921,900.0,2.5976648E7
1000.0,74.835550607,4.987726280772101E-4,1000.0,92.30000000000001,80.36255317412551,-20.312500000000036,70.0389105058366,90.24038039815073,94.74402730375427,85.60747663551402,89.24799218796709,96.1218836565097,82.37410071942446,91.25508638341773,93.40511440107672,89.10505836575877,1000.0,2.5986232E7
1100.0,82.803756937,5.523603460999083E-4,1100.0,87.90909090909092,70.0204918032787,-38.54166666666659,59.076923076923094,85.12344765591854,91.60883280757098,78.3739837398374,86.36653895274584,89.62962962962962,83.10344827586206,83.91563275434244,93.6774193548387,74.15384615384616,1100.0,2.5996032E7
1200.0,90.855522591,6.065251308558465E-4,1200.0,86.66666666666667,66.6598365637405,-36.75213675213668,55.43175487465183,83.58592705074162,90.80459770114942,75.75757575757575,85.46594776773011,87.87541713014461,83.05647840531562,81.78683686684177,93.935790725327,69.63788300835655,1200.0,2.6003288E7
1300.0,98.864899343,6.604147580145432E-4,1300.0,83.6923076923077,59.96408970600624,-69.60000000000007,49.403341288782805,80.65639284872013,88.66310160427808,70.95890410958904,83.55089261620591,83.82204246713853,83.27974276527331,77.95572941358134,94.09761634506243,61.813842482100235,1300.0,2.6008112E7
1400.0,106.988325553,7.1509229071786E-4,1400.0,81.92857142857143,56.6490260105844,-74.48275862068971,47.071129707112966,79.2857949585465,87.28004022121671,68.8039457459926,82.56668102028927,81.34957825679476,83.78378378378379,76.25568393250984,94.14316702819957,58.36820083682008,1400.0,2.6017888E7
1500.0,115.652091458,7.734185472124425E-4,1500.0,79.80000000000001,52.13572602047265,-69.27374301675981,43.36448598130843,77.44118335397923,85.72774375883185,65.4503990877993,81.25094688361665,78.58376511226253,83.91812865497076,73.97268897389957,94.30051813471503,53.64485981308411,1500.0,2.6023144E7
1600.0,124.656710087,8.340465388601823E-4,1600.0,77.8125,48.128422336924146,-59.19282511210763,40.23569023569022,75.84014121047959,84.2572062084257,62.43386243386243,80.05321636226358,76.06084867894315,84.04558404558404,72.04834963284267,94.43339960238568,49.66329966329967,1600.0,2.6026168E7
1700.0,133.563368124,8.940261519857497E-4,1700.0,76.47058823529412,45.837707469458024,-66.66666666666664,38.74425727411944,74.94202337151242,83.17914213624896,60.861056751467714,79.29343831379711,74.30503380916605,84.28184281842819,71.04335145555521,94.4603629417383,47.626339969372125,1700.0,2.6031024E7
1800.0,142.606055692,9.549478535196679E-4,1800.0,75.83333333333333,44.59382960656665,-53.16901408450705,37.85714285714284,74.50001079753491,82.71752085816448,59.83379501385042,79.03018365207265,73.46506704304869,84.59530026109661,70.46103896103897,94.63636363636364,46.285714285714285,1800.0,2.6042152E7
1900.0,151.637562247,0.0010158021711443573,1900.0,74.63157894736842,42.98542698050623,-59.6026490066225,37.23958333333335,73.95231485019139,81.65905631659056,58.873720136518756,78.56031926722085,71.72459893048129,85.39603960396039,69.85493043286219,94.78798586572438,44.921875,1900.0,2.6045552E7
2000.0,160.775447111,0.001077381379296979,2000.0,74.55000000000001,42.73383496543781,-52.395209580838255,37.00495049504952,73.87969834409746,81.63118007939372,58.58421480878763,78.56915062451205,71.62761241291958,85.5106888361045,69.71850289055752,94.88255033557047,44.554455445544555,2000.0,2.6048984E7
2100.0,169.751259048,0.0011378813620159208,2100.0,73.38095238095238,41.35543432647923,-50.67385444743938,36.62131519274377,73.41776494735,80.54298642533936,57.87490580256217,78.10075019518654,69.90936555891238,86.29213483146067,69.26460239268121,94.99178981937602,43.53741496598639,2100.0,2.6054568E7
2200.0,178.662354535,0.0011979505746815688,2200.0,71.5909090909091,38.43026275724956,-57.035175879396974,34.554973821989535,72.23758212490206,79.08999665439946,55.705173635719355,76.97971994205697,67.77522935779817,86.18421052631578,68.04579574843879,94.93975903614458,41.15183246073298,2200.0,2.6056928E7
2300.0,187.579798375,0.0012580690037976906,2300.0,70.82608695652173,37.29991061997238,-64.86486486486484,33.89162561576355,71.85566500791944,78.45906902086676,54.8148148148148,76.68585048250203,66.77595628415301,86.59574468085106,67.59789921603956,95.09727626459143,40.09852216748768,2300.0,2.6059712E7
2400.0,196.652321636,0.0013192453191144603,2400.0,70.375,36.606720935831014,-64.96519721577728,33.42696629213482,71.58968666022344,78.08936825885978,54.276527331189705,76.44201405921443,66.23105070569785,86.652977412731,67.31661436717616,95.12012012012012,39.51310861423221,2400.0,2.6064992E7
2500.0,205.790176484,0.0013808684839443708,2500.0,69.84,35.5879707716322,-64.27015250544662,32.558139534883736,71.18322795269772,77.71867612293144,53.34158415841584,76.11525021163575,65.68431568431569,86.54618473895582,66.8514687950625,95.1519536903039,38.55098389982111,2500.0,2.6067664E7
2600.0,214.874530991,0.0014421398629714292,2600.0,68.07692307692308,33.64916086788621,-80.82788671023964,31.855500821018072,70.45444604876906,76.01156069364161,52.29885057471264,75.22337644139111,63.28200192492781,87.16475095785441,66.25413776469217,95.1519536903039,37.35632183908046,2600.0,2.6071496E7
2700.0,224.0262784,0.0015038763945775663,2700.0,67.03703703703704,33.14912946423603,-93.8997821350762,32.47344461305007,70.32110265783282,74.7159090909091,52.659574468085104,74.79218613198219,61.50608044901777,88.07829181494662,66.35442904545545,95.1519536903039,37.55690440060698,2700.0,2.6075976E7
2800.0,233.190501366,0.0015657051833369903,2800.0,66.0,32.49594813614264,-107.40740740740739,31.114327062228657,70.1128594585998,73.42266890005583,52.82457879088206,74.3030303030303,59.77272727272728,88.83333333333333,66.37005300876268,95.1519536903039,37.588152327221444,2800.0,2.6079392E7
2900.0,242.342708211,0.0016274679607040207,2900.0,64.72413793103449,31.273189246490812,-122.87581699346406,25.976845151953693,69.65323307702025,71.99562003832466,52.352119236143444,73.62608937323367,57.90400704535447,89.34817170111288,66.0871757911335,95.1519536903039,37.02239789196311,2900.0,2.6085752E7
3000.0,251.41409573,0.0016886941793594935,3000.0,63.46666666666667,30.03040527887396,-138.77995642701518,20.6946454413893,69.17544887754563,70.58507783145464,51.80299032541777,72.94363397985515,56.100682593856654,89.78658536585365,65.77746015788371,95.1519536903039,36.402966625463534,3000.0,2.608952E7
3100.0,260.46895522,0.001749816527503697,3100.0,62.096774193548384,28.555008622434652,-155.99128540305009,14.978292329956586,68.58730908105913,69.11957950065703,50.93945720250521,72.18748075892587,54.27156417664053,90.10339734121122,65.32917824212518,95.1519536903039,35.50640279394645,3100.0,2.60928E7
3200.0,269.523935013,0.001810943023482703,3200.0,61.5625,28.368848019660703,-165.65874730021605,11.383285302593649,68.55330551524781,68.23347107438018,51.34493670886076,71.91140618393473,53.18035426731079,90.64245810055866,65.4948438523834,95.17291066282421,35.81677704194261,3200.0,2.6094224E7
3300.0,278.688647574,0.0018728161417805721,3300.0,61.84848484848485,29.044596343047964,-166.17336152219875,11.400422237860681,68.89533806061094,68.26317116208722,52.18382073680212,72.14775973545646,53.18146111547526,91.11405835543766,65.92350581017124,95.28501055594651,36.56200106439596,3300.0,2.6096696E7
3400.0,287.788213217,0.0019342517543950478,3400.0,61.088235294117645,28.374162597752655,-177.35849056603783,7.288016818500336,68.64535585823529,67.27677467227305,52.013057671381944,71.72092460837546,51.98776758409785,91.45408163265306,65.82271669642485,95.30483531885073,36.34059807399899,3400.0,2.609768E7
3500.0,297.024571888,0.001996613236552362,3500.0,60.971428571428575,28.163855525958986,-181.0699588477365,7.201086956521756,68.60033703685676,67.28927203065135,51.628895184135985,71.77148687223098,51.96005917159763,91.58291457286433,65.6975575636738,95.44836956521739,35.946745562130175,3500.0,2.6098648E7
3600.0,306.218070107,0.0020586890463772448,3600.0,61.138888888888886,28.445997783650146,-183.77281947261667,7.656765676567641,68.76654769696061,67.42724097788127,51.841652323580035,71.95779961396737,52.0863309352518,91.82926829268293,65.84633283472232,95.57755775577557,36.115107913669064,3600.0,2.6100208E7
3700.0,315.508786976,0.0021214274433768764,3700.0,61.32432432432432,28.705004855605644,-187.92756539235424,8.327994875080071,68.89848102692687,67.60244509848313,52.02815957090178,72.10951916311548,52.27591036414566,91.9431279620853,65.96122647072653,95.64381806534273,36.27863487611033,3700.0,2.6102768E7
3800.0,324.876601517,0.002184689490380649,3800.0,61.26315789473684,28.863838397198098,-184.16988416988426,7.12933753943218,69.00301680367879,67.33244562805149,52.424046541693606,72.09910268858476,51.93426908592947,92.26393629124004,66.16188733256902,95.70977917981072,36.613995485327315,3800.0,2.6104016E7
3900.0,334.597477318,0.0022503380583852347,3900.0,61.30769230769231,28.825575432723483,-182.05607476635524,7.819181429444098,69.02675477211645,67.52743705616527,52.14081826831589,72.24289820448692,52.12624584717608,92.35955056179776,66.0847621466793,95.84605986560783,36.32346442775077,3900.0,2.6104912E7
4000.0,343.926326382,0.0023133429131186527,4000.0,60.75000000000001,28.453807020777795,-193.45794392523354,4.09285277947466,68.89396013349021,66.65250637213255,52.308626974483595,71.88557564269237,51.09084988603061,92.68030139935415,66.14139641608787,95.84605986560783,36.43673296656792,4000.0,2.610648E7
4100.0,353.274826944,0.002376487048326151,4100.0,61.048780487804876,29.27329627032405,-197.3929236499069,3.035822707953858,69.27461034211618,66.4143007360673,53.64296081277213,71.97476854734919,50.8043758043758,93.14516129032258,66.76972127608016,95.87128111718276,37.66816143497758,4100.0,2.6109192E7
4200.0,362.643873694,0.0024397717847570136,4200.0,60.76190476190476,29.031940548255324,-201.27970749542956,1.199040767386087,69.19996799659071,66.006600660066,53.6036036036036,71.82389937106919,50.314465408805034,93.33333333333333,66.76099878391126,95.92326139088729,37.598736176935226,4200.0,2.6109944E7
4300.0,372.022216169,0.002503123095507621,4300.0,60.74418604651163,29.35258688822011,-208.02919708029194,-1.0778443113772451,69.36173409409957,65.49468520032707,54.476806903991374,71.70634632725614,49.72067039106145,93.69202226345084,67.16559276883495,95.92814371257485,38.40304182509506,4300.0,2.6111504E7
4400.0,381.517785049,0.0025672684989009225,4400.0,60.70454545454545,29.319626615569973,-209.85663082437273,-1.2295081967213086,69.37717987041157,65.4821321621082,54.391981007649704,71.74723572061187,49.68191457134202,93.81255686988172,67.15869903365336,96.01873536299766,38.298662704309066,4400.0,2.6112408E7
4500.0,390.914526589,0.002630749755764175,4500.0,60.62222222222222,29.260134102346232,-215.86452762923344,-1.780585870189561,69.37923313265405,65.3771004298554,54.35342606903658,71.74290173614344,49.541012733195146,93.94479073909172,67.16634547183995,96.09419873635842,38.23849220732149,4500.0,2.6113832E7
4600.0,400.418238656,0.0026949566005597726,4600.0,60.23913043478261,28.94591937734147,-225.44483985765132,-4.693760732684611,69.26619720293473,64.7387700019279,54.423124844256165,71.47303528468323,48.80813953488372,94.13793103448276,67.19155626259106,96.10761305094448,38.27549947423765,4600.0,2.6115024E7
4700.0,409.93341179,0.002759243121004784,4700.0,60.29787234042553,29.02426861459988,-230.2654867256638,-4.304080491894934,69.3269443261423,64.84551620195931,54.39882697947213,71.57405342089959,48.90593918726911,94.24216765453006,67.2166388013009,96.19899385131359,38.23428375128822,4700.0,2.6115936E7
4800.0,419.473629289,0.00282375995566471,4800.0,60.4375,29.317179386968906,-229.11611785095315,-4.628099173553708,69.45813532880013,64.77462437395658,54.882394868139706,71.59412422687195,48.8255033557047,94.36274509803921,67.44590722206073,96.19834710743802,38.69346733668342,4800.0,2.6140696E7
4900.0,429.108413453,0.00288892075510297,4900.0,60.77551020408163,29.964966866880793,-229.67409948542033,-4.969961769524849,69.7557188685535,64.70804260007344,55.85668350941664,71.68585282894985,48.74135546334716,94.63035019455252,67.92679708414103,96.23156744948116,39.62202671880091,4900.0,2.614248E7
5000.0,438.772929274,0.0029542851122801046,5000.0,60.919999999999995,30.34816648855664,-230.62605752961093,-6.253398586188151,69.93803349450295,64.43392792136878,56.63559698180204,71.64835053066787,48.42681258549932,94.86988847583643,68.30746666267567,96.24796084828712,40.36697247706422,5000.0,2.6143472E7
5100.0,448.370786827,0.003019203245663841,5100.0,61.372549019607845,31.12862680065018,-232.2091062394602,-6.371490280777521,70.28820264099143,64.41473988439307,57.76157804459692,71.76279927860286,48.39847991313789,95.12711864406779,68.8729864665014,96.2742980561555,41.471674876847295,5100.0,2.6145328E7
5200.0,457.9188296,0.0030837875632768667,5200.0,61.5576923076923,31.53251039909113,-234.84087102177565,-7.704741379310367,70.47676156827946,64.1306298223578,58.587114149575314,71.71183737637446,48.07640570352435,95.34726904922455,69.2835082907111,96.28232758620689,42.28468899521531,5200.0,2.6146592E7
5300.0,467.472540488,0.003148412514425013,5300.0,61.886792452830186,32.107919110891494,-234.99170812603657,-8.485499462943089,70.73692639293871,63.967178023546204,59.55146175410493,71.72775498209303,47.88995726495727,95.56555269922879,69.77309891532622,96.29430719656284,43.251890634089584,5300.0,2.614752E7
5400.0,477.135562017,0.0032137824041450183,5400.0,62.37037037037037,32.81726649150957,-233.66174055829242,-7.855626326963915,71.02352824318372,64.08624955814776,60.4823026059899,71.83633601041893,48.03921568627451,95.63345633456335,70.22890806721594,96.23142250530785,44.226393629124004,5400.0,2.6149728E7
5500.0,486.849848388,0.003279506798245322,5500.0,62.87272727272727,33.53320913100189,-232.0325203252033,-7.586933614330878,71.2840199683163,64.09985935302392,61.55873493975904,71.85714946998102,48.10026385224274,95.6140350877193,70.71996063538053,96.04847207586934,45.39144919489173,5500.0,2.6152792E7
5600.0,496.63154501,0.0033456930021055395,5600.0,63.39285714285714,34.324942791762005,-232.2528363047001,-7.894736842105267,71.63224957976607,64.03508771929825,62.72727272727272,71.9298245614035,48.026315789473685,95.83333333333334,71.33712660028449,96.05263157894737,46.62162162162162,5600.0,2.6155056E7
5700.0,506.39880558,0.003411784276005051,5700.0,63.5438596491228,34.34812554104346,-231.4194577352473,-8.060322412896543,71.44798977307688,63.81051898293278,63.27324142806645,71.56641037238052,47.9706729510343,95.16214779372673,71.32996042637576,95.2678107124285,47.392110140323005,5700.0,2.6156144E7
5800.0,516.15250551,0.003477786111725511,5800.0,63.89655172413793,34.74962373529446,-227.69953051643182,-7.9938112429087065,71.52298225828218,63.721413721413725,64.07000686341797,71.44710048171558,47.978085050873986,94.9161159125572,71.59902538963911,94.84270242392986,48.355348355348355,5800.0,2.6157064E7
5900.0,525.846545752,0.0035433880110309454,5900.0,64.23728813559322,35.08154777604891,-226.12055641421952,-7.269954245043214,71.5264107025498,63.733241663802,64.72751588097626,71.31422704122917,48.14333939236562,94.48511469009273,71.73986076646565,94.25521098118963,49.22451055174167,5900.0,2.6158568E7
6000.0,535.572938081,0.00360921707776874,6000.0,64.5,35.286021102023355,-224.200913242009,-7.196779063915428,71.47352700248635,63.5897435897436,65.3658536585366,71.10309814467941,48.14910691172663,94.0570893776322,71.84783575172335,93.60845495722194,50.08721654622477,6000.0,2.616184E7
6100.0,545.356156748,0.0036754351640243565,6100.0,64.73770491803279,35.42622109507555,-220.5663189269747,-6.117414898865301,71.35873274591887,63.63482671174978,65.77565632458233,70.92509804359312,48.40534979423868,93.44484629294756,71.79770253553458,92.84657128761717,50.748833783452,6100.0,2.6163584E7
6200.0,555.187123194,0.0037419809091007736,6200.0,64.77419354838709,35.15628853459475,-216.98113207547186,-5.762711864406806,70.97947619761116,63.40482573726541,66.044776119403,70.47198436709267,48.475531642326416,92.46843709185895,71.49433027571285,91.6222760290557,51.36638452237001,6200.0,2.6165344E7
6300.0,565.091065548,0.003809023538212925,6300.0,64.87301587301587,35.027623011738726,-216.59513590844077,-5.5317119694802175,70.71881626193911,63.196407783136536,66.40352208896311,70.12773700735582,48.518896833503575,91.73657718120806,71.3199441641419,90.60562708631377,52.03426124197003,6300.0,2.616648E7
6400.0,574.961993535,0.0038758447673475373,6400.0,65.15625,35.25419216856992,-215.41725601131537,-5.23831996224634,70.69760711617606,63.09169149288315,67.00207161882213,69.99307727447346,48.585266377772115,91.40088817117481,71.41646435587562,89.94808872109485,52.88483999065639,6400.0,2.6167296E7
6500.0,584.812034797,0.0039425283140328005,6500.0,65.35384615384615,35.36465014207148,-215.40616246498612,-4.501160092807425,70.6160843797277,63.08196721311475,67.36231884057972,69.8647499001684,48.77059569074778,90.95890410958904,71.38375442877778,89.28074245939676,53.4867663981588,6500.0,2.6168752E7
6600.0,594.789035366,0.004010079845854469,6600.0,65.5,35.34305842021978,-215.3739612188366,-3.9726027397260286,70.44377764071334,62.9695885509839,67.70670826833073,69.64183429183588,48.90123768628442,90.38243089738735,71.2644053055012,88.40182648401826,54.12698412698413,6600.0,2.617204E7
6700.0,604.715217362,0.004077290380562264,6700.0,65.71641791044776,35.4761646816619,-214.22708618331043,-3.3288349077822534,70.38057586185383,62.933677585928685,68.11050950992642,69.52713732437661,49.068948163059886,89.98532648569334,71.2552265183844,87.71929824561403,54.791154791154796,6700.0,2.617324E7
6800.0,614.647891234,0.004144550278412566,6800.0,65.95588235294117,35.6839457944197,-213.2611637347768,-3.2099866250557376,70.40166495575772,62.83512602343876,68.59313525980193,69.46668528192669,49.096838936276974,89.8365316275764,71.36215652901461,87.24921979491752,55.475093263111695,6800.0,2.6175344E7
6900.0,624.586976974,0.004211856268839875,6900.0,66.3768115942029,36.23324419743634,-213.09041835357627,-3.34075723830733,70.6547197138105,62.78472890599935,69.33650541897966,69.58320368991366,49.05991476560542,90.1064926142219,71.75975254713303,87.17149220489978,56.348012889366274,6900.0,2.6176384E7
7000.0,634.607058894,0.0042797147762869536,7000.0,66.42857142857143,36.026255913487894,-213.75166889185587,-3.1154014918823973,70.39213397967661,62.55576800509879,69.57534955981357,69.29451167629801,49.11183387540656,89.47718947718948,71.52508853154787,86.1342694164107,56.91590764668503,7000.0,2.6177936E7
7100.0,644.556171012,0.004347094964600961,7100.0,66.69014084507042,36.25026177199479,-214.4946808510638,-3.1849912739965265,70.43593509259401,62.41856030510091,70.0897938535475,69.2518343469957,49.08772806798301,89.41594062600839,71.66123287830347,85.68935427574172,57.63311148086523,7100.0,2.6178832E7
7200.0,654.554194926,0.004414808145325663,7200.0,66.98611111111111,36.57081228527272,-215.67065073041158,-3.123644251626901,70.55061700106745,62.35946159936658,70.59987631416203,69.28466451426293,49.10224438902743,89.46708463949842,71.86369286469217,85.42299349240781,58.30439223697651,7200.0,2.6179504E7
7300.0,664.584548423,0.004482747943233433,7300.0,67.10958904109589,36.58175006914485,-217.17305151915457,-2.7385537013264964,70.46087073255596,62.27808326787117,70.84395871281117,69.1779639103294,49.20556107249256,89.15036674816625,71.79225972668435,84.80958493795464,58.77493451541407,7300.0,2.6182456E7
7400.0,674.514760518,0.004550010222318545,7400.0,67.54054054054053,37.14010759471333,-217.30515191545572,-2.781343602909702,70.73147444120764,62.268300345585914,71.5200379416647,69.33117426100699,49.193348225366094,89.46900029664788,72.18950508995303,84.80958493795464,59.569425241951414,7400.0,2.618276E7
7500.0,684.521508864,0.004617792638535113,7500.0,67.93333333333334,37.64357103229543,-216.86429512516483,-2.821718683197958,70.97687757633246,62.262670641769965,72.12240639851628,69.46979954861462,49.18195339613287,89.75764570109637,72.55079472204919,84.82257374946558,60.27901569463282,7500.0,2.6183424E7
7600.0,694.509450753,0.004685448988958926,7600.0,68.34210526315789,38.1546856646352,-216.99604743082998,-2.8644719965797383,71.22385496718299,62.25290241606526,72.73963290278722,69.60592014821226,49.16976456009913,90.04207573632539,72.9187949530449,84.82257374946558,61.01501615662421,7600.0,2.6183936E7
7700.0,704.503773287,0.0047531512082060945,7700.0,68.67532467532467,38.547164763176426,-217.78656126482224,-3.120991876870438,71.41830935465445,62.19435736677116,73.25942350332596,69.69732691402601,49.09675822816135,90.29789559989068,73.22643330263803,84.82257374946558,61.63029285581049,7700.0,2.618496E7
7800.0,714.521181738,0.004821010683769669,7800.0,69.07692307692308,39.03604389887015,-217.78656126482207,-3.1209918768704616,71.65299262017737,62.19435736677116,73.83947939262472,69.82637858202428,49.09675822816135,90.5559989358872,73.57773990531327,84.82257374946558,62.33290606116096,7800.0,2.6185296E7
7900.0,724.509329557,0.0048886734109609455,7900.0,69.41772151898734,39.429578602327,-218.31357048748345,-3.2920051303976163,71.84552411780565,62.15538847117794,74.34154630416313,69.91969397456307,49.04820766378244,90.79118028534371,73.88044709771427,84.82257374946558,62.93832044596296,7900.0,2.6185864E7
8000.0,734.448084487,0.004956004209827648,8000.0,69.8,39.8808503649669,-218.31357048748345,-3.292005130397604,72.06162712944906,62.15538847117794,74.87520798668885,70.03611394567125,49.04820766378244,91.02402022756006,74.20778925947047,84.82257374946558,63.59300476947536,8000.0,2.6186904E7
8100.0,744.365906564,0.005023195044938123,8100.0,70.1358024691358,40.25914139807128,-218.7088274044795,-3.4202650705429583,72.2454589761495,62.126193831219666,75.3490268011821,70.12537604032947,49.01185770750988,91.23889437314907,74.49773020054428,84.82257374946558,64.17288665162299,8100.0,2.6187624E7
8200.0,754.287759884,0.005090414648677594,8200.0,70.47560975609755,40.6402961377112,-218.97233201581042,-3.505771697306544,72.42951100900342,62.1067459696353,75.8166017380881,70.21671872675888,48.98765432098766,91.44578313253012,74.78630820215132,84.82257374946558,64.75004265483706,8200.0,2.6188192E7
8300.0,764.23746151,0.005157824487005677,8300.0,70.75903614457832,40.934242991517955,-219.76284584980226,-3.7622915775972534,72.57558769512171,62.04847537138388,76.21754042136207,70.27521857054954,48.91518737672584,91.63524976437323,75.03165258518405,84.82257374946558,65.24073142090253,8300.0,2.61888E7
8400.0,774.188355317,0.005225268351410816,8400.0,71.05952380952381,41.251339224578885,-220.28985507246398,-3.9333048311244054,72.73067120113346,62.00968901390842,76.6272473800596,70.34363578579375,48.86699507389163,91.82027649769586,75.28540005737592,84.82257374946558,65.74822636528626,8400.0,2.619888E7
8500.0,784.151662821,0.005292798290036308,8500.0,71.32941176470588,41.5203968454186,-221.08036890645573,-4.189824711415142,72.86463678693836,61.95160031225605,76.99858423784805,70.39428478370309,48.79488440727988,91.99368516012629,75.51467918117655,84.82257374946558,66.20678461288752,8500.0,2.6199632E7
8600.0,794.125855785,0.005360403144169778,8600.0,71.63953488372094,41.84822796146703,-221.34387351778656,-4.275331338178675,73.02268373045915,61.93226158888715,77.40201982766608,70.46885427867471,48.77089478859391,92.16681376875552,75.76857804227791,84.82257374946558,66.71458233509024,8600.0,2.6200072E7
8700.0,804.131963667,0.005428225704377798,8700.0,71.9080459770115,42.11196424068602,-222.00263504611337,-4.489097905087632,73.15295187824532,61.88396756082345,77.75755369493993,70.51933295804136,48.71102381536951,92.3276421007132,75.99091271972571,84.82257374946558,67.15925168998585,8700.0,2.6200608E7
8800.0,814.158273859,0.005496187480743005,8800.0,72.1590909090909,42.34133235916214,-221.1009174311928,-4.477611940298519,73.24551386981778,61.849890999688576,78.0819466809805,70.55559372612879,48.712288447387785,92.39889900486979,76.14866907027329,84.6908315565032,67.60650658404337,8800.0,2.6201488E7
8900.0,824.166601397,0.005564029953660538,8900.0,72.47191011235955,42.7154038738731,-220.26143790849676,-4.210974053594238,73.4223109931125,61.921044451352195,78.44448354742212,70.66744235034595,48.78765613519471,92.54722856549719,76.40068173054497,84.72990216928966,68.07146129180028,8900.0,2.6202488E7
9000.0,834.05987381,0.005631096199164531,9000.0,72.71111111111111,42.93315232216685,-221.04575163398704,-4.46618460229687,73.53144943027854,61.86335403726708,78.75432525951558,70.70297367985057,48.71606749816581,92.68987986153533,76.59566246981552,84.72990216928966,68.4614227703414,9000.0,2.6203928E7
9100.0,844.791733964,0.005703852162918232,9100.0,72.92307692307692,43.10870205156683,-222.09150326797374,-4.8064653339004595,73.62235915259146,61.78660049627791,79.03335602450647,70.72262378477234,48.620942152794726,92.82430541674995,76.77004813605986,84.72990216928966,68.81019410283005,9100.0,2.6205712E7
9200.0,856.206873773,0.005781242716520022,9200.0,73.1304347826087,43.27657682082553,-223.13725490196057,-5.146746065504035,73.70956890603738,61.71003717472118,79.30341594105828,70.7400319627444,48.526187576126674,92.95387634936212,76.93934150660424,84.72990216928966,69.14878084391883,9200.0,2.6206504E7
9300.0,867.604224449,0.005858518987770495,9300.0,73.10752688172043,43.05535479883,-221.46529562982016,-4.995801847187246,73.51445791167886,61.54082731047209,79.32545259155161,70.59977156548301,48.556175685513224,92.6433674454528,76.68017139241041,84.00503778337531,69.3553050014455,9300.0,2.6208648E7
9324.0,871.023989437,0.005881705756607347,9324.0,73.12312312312312,43.0195348894375,-220.46035805626593,-4.985337243401767,73.47645971692745,61.493546404425324,79.35749588138384,70.56868941877046,48.556175685513224,92.58120315202768,76.63415650785853,83.8290741516548,69.43923886406228,9324.0,2.6208752E7
