learning evaluation instances,evaluation time (cpu seconds),model cost (RAM-Hours),classified instances,classifications correct (percent),Kappa Statistic (percent),Kappa Temporal Statistic (percent),Kappa M Statistic (percent),F1 Score (percent),F1 Score for class 0 (percent),F1 Score for class 1 (percent),Precision (percent),Precision for class 0 (percent),Precision for class 1 (percent),Recall (percent),Recall for class 0 (percent),Recall for class 1 (percent),model training instances,model serialized size (bytes)
100.0,0.423612111,3.4145226261510204E-8,100.0,100.0,?,?,?,?,100.0,?,?,100.0,?,?,100.0,?,100.0,311576.0
200.0,0.60961182,5.0171300711327545E-8,200.0,95.5,44.92044063647486,-125.0,-50.0,73.9455871065281,97.65013054830287,47.05882352941177,67.65271765271766,98.94179894179894,36.36363636363637,81.52920962199313,96.3917525773196,66.66666666666666,200.0,333056.0
300.0,0.713867019,5.9159513142680134E-8,300.0,85.66666666666667,12.601626016260195,-975.0000000000019,-616.666666666666,63.29840459716036,92.16757741347905,15.686274509803921,54.052287581699346,99.2156862745098,8.88888888888889,76.36054421768708,86.05442176870748,66.66666666666666,300.0,333256.0
400.0,0.805851232,6.709037123150297E-8,400.0,82.25,7.564119255305357,-1674.9999999999982,-1083.3333333333321,61.57524099640678,90.15256588072123,10.126582278481013,52.43391562984374,99.38837920489296,5.47945205479452,74.57698815566836,82.48730964467005,66.66666666666666,400.0,333280.0
500.0,0.879678738,7.345606772746478E-8,500.0,78.2,3.9749101416589987,-1716.6666666666647,-1262.4999999999986,57.0950095802486,87.65571913929784,6.837606837606838,51.323353433914455,98.9769820971867,3.669724770642202,64.32926829268293,78.65853658536585,50.0,500.0,333296.0
600.0,0.946275801,7.919708666420439E-8,600.0,71.83333333333334,2.5187463949240705,-2012.5000000000036,-1589.9999999999945,55.53578555673745,83.44760039177278,5.586592178770949,50.8992435371161,98.83990719257541,2.9585798816568047,61.101694915254235,72.20338983050848,50.0,600.0,333224.0
700.0,1.048094167,8.800471237620754E-8,700.0,68.85714285714286,1.2118701123828384,-1716.666666666668,-890.9090909090894,51.760166079538784,81.30360205831904,6.837606837606837,50.452366223321995,97.1311475409836,3.7735849056603774,53.137570394207565,69.91150442477876,36.36363636363637,700.0,334376.0
800.0,1.116786456,9.396103936469804E-8,800.0,66.0,9.727523148916422,-1992.3076923076937,-122.95081967213117,55.60182292438734,77.70491803278689,28.421052631578952,54.192053548442466,87.4538745387454,20.930232558139537,57.08689975337299,69.91150442477876,44.26229508196721,800.0,335176.0
900.0,1.181203672,9.95473402064004E-8,900.0,67.11111111111111,22.049193279376404,-957.1428571428578,-47.26368159203977,61.714083236283926,76.80250783699061,43.511450381679396,60.108064022836174,84.92201039861352,35.294117647058826,63.408280485982104,70.10014306151645,56.71641791044776,900.0,335216.0
1000.0,1.290835026,1.0905758869796164E-7,1000.0,68.0,27.469548543271223,-400.00000000000034,-24.51361867704278,64.33542535348312,76.53958944281524,49.68553459119498,62.87331268402738,84.05797101449275,41.68865435356201,65.86715963781285,70.2557200538358,61.478599221789885,1000.0,335320.0
1100.0,1.380960816,1.1687335298892526E-7,1100.0,65.54545454545455,22.437209302325574,-294.7916666666667,-16.61538461538465,61.36315092710959,74.30508474576271,47.72413793103448,60.76785714285714,78.28571428571428,43.25,61.97022332506204,70.70967741935485,53.230769230769226,1100.0,335216.0
1200.0,1.459701357,1.2369803331675423E-7,1200.0,65.16666666666666,21.088649413985664,-257.2649572649572,-16.434540389972152,60.63367262204179,74.13366336633665,46.683673469387756,60.17457305502847,77.29032258064517,43.05882352941177,61.09983141173626,71.22473246135553,50.974930362116986,1200.0,335032.0
1300.0,1.546696211,1.3123633941337676E-7,1300.0,63.61538461538462,17.791919570041994,-278.40000000000003,-12.887828162291164,58.9023676734479,72.83170591614015,44.93597206053551,58.792283298097246,73.72093023255813,43.86363636363637,59.01286507250656,71.96367763904654,46.06205250596659,1300.0,334952.0
1400.0,1.618389854,1.374478697827914E-7,1400.0,62.92857142857143,17.1066501777427,-257.9310344827587,-8.577405857740574,58.55474419401374,72.02156334231805,45.07936507936508,58.603638650389826,71.59699892818864,45.610278372591004,58.50593125731764,72.45119305856834,44.56066945606695,1400.0,334904.0
1500.0,1.688186083,1.4349659734222627E-7,1500.0,62.06666666666667,15.90470184842156,-217.8770949720671,-6.355140186915873,57.96804069415293,71.13140537798071,44.70359572400389,58.12030650107452,69.68190854870775,46.558704453441294,57.8165706261198,72.64248704663213,42.99065420560748,1500.0,334992.0
1600.0,1.775604427,1.510723235166901E-7,1600.0,62.0625,17.04958917681624,-172.19730941704032,-2.188552188552202,58.55435530228357,70.69048768710768,46.235606731620905,58.75872054758457,68.73239436619718,48.78504672897196,58.35140671124767,72.76341948310139,43.93939393939394,1600.0,334984.0
1700.0,1.859373467,1.583319721844627E-7,1700.0,63.05882352941177,20.550224671105042,-161.66666666666657,3.8284839203675496,60.30624477088702,70.84493964716806,49.59871589085071,60.516474192285486,68.92502258355917,52.1079258010118,60.097470933506514,72.8748806112703,47.32006125574272,1700.0,334992.0
1800.0,1.937195817,1.6507610375773163E-7,1800.0,64.22222222222223,23.49524815205913,-126.76056338028165,7.9999999999999964,61.78092805617298,71.52961980548187,51.86846038863976,62.00502862322554,69.62134251290878,54.38871473354232,61.55844155844156,73.54545454545455,49.57142857142857,1800.0,334984.0
1900.0,2.010073791,1.7139145108103755E-7,1900.0,65.63157894736842,27.782473149072985,-116.22516556291393,14.973958333333325,63.919689235931074,71.86557518311074,55.848546315077755,64.11508920850885,70.14297729184187,58.08720112517582,63.72547666372203,73.67491166077738,53.776041666666664,1900.0,334968.0
2000.0,2.082944704,1.7770407512625266E-7,2000.0,66.75,30.273620990471066,-99.10179640718559,17.698019801980198,65.15733064072157,72.6674886970818,57.56222080408424,65.32658328370061,71.23287671232876,59.42028985507246,64.98895275433584,74.16107382550335,55.816831683168324,2000.0,334856.0
2100.0,2.156482133,1.8407641629266864E-7,2100.0,68.0,33.884297520661164,-81.13207547169812,23.809523809523828,66.95686382702615,72.88135593220339,60.97560975609756,67.08333333333334,71.66666666666667,62.5,66.83087027914614,74.13793103448276,59.523809523809526,2100.0,334960.0
2200.0,2.229790419,1.9042859777334456E-7,2200.0,68.9090909090909,36.48622981956314,-71.85929648241206,28.37696335078534,68.25026717963023,72.85714285714285,63.61702127659573,68.32432432432431,72.0,64.64864864864865,68.17637040307828,73.73493975903614,62.617801047120416,2200.0,334944.0
2300.0,2.30414365,1.968708623563374E-7,2300.0,69.69565217391305,38.333769291132626,-71.25307125307121,31.330049261083754,69.17512231352264,73.22320399538994,65.09764646970456,69.24898553322475,72.30652503793627,66.19144602851324,69.10141649575434,74.16342412451363,64.03940886699507,2300.0,334920.0
2400.0,2.379537241,2.03403267936452E-7,2400.0,70.29166666666666,39.76056302329314,-65.42923433874714,33.23970037453182,69.88234451056552,73.40544572920551,66.35205285512035,69.91579906601712,72.94292068198665,66.88867745004757,69.84892195566353,73.87387387387388,65.82397003745318,2400.0,334920.0
2500.0,2.471060618,2.1133341281410514E-7,2500.0,70.84,41.01727959071657,-58.82352941176471,34.794275491949925,70.50864653967352,73.63471971066909,67.38255033557046,70.51040548002312,73.60809833694866,67.41271262309758,70.50688768707818,73.66136034732273,67.35241502683364,2500.0,334928.0
2600.0,2.543318985,2.1759476809482194E-7,2600.0,71.65384615384616,43.056263810980795,-60.56644880174291,39.490968801313635,71.52865333878842,73.4222863324919,69.6332921302019,71.53861614217358,73.18475916606758,69.89247311827957,71.51869330995035,73.66136034732273,69.376026272578,2600.0,334952.0
2700.0,2.614761834,2.2378575256430647E-7,2700.0,72.4074074074074,44.76729498959874,-62.309368191721084,43.47496206373293,72.38542610031149,73.21107515282273,71.55402825505918,72.3938917608328,72.7662616154396,72.02152190622598,72.37696241948836,73.66136034732273,71.09256449165402,2700.0,334968.0
2800.0,2.68613469,2.2997067168810507E-7,2800.0,73.21428571428571,46.43053928631193,-63.39869281045755,45.73082489146164,73.21813636482126,73.07968413496052,73.34754797441364,73.21631196989364,72.50712250712252,73.92550143266476,73.21996085067124,73.66136034732273,72.77856135401974,2800.0,334968.0
2900.0,2.757511973,2.361561221628905E-7,2900.0,74.0,47.92926800924347,-64.27015250544666,45.441389290882775,73.9684999623405,72.97491039426524,74.95016611295681,73.95217676090665,72.30113636363636,75.60321715817693,73.98483037128982,73.66136034732273,74.30830039525692,2900.0,334976.0
3000.0,2.829132173,2.423627716935695E-7,3000.0,74.5,48.78242775309515,-66.66666666666664,44.64544138929088,74.39871246098281,72.68832559800073,76.0862769615505,74.35862976439297,71.74066243833686,76.97659709044909,74.43883839368608,73.66136034732273,75.21631644004944,3000.0,334984.0
3100.0,2.906757197,2.4908803569207794E-7,3100.0,75.29032258064517,50.1272756294473,-66.88453159041391,44.573082489146174,75.07133586265826,72.66238401142041,77.45732783990582,75.01173708920189,71.69014084507043,78.33333333333333,75.13102941696754,73.66136034732273,76.60069848661234,3100.0,334896.0
3200.0,2.978928144,2.5534077026897626E-7,3200.0,75.90625,51.09566949299021,-66.52267818574519,44.452449567723335,75.55416292826703,72.57203842049093,78.51769295068264,75.48524501605785,71.67955024595925,79.29093978615644,75.62320679937147,73.48703170028818,77.75938189845475,3200.0,334896.0
3300.0,3.051044954,2.61588814533417E-7,3300.0,76.12121212121212,51.39615498054837,-66.59619450317126,44.54609429978889,75.70045702380357,72.48603351955308,78.90792291220556,75.65440424891152,71.93347193347194,79.3753365643511,75.74656589985464,73.04714989444054,78.44598190526875,3300.0,334896.0
3400.0,3.124946632,2.679914958966171E-7,3400.0,76.6470588235294,52.13201888476612,-66.45702306079669,44.358794674141556,76.06723144437731,72.33449477351917,79.79643765903307,76.02805431114066,71.93347193347194,80.12263668880941,76.10644897425688,72.74001401541696,79.47288393309681,3400.0,334896.0
3500.0,3.201176601,2.745981040743469E-7,3500.0,76.71428571428571,52.21843803790899,-67.69547325102877,44.63315217391305,76.10922354176567,72.30716955487597,79.91126448114369,76.11165965693235,72.33174711080898,79.89157220305569,76.1067875825401,72.28260869565217,79.93096646942801,3500.0,335008.0
3600.0,3.27682398,2.811542210357118E-7,3600.0,76.75,52.22239135398431,-69.77687626774853,44.752475247524735,76.1127444001639,72.20192627034208,80.01909763666747,76.15911124214637,72.66042780748663,79.65779467680608,76.06643398152767,71.74917491749176,80.38369304556355,3600.0,335008.0
3700.0,3.371953291,2.8939877488033424E-7,3700.0,76.72972972972974,52.117087001796456,-73.23943661971832,44.84304932735427,76.06606374968283,72.03637544657356,80.07405693126591,76.17085653490227,73.0566534914361,79.28505957836846,75.96155890767807,71.04420243433697,80.87891538101917,3700.0,335008.0
3800.0,3.454635605,2.9656475833078426E-7,3800.0,77.07894736842105,52.65410518003972,-68.14671814671816,45.0473186119874,76.33648892597658,72.09227811598846,80.55369502121009,76.46208314929328,73.2421875,79.68197879858657,76.21130662033312,70.97791798107255,81.44469525959369,3800.0,335016.0
3900.0,3.531407256,3.0321847124609674E-7,3900.0,77.2051282051282,52.93819022901758,-66.16822429906549,45.69334147831398,76.48592192066623,72.27938883691924,80.64445895928587,76.65331729586397,73.82165605095541,79.48497854077253,76.31925606777214,70.80024434941967,81.83826778612462,3900.0,335016.0
4000.0,3.610752251,3.100952130006398E-7,4000.0,77.7,53.60206855710496,-66.72897196261675,45.5100794135614,76.81607252603271,72.21183800623055,81.37787056367432,76.9928838812983,73.68086458995549,80.30490317264112,76.64007139180676,70.80024434941967,82.47989843419383,4000.0,335016.0
4100.0,3.686681693,3.166756183181971E-7,4100.0,78.04878048780488,54.00235597688899,-67.59776536312846,45.355191256830615,77.01972838330856,72.06703910614523,81.92044997991161,77.23338048090524,73.71428571428571,80.75247524752476,76.80725508410578,70.49180327868852,83.12270688952303,4100.0,335000.0
4200.0,3.763163729,3.233039140508592E-7,4200.0,78.38095238095238,54.47878350350075,-65.99634369287014,45.56354916067147,77.26165275311958,72.11302211302211,82.34836702954898,77.50838023306498,73.9294710327456,81.08728943338438,77.0164910725448,70.38369304556355,83.64928909952607,4200.0,335000.0
4300.0,3.839394277,3.299104146414932E-7,4300.0,78.88372093023256,55.1599788685486,-65.69343065693427,45.628742514970064,77.60190195587671,72.14723926380367,82.99625468164794,77.86674093156026,73.9622641509434,81.77121771217712,77.33885840486327,70.4191616766467,84.25855513307985,4300.0,335000.0
4400.0,3.917846891,3.367096523693306E-7,4400.0,78.81818181818183,54.94323515658237,-67.02508960573473,45.43325526932085,77.50177047308846,71.92771084337349,82.99270072992701,77.8166619792019,74.06947890818859,81.5638450502152,77.18941716457124,69.90632318501171,84.47251114413076,4400.0,335008.0
4500.0,3.997259132,3.4359156485118376E-7,4500.0,78.97777777777777,55.20362933733993,-68.6274509803921,45.663411832280296,77.6346443833177,72.01183431952664,83.16725978647688,77.9686593324759,74.25259304453935,81.68472562041245,77.30347904274018,69.90235496840896,84.7046031170714,4500.0,334984.0
4600.0,4.07524484,3.503498531268081E-7,4600.0,79.34782608695652,55.6595914797419,-69.03914590747335,45.62106468231253,77.86200781456228,71.9929245283019,83.64325068870524,78.2122928013413,74.22492401215806,82.19966159052453,77.51484644147867,69.89124212936463,85.1384507535927,4600.0,334984.0
4700.0,4.154964237,3.572577239811482E-7,4700.0,79.53191489361701,56.05021554971251,-70.26548672566378,46.226942425936265,78.06393625779909,72.22863741339492,83.79380053908358,78.45072159861847,74.68656716417911,82.21487603305785,77.68094613845942,69.927333705981,85.43455857093782,4700.0,334952.0
4800.0,4.235805459,3.6426046124417947E-7,4800.0,79.625,56.135998587202415,-69.4974003466204,46.11570247933886,78.10549867316013,72.18430034129693,83.92504930966467,78.49229398116135,74.60317460317461,82.38141335914811,77.7224967814278,69.91735537190083,85.52763819095478,4800.0,334840.0
4900.0,4.316914428,3.7128655951221157E-7,4900.0,79.81632653061224,56.307416333945106,-69.63979416809606,45.98580010922994,78.19353110562484,72.08580299181484,84.19370305258111,78.60672762344774,74.5911214953271,82.62233375156838,77.78465581094147,69.74330966684872,85.82600195503422,4900.0,334848.0
5000.0,4.398523339,3.7835596546450623E-7,5000.0,80.02,56.41706573336075,-69.03553299492387,45.67699836867864,78.25155157782054,71.88291584576415,84.50442066077244,78.70061169659337,74.50408401400233,82.89713937918441,77.80758699477505,69.43991299619358,86.17526099335653,5000.0,334848.0
5100.0,4.482282969,3.8561167834718395E-7,5100.0,80.31372549019608,56.78663515038088,-69.30860033726808,45.78833693304535,78.43896804642316,71.90822607722438,84.84757017808633,78.91872600532653,74.62253193960511,83.21492007104796,77.96500787326177,69.38444924406048,86.54556650246306,5100.0,334848.0
5200.0,4.575421629,3.9367985361535717E-7,5200.0,80.61538461538461,57.10458572404996,-68.84422110552772,45.68965517241378,78.59724217782112,71.85929648241206,85.21560574948666,79.09332762297778,74.56546929316339,83.62118595279216,78.10734099158554,69.34267241379311,86.872009569378,5200.0,334848.0
5300.0,4.657454122,4.00785612985233E-7,5300.0,80.9433962264151,57.49927749565704,-67.49585406301823,45.75725026852847,78.79533750632433,71.88195991091314,85.58789954337898,79.31493984877189,74.6242774566474,84.00560224089637,78.282498817475,69.33404940923738,87.23094822571262,5300.0,334832.0
5400.0,4.741536808,4.0807000680068087E-7,5400.0,80.9074074074074,57.22291476116011,-69.29392446633831,45.276008492569005,78.66343447728558,71.55862068965516,85.63066202090593,79.22739033947907,74.49741527857553,83.95736540038263,78.10745056266893,68.84288747346072,87.37201365187714,5400.0,334880.0
5500.0,4.827419678,4.155110681833388E-7,5500.0,81.05454545454546,57.29826391476046,-69.43089430894307,45.100105374077984,78.70359722872739,71.43640350877195,85.82698585418933,79.29523809523809,74.45714285714286,84.13333333333334,78.12071972660078,68.65121180189674,87.59022765130483,5500.0,334912.0
5600.0,4.910551585,4.227137807014977E-7,5600.0,81.35714285714286,57.6040609137056,-69.20583468395454,45.052631578947384,78.857360980297,71.39726027397259,86.17218543046357,79.47532467532467,74.45714285714286,84.4935064935065,78.24893314366999,68.57894736842105,87.91891891891892,5600.0,334912.0
5700.0,4.995203434,4.300481839947795E-7,5700.0,81.47368421052632,57.688721083391435,-68.42105263157893,45.0858034321373,78.90736163037926,71.3355048859935,86.31415241057542,79.57795910635488,74.61669505962521,84.53922315308454,78.24797185692034,68.33073322932918,88.16521048451152,5700.0,334912.0
5800.0,5.079905106,4.3738655345299795E-7,5800.0,81.60344827586206,57.74054280246725,-66.97965571205002,44.971634863331616,78.93902737210718,71.21661721068249,86.48169263904725,79.65422547224019,74.6606334841629,84.64781746031747,78.23655820045713,68.07632800412584,88.3967883967884,5800.0,334896.0
5900.0,5.164930573,4.447529758089056E-7,5900.0,81.62711864406779,57.68597403439454,-67.54250386398763,44.890696492119986,78.91864875444686,71.10874200426439,86.53081510934393,79.67557375319508,74.73389355742297,84.6172539489672,78.17597012284179,67.81901372648703,88.53292651919654,5900.0,334896.0
6000.0,5.250346309,4.5215285667213506E-7,6000.0,81.76666666666667,57.855207597773806,-66.51445966514454,44.942123804730755,79.00319138365428,71.13456464379948,86.6747868453106,79.7695604617354,74.7642817526345,84.77483917083632,78.25140763580268,67.84096628082537,88.66184899077997,6000.0,334880.0
6100.0,5.336502089,4.596163153564288E-7,6100.0,81.70491803278689,57.756175016372936,-66.31892697466468,44.94326591021215,78.95908875044609,71.0880829015544,86.61870503597122,79.74980473472114,74.84997272231315,84.64963674712914,78.18389865952776,67.68623581647756,88.68156150257795,6100.0,334856.0
6200.0,5.424218763,4.6721499036491535E-7,6200.0,81.59677419354838,57.478192711989905,-65.60232220609589,44.74576271186439,78.83339651841746,70.87056420730151,86.5495697276907,79.68781356737091,74.94600431965442,84.4296228150874,77.99710731340268,67.21549636803874,88.77871825876663,6200.0,334856.0
6300.0,5.512164111,4.748334748272908E-7,6300.0,81.66666666666667,57.59057834176801,-65.236051502146,44.92131616595135,78.89587117909325,70.91412742382272,86.61490323328312,79.78315050147546,75.1334044823906,84.43289652056033,78.02810990310417,67.14353838817358,88.91268141803474,6300.0,334856.0
6400.0,5.599860692,4.824304092296875E-7,6400.0,81.859375,57.89612064520296,-64.2149929278642,45.21000471920717,79.05213470854974,71.04015964080817,86.79331134114435,79.96685789368716,75.34391534391534,84.58980044345898,78.15810148753687,67.20151014629542,89.11469282877832,6400.0,334856.0
6500.0,5.688711979,4.901273729107177E-7,6500.0,81.96923076923078,58.14596170064309,-64.14565826330534,45.61484918793505,79.18432163354949,71.20393120393119,86.8756998880179,80.13387963361056,75.66579634464752,84.60196292257362,78.25700394351456,67.23897911832947,89.27502876869966,6500.0,334856.0
6600.0,5.777777191,4.97843605696325E-7,6600.0,81.92424242424242,58.04546806014239,-65.23545706371196,45.52511415525113,79.13692693419749,71.13476893297846,86.84239550016545,80.09780239952231,75.65620174987133,84.53940304917329,78.19883204423321,67.12328767123287,89.27437641723355,6600.0,334888.0
6700.0,5.867538378,5.056201348085494E-7,6700.0,82.01492537313433,58.21376540581118,-64.84268125854992,45.79397210976159,79.22937652239195,71.22044423214713,86.92065559535438,80.23020793196454,75.91649694501018,84.54391891891892,78.25320720057563,67.0715249662618,89.43488943488943,6700.0,334888.0
6800.0,5.957980774,5.134558681637835E-7,6800.0,82.13235294117646,58.31532984773743,-64.41136671177274,45.83147570218456,79.28737663255053,71.18804837562249,87.0510497708622,80.33172435192522,76.03850050658562,84.62494819726481,78.26983438882003,66.9193045028979,89.62036427474216,6800.0,334896.0
6900.0,6.047765354,5.212346097651413E-7,6900.0,82.3913043478261,58.60543750796192,-63.967611336032405,45.879732739420945,79.43142291987452,71.21535181236675,87.31600375822111,80.49685174161424,76.06275303643724,84.93095044679123,78.3938289886345,66.94877505567929,89.83888292158969,6900.0,334896.0
7000.0,6.139627628,5.291933582758447E-7,7000.0,82.38571428571429,58.55906344155575,-64.61949265687588,45.89732338745064,79.41815515441282,71.15789473684211,87.32133676092545,80.52726155748748,76.20240480961924,84.85211830535572,78.33918524672792,66.73979815708644,89.93857233636942,7000.0,334896.0
7100.0,6.230504697,5.370667507586048E-7,7100.0,82.53521126760563,58.68651265739388,-64.89361702127655,45.89877835951134,79.48678691405193,71.1224965067536,87.48233393902684,80.63392080653752,76.27372627372627,84.99411533934877,78.37183446437439,66.62303664921467,90.1206322795341,7100.0,334896.0
7200.0,6.32436832,5.451985032917807E-7,7200.0,82.65277777777777,58.732609076733446,-65.86985391766267,45.81344902386116,79.51669297285684,71.02760380422176,87.62018039448904,80.70961355440801,76.321036889332,85.09819021948401,78.35852246415507,66.42082429501085,90.29622063329928,7200.0,334880.0
7300.0,6.418907411,5.533891654312734E-7,7300.0,82.65753424657534,58.72999967044016,-67.23910171730516,45.82798459563542,79.51835752853394,71.01648351648353,87.62705238467554,80.7244401845414,76.36632200886262,85.08255836022015,78.34778387021598,66.36713735558408,90.32843038484788,7300.0,334896.0
7400.0,6.510694336,5.613413858677695E-7,7400.0,82.89189189189189,58.96507037619207,-67.23910171730516,45.82798459563543,79.6349472308027,71.01648351648353,87.86426380368098,80.86336215920873,76.36632200886262,85.36040230955486,78.44329611211951,66.36713735558408,90.51945486865495,7400.0,334896.0
7500.0,6.602898257,5.693297339347874E-7,7500.0,83.09333333333333,59.15872996104403,-67.06192358366282,45.788798631893954,79.72854160970239,71.01051668952904,88.0670054583098,80.96603132284743,76.31449631449631,85.61756633119853,78.5283101738389,66.39589568191535,90.66072466576244,7500.0,334896.0
7600.0,6.697414474,5.77518414320449E-7,7600.0,83.3157894736842,59.377253909446104,-67.06192358366268,45.788798631893975,79.83693518551814,71.01051668952904,88.28745612414556,81.09525354808373,76.31449631449631,85.87601078167117,78.61706968091205,66.39589568191535,90.83824367990876,7600.0,334896.0
7700.0,6.788883875,5.85443314470713E-7,7700.0,83.50649350649351,59.5342470038832,-67.32542819499348,45.7032920051304,79.91244455498305,70.97806215722122,88.47968069666183,81.17999942958846,76.23956799214531,86.1204308670316,78.68386464752362,66.39589568191535,90.97183361313188,7700.0,334904.0
7800.0,6.884018291,5.936857511698849E-7,7800.0,83.71794871794872,59.73778592939261,-67.32542819499338,45.7032920051304,80.01341601008815,70.97806215722122,88.68496079828937,81.30041908196542,76.23956799214531,86.36127017178553,78.76652502462366,66.39589568191535,91.13715436733199,7800.0,334904.0
7900.0,6.976895467,6.017326208114439E-7,7900.0,83.92405063291139,59.934211120071424,-67.32542819499334,45.7032920051304,80.11085698448777,70.97806215722122,88.8830532212885,81.41673095155619,76.23956799214531,86.59389391096708,78.84621254155108,66.39589568191535,91.29652940118683,7900.0,334904.0
8000.0,7.06842464,6.096626996020683E-7,8000.0,84.05,59.96681575315213,-68.11594202898542,45.44677212483969,80.12018759310915,70.88087631218623,89.01704252022724,81.41055110984243,76.01566324033284,86.80543897935202,78.87009057192394,66.39589568191535,91.34428546193251,8000.0,334904.0
8100.0,7.163569264,6.179060207213834E-7,8100.0,84.24691358024691,60.151206116533096,-68.1159420289854,45.446772124839704,80.21169371408506,70.88087631218623,89.20291081401251,81.51947104562457,76.01566324033284,87.0232788509163,78.94521394059315,66.39589568191535,91.49453219927096,8100.0,334904.0
8200.0,7.255294934,6.258529341573144E-7,8200.0,84.4390243902439,60.32946953366803,-68.11594202898559,45.446772124839676,80.30015812941295,70.88087631218623,89.38259277750042,81.62485289676216,76.01566324033284,87.2340425531915,79.01777380922248,66.39589568191535,91.6396519365296,8200.0,334896.0
8300.0,7.346921268,6.337912413372968E-7,8300.0,84.62650602409639,60.50190639427695,-68.11594202898549,45.44677212483967,80.3857300474148,70.88087631218623,89.55639220821739,81.72686630132353,76.01566324033284,87.43806936231421,79.08789919140223,66.39589568191535,91.77990270088911,8300.0,334896.0
8400.0,7.438948992,6.417643240777527E-7,8400.0,84.78571428571429,60.61790764108414,-68.3794466403163,45.361265498076115,80.4411070912329,70.84854014598541,89.70682989690721,81.78655314433891,75.94132029339853,87.63178599527932,79.13921165880951,66.39589568191535,91.88252763570368,8400.0,334896.0
8500.0,7.530702674,6.497136644127095E-7,8500.0,84.91764705882353,60.67878868008108,-68.90645586297752,45.19025224454895,80.46702770792858,70.78395624430264,89.83507770377418,81.80445614758976,75.79306979014153,87.81584250503798,79.1726272761143,66.39589568191535,91.94935887031326,8500.0,334896.0
8600.0,7.622610151,6.576763292134552E-7,8600.0,85.09302325581395,60.83629841282785,-68.90645586297768,45.190252244548944,80.54522065411149,70.78395624430264,89.99375585388698,81.89745078577447,75.79306979014153,88.00183178140742,79.23691925127552,66.39589568191535,92.07794282063568,8600.0,334896.0
8700.0,7.714295612,6.656197590286905E-7,8700.0,85.26436781609196,60.98897328324937,-68.9064558629776,45.19025224454897,80.62101269429188,70.78395624430264,90.14755610205962,81.98764901324849,75.79306979014153,88.18222823635543,79.29918978404838,66.39589568191535,92.20248388618143,8700.0,334896.0
8800.0,7.806068158,6.735703538337888E-7,8800.0,85.4090909090909,61.15814669303518,-68.28309305373527,45.245202558635405,80.70279725860956,70.8314402544298,90.27125322018487,82.06672635753773,75.78998541565386,88.34346729942162,79.3834633405948,66.4818763326226,92.285050348567,8800.0,334880.0
8900.0,7.901414773,6.818305834443163E-7,8900.0,85.57303370786516,61.37285176289347,-67.843137254902,45.38494257762652,80.80927820797531,70.91073855913005,90.40788883908563,82.18206359270516,75.86039747939893,88.50372970601141,79.48160186803679,66.56741811994897,92.3957856161246,8900.0,334880.0
9000.0,7.993191801,6.897815665416377E-7,9000.0,85.6888888888889,61.41526106310542,-68.36601307189547,45.214802211824775,80.82627842437616,70.84653689452242,90.5168605507289,82.18825553394431,75.7135945815191,88.66291648636954,79.50870530001058,66.56741811994897,92.4499924800722,9000.0,334880.0
9100.0,8.084664224,6.977063498939925E-7,9100.0,85.82417582417582,61.50334946110919,-68.62745098039214,45.12973202892385,80.8680347063337,70.81447963800905,90.63860667634252,82.23067092436527,75.64040599323346,88.82093585549708,79.54982255827052,66.56741811994897,92.53222699659209,9100.0,334888.0
9200.0,8.176867655,7.056944646837231E-7,9200.0,85.91304347826086,61.49154381664299,-69.41176470588232,44.874521480221155,80.85634164237628,70.71848169905105,90.72563331902104,82.19505389980976,75.42168674698794,88.96842105263157,79.56053779409625,66.56741811994897,92.55365746824354,9200.0,334888.0
9300.0,8.271142297,7.138620204231267E-7,9300.0,85.80645161290322,61.26998116880608,-69.66580976863763,44.58438287153651,80.74398917549057,70.57512260365581,90.64758395918945,82.06712590644993,75.23764258555133,88.89660922734852,79.46284033984283,66.45675902602855,92.46892165365712,9300.0,334888.0
9324.0,8.299792412,7.163441450564169E-7,9324.0,85.82153582153582,61.29059488234204,-69.05370843989769,44.61667364893171,80.75546637552335,70.58299955496217,90.65988413169421,82.08705267233097,75.27289985761747,88.90120548704448,79.46639149073965,66.44323418516966,92.48954879630963,9324.0,334888.0
