learning evaluation instances,evaluation time (cpu seconds),model cost (RAM-Hours),classified instances,classifications correct (percent),Kappa Statistic (percent),Kappa Temporal Statistic (percent),Kappa M Statistic (percent),F1 Score (percent),F1 Score for class 0 (percent),F1 Score for class 1 (percent),Precision (percent),Precision for class 0 (percent),Precision for class 1 (percent),Recall (percent),Recall for class 0 (percent),Recall for class 1 (percent),model training instances,model serialized size (bytes)
100.0,5.189327202,2.4434312068559664E-5,100.0,53.0,6.000000000000005,52.52525252525253,6.000000000000005,58.70624723083739,67.58620689655174,14.545454545454545,65.78947368421053,51.578947368421055,80.0,53.0,98.0,8.0,100.0,1.820084E7
200.0,10.544337409,4.9674277813504276E-5,200.0,58.5,16.999999999999993,58.291457286432156,16.999999999999993,62.97757617182054,69.59706959706959,34.645669291338585,68.19738813958467,54.91329479768786,81.48148148148148,58.5,95.0,22.0,200.0,1.8219264E7
300.0,15.827713865,7.4590791630619E-5,300.0,63.33333333333333,26.66666666666666,63.21070234113713,26.66666666666666,68.25242718446601,72.5,45.00000000000001,74.0,57.99999999999999,90.0,63.33333333333333,96.66666666666667,30.0,300.0,1.822964E7
400.0,21.139562331,9.965818012439405E-5,400.0,64.75,29.499999999999993,64.66165413533834,29.499999999999993,69.37700221877812,73.24478178368122,48.35164835164836,74.71618281596916,59.021406727828754,90.41095890410958,64.75,96.5,33.0,400.0,1.824172E7
500.0,26.541237913,1.2516883850883587E-4,500.0,65.4,30.800000000000004,65.33066132264528,30.800000000000004,70.24292160986992,73.74810318664645,49.26686217008797,75.86044762083883,59.41320293398533,92.3076923076923,65.4,97.2,33.6,500.0,1.8255576E7
600.0,32.258619625,1.5218310556944822E-4,600.0,65.0,30.000000000000004,64.9415692821369,30.000000000000004,70.14347391433311,73.6180904522613,48.01980198019802,76.17090570719603,59.07258064516129,93.26923076923077,65.0,97.66666666666667,32.33333333333333,600.0,1.8264104E7
700.0,38.210476847,1.8031590965622552E-4,700.0,65.57142857142857,31.14285714285714,65.52217453505007,31.14285714285714,70.77564915992656,74.00215749730313,49.04862579281183,76.87717518423018,59.44540727902946,94.3089430894309,65.57142857142857,98.0,33.14285714285714,700.0,1.8271024E7
800.0,44.266599456,2.0896379523051972E-4,800.0,65.25,30.499999999999993,65.20650813516896,30.499999999999993,70.38910238289876,73.77358490566039,48.51851851851852,76.40692640692642,59.24242424242424,93.57142857142857,65.25000000000001,97.75,32.75,800.0,1.8285128E7
900.0,50.371902266,2.378549114608331E-4,900.0,64.44444444444444,28.888888888888896,64.40489432703004,28.888888888888896,69.51875738997032,73.24414715719064,47.019867549668874,75.46046446850735,58.71313672922251,92.20779220779221,64.44444444444444,97.33333333333334,31.555555555555554,900.0,1.8291928E7
1000.0,56.552537428,2.6711962553720994E-4,1000.0,65.0,30.000000000000004,64.96496496496496,30.000000000000004,69.91301660061994,73.5249621785174,48.37758112094395,75.62945952595751,59.12408759124088,92.13483146067416,65.0,97.2,32.800000000000004,1000.0,1.8302632E7
1100.0,62.774429742,2.965887149487369E-4,1100.0,65.54545454545455,31.09090909090908,65.51410373066425,31.09090909090908,69.9849116846044,73.66226546212647,50.19710906701709,75.0694374103711,59.617547806524186,90.52132701421802,65.54545454545455,96.36363636363636,34.72727272727273,1100.0,1.830824E7
1200.0,69.114747442,3.2662756632500486E-4,1200.0,65.5,31.000000000000007,65.47122602168474,31.000000000000007,69.93369603531957,73.63057324840764,50.120481927710834,75.01120573733752,59.58762886597938,90.43478260869566,65.5,96.33333333333334,34.66666666666667,1200.0,1.831364E7
1300.0,75.492796117,3.5685621293316894E-4,1300.0,65.3076923076923,30.61538461538462,65.28098537336413,30.61538461538462,69.62927569413976,73.45497351383166,49.94450610432852,74.56332914291357,59.48522402287894,89.64143426294821,65.3076923076923,96.0,34.61538461538461,1300.0,1.8320328E7
1400.0,81.90369284,3.872468313176377E-4,1400.0,65.57142857142857,31.14285714285714,65.54681915654038,31.14285714285714,69.9121566342514,73.63238512035011,50.41152263374485,74.8683249895703,59.663120567375884,90.07352941176471,65.57142857142857,96.14285714285714,35.0,1400.0,1.832412E7
1500.0,88.360680521,4.1786314506343477E-4,1500.0,65.53333333333333,31.066666666666663,65.51034022681787,31.066666666666663,69.81993229684993,73.5820132856413,50.431447746884,74.70656098809279,59.65202982601492,89.76109215017065,65.53333333333333,96.0,35.06666666666667,1500.0,1.8328432E7
1600.0,94.914740253,4.489452271053445E-4,1600.0,65.6875,31.374999999999996,65.66604127579737,31.374999999999996,69.74691122046079,73.56764564275396,51.113089937666956,74.34110519284992,59.82772122161315,88.85448916408669,65.6875,95.5,35.875,1600.0,1.8331672E7
1700.0,101.442231334,4.7990780752332513E-4,1700.0,65.88235294117646,31.76470588235294,65.86227192466157,31.76470588235294,69.87780548068308,73.66030881017257,51.585976627712846,74.38915527443379,59.98520710059172,88.79310344827587,65.88235294117646,95.41176470588235,36.35294117647059,1700.0,1.833552E7
1800.0,108.0122312,5.11077721900607E-4,1800.0,65.83333333333333,31.666666666666664,65.81434130072262,31.666666666666664,69.89275719154405,73.66167023554604,51.38339920948616,74.48570473963056,59.93031358885017,89.04109589041096,65.83333333333333,95.55555555555556,36.11111111111111,1800.0,1.8338872E7
1900.0,114.615636952,5.424123823638147E-4,1900.0,66.0,32.00000000000001,65.98209583991574,32.00000000000001,69.96088844069546,73.71847030105778,51.8628912071535,74.42754290044931,60.07957559681698,88.77551020408163,66.0,95.36842105263158,36.63157894736842,1900.0,1.8342536E7
2000.0,121.240415878,5.738546606207631E-4,2000.0,66.10000000000001,32.2,66.08304152076039,32.2,69.86896133293746,73.68012422360249,52.3876404494382,74.09371707690835,60.21573604060914,87.97169811320755,66.10000000000001,94.89999999999999,37.3,2000.0,1.8346152E7
2100.0,127.971708433,6.058082373689812E-4,2100.0,65.9047619047619,31.8095238095238,65.88851834206764,31.8095238095238,69.61608258627624,73.52071005917159,52.139037433155075,73.77034068788262,60.09673518742442,87.4439461883408,65.90476190476191,94.66666666666667,37.142857142857146,2100.0,1.8349464E7
2200.0,134.752375039,6.380024665860676E-4,2200.0,66.18181818181819,32.363636363636374,66.16643929058664,32.363636363636374,69.87574307730131,73.6916548797737,52.67175572519084,74.00639516635279,60.30092592592593,87.71186440677965,66.18181818181819,94.72727272727272,37.63636363636363,2200.0,1.835304E7
2300.0,141.557010311,6.703160322852758E-4,2300.0,66.0,32.00000000000001,65.98521096128752,32.00000000000001,69.61464766051995,73.52742044685172,52.49088699878494,73.64816536728418,60.19955654101996,87.09677419354838,66.0,94.43478260869566,37.565217391304344,2300.0,1.8356184E7
2400.0,148.557080454,7.035641612262497E-4,2400.0,66.16666666666666,32.33333333333333,66.1525635681534,32.33333333333333,69.75168613611244,73.61923326835608,52.84552845528455,73.74744470150442,60.330138445154425,87.16475095785441,66.16666666666666,94.41666666666667,37.916666666666664,2400.0,1.8359768E7
2500.0,155.635154774,7.371877367476031E-4,2500.0,66.2,32.400000000000006,66.18647458983594,32.400000000000006,69.71861719220837,73.60199937519525,53.02946081156198,73.63226928603238,60.37929267042542,86.88524590163934,66.2,94.24,38.16,2500.0,1.8362472E7
2600.0,162.634031469,7.704396703209537E-4,2600.0,66.42307692307692,32.84615384615384,66.41015775298192,32.84615384615384,69.9340147181836,73.74436090225565,53.44,73.83682232957595,60.543209876543216,87.1304347826087,66.42307692307692,94.3076923076923,38.53846153846154,2600.0,1.8365E7
2700.0,169.739396864,8.042023591620998E-4,2700.0,66.44444444444444,32.88888888888888,66.43201185624305,32.88888888888888,69.82253147758419,73.678094131319,53.72829417773237,73.56250628962464,60.61185468451242,86.51315789473685,66.44444444444444,93.92592592592592,38.96296296296296,2700.0,1.8367624E7
2800.0,176.890223792,8.381865293393451E-4,2800.0,66.25,32.49999999999999,66.23794212218648,32.49999999999999,69.5839764055568,73.52199495657045,53.47119645494829,73.27129359896949,60.48870447210696,86.05388272583201,66.25,93.71428571428572,38.785714285714285,2800.0,1.8370576E7
2900.0,183.869940844,8.713631078182306E-4,2900.0,65.96551724137932,31.931034482758626,65.9537771645395,31.931034482758626,69.16065251724906,73.24478178368122,53.244907626717186,72.68106506916652,60.33943724877177,85.02269288956127,65.96551724137932,93.17241379310344,38.758620689655174,2900.0,1.837368E7
3000.0,190.875284677,9.046657021761272E-4,3000.0,65.76666666666667,31.533333333333324,65.75525175058353,31.533333333333324,68.93176112729002,73.09405292114225,52.95464956481906,72.41690579086023,60.207164436771684,84.62664714494875,65.76666666666668,93.0,38.53333333333334,3000.0,1.8376E7
3100.0,197.899395365,9.380786053818139E-4,3100.0,65.64516129032259,31.290322580645167,65.27551353113793,30.573663624511095,68.77434728017263,72.9901090540198,52.81346920691183,72.21679095854185,60.13372335979942,84.2998585572843,65.64516129032259,92.83870967741935,38.45161290322581,3100.0,1.8387608E7
3200.0,204.985274705,9.717972284020801E-4,3200.0,65.40625,30.8125,64.66645387807213,29.355456285896626,68.03141968915304,72.45583478477232,53.506929861402774,70.87613054780257,60.19016122364613,81.56209987195902,65.40625,91.0,39.8125,3200.0,1.8394096E7
3300.0,212.127377427,0.0010057886562403861,3300.0,65.48484848484848,30.96969696969698,64.40625000000001,28.812500000000014,67.95239849488662,72.37448459859327,54.016955995155435,70.61319077964629,60.33158107561666,80.89480048367594,65.48484848484848,90.42424242424244,40.54545454545455,3300.0,1.8396944E7
3400.0,219.336384239,0.0010401036482177582,3400.0,65.61764705882352,31.23529411764705,64.21793694520967,28.45777233782129,68.05404014836178,72.43574628625325,54.3180930050801,70.678337431433,60.44864226682408,80.9080325960419,65.61764705882354,90.3529411764706,40.88235294117647,3400.0,1.8399704E7
3500.0,226.620868096,0.0010747838370527424,3500.0,65.54285714285714,31.085714285714296,63.81638163816382,27.654469106178777,67.92722687146927,72.33944954128442,54.31818181818181,70.49162684575315,60.42145593869732,80.56179775280899,65.54285714285714,90.11428571428571,40.97142857142857,3500.0,1.8402848E7
3600.0,233.936350923,0.0011096161336215428,3600.0,65.66666666666666,31.333333333333325,63.6470588235294,27.294117647058812,68.07937371430918,72.447614801605,54.45836403831983,70.67613739122217,60.49888309754281,80.85339168490154,65.66666666666667,90.27777777777779,41.05555555555556,3600.0,1.840524E7
3700.0,241.280723761,0.0011445931324764738,3700.0,65.7027027027027,31.405405405405396,63.39775021632534,26.81660899653978,68.1234304992738,72.47885491216657,54.49982072427393,70.72935868106623,60.521550162984425,80.93716719914804,65.70270270270271,90.32432432432432,41.08108108108108,3700.0,1.8409E7
3800.0,248.718458047,0.0011800217310047945,3800.0,65.52631578947368,31.052631578947377,62.921030285876036,25.863044708545562,67.91007091131294,72.32784114913393,54.29169574319609,70.47380886630987,60.40931545518702,80.53830227743272,65.52631578947367,90.10526315789474,40.94736842105263,3800.0,1.8412624E7
3900.0,256.161106077,0.0012154802664789113,3900.0,65.43589743589745,30.871794871794876,62.555555555555564,25.11111111111112,67.8150994309111,72.26337448559671,54.14965986394557,70.37384150786212,60.34364261168385,80.4040404040404,65.43589743589745,90.05128205128206,40.820512820512825,3900.0,1.8416016E7
4000.0,263.649394236,0.0012511602717509662,4000.0,65.55,31.099999999999994,62.42159803654212,24.86368593238822,67.93015410940751,72.3404255319149,54.340622929092106,70.48967017560503,60.42924211938296,80.55009823182712,65.55,90.10000000000001,41.0,4000.0,1.8418096E7
4100.0,271.180463634,0.0012870477671888462,4100.0,65.75609756097562,31.512195121951226,62.389499062416284,24.799143010176756,68.12735599434629,72.47058823529413,54.70967741935483,70.6760343481655,60.590163934426236,80.76190476190476,65.75609756097562,90.14634146341464,41.36585365853659,4100.0,1.8419968E7
4200.0,278.728333258,0.0013230198033128745,4200.0,65.64285714285715,31.285714285714295,62.026315789473685,24.05263157894737,67.95487147743765,72.3404255319149,54.66540999057493,70.43569488027856,60.53897978825794,80.33240997229917,65.64285714285715,89.85714285714286,41.42857142857143,4200.0,1.8422264E7
4300.0,286.342921871,0.00135931332662298,4300.0,65.69767441860465,31.39534883720929,61.856736488233764,23.73319544984487,67.97181138358701,72.34202137633604,54.85154576063667,70.40903287974302,60.60320452403393,80.2148612354521,65.69767441860466,89.72093023255813,41.674418604651166,4300.0,1.8424048E7
4400.0,294.075397648,0.0013961723219311683,4400.0,65.52272727272728,31.045454545454554,61.42893465547928,22.877478393492634,67.80430268356581,72.23137470254439,54.540005993407256,70.25050464537897,60.4658289917254,80.03518029903253,65.52272727272728,89.68181818181819,41.36363636363637,4400.0,1.842584E7
4500.0,301.762227017,0.0014328175808534414,4500.0,65.46666666666667,30.933333333333323,61.150000000000006,22.299999999999983,67.74465301499283,72.19040801717968,54.45486518171161,70.1868846609583,60.42540443379269,79.94836488812392,65.46666666666667,89.64444444444445,41.28888888888889,4500.0,1.8427776E7
4600.0,309.46883247,0.0014695676765405085,4600.0,65.54347826086956,31.08695652173914,61.008610086100866,22.6829268292683,67.81604754762351,72.2368190576283,54.597536522486386,70.25186946490977,60.48694631856849,80.01679261125105,65.54347826086956,89.65217391304347,41.434782608695656,4600.0,1.8433072E7
4700.0,317.280935552,0.0015068275307539754,4700.0,65.53191489361701,31.049858721939298,60.79380445304936,22.820390662220092,67.72107143097162,72.16494845360823,54.7486033519553,70.07312534203959,60.536177572787544,79.61007311129164,65.52178642313923,89.3236920459379,41.71988080034057,4700.0,1.8436376E7
4800.0,325.100348979,0.0015441286601933443,4800.0,65.625,31.236426357077768,60.695569318723194,23.220102373196845,67.79934534620554,72.21286628494443,54.94265428727472,70.13398232596434,60.61634153237206,79.65162311955662,65.6151329192939,89.29612661391087,41.93413922467695,4800.0,1.8439544E7
4900.0,333.024789921,0.0015819359545733306,4900.0,65.61224489795919,31.224489795918366,60.492379835873386,23.409090909090917,67.8069333932399,72.20847765132774,54.910355900454924,70.15352485875597,60.58676999723222,79.72027972027972,65.61224489795919,89.34693877551021,41.87755102040816,4900.0,1.8442056E7
5000.0,340.918759974,0.001619602414961036,5000.0,65.60000000000001,31.18695304629759,60.295475530932585,23.521565140062254,67.77425042581794,72.19527966375688,54.902988987939175,70.10839339424551,60.59701492537314,79.61977186311788,65.5905224944836,89.2842862854858,41.89675870348139,5000.0,1.844428E7
5100.0,348.858244498,0.001657490667131568,5100.0,65.37254901960785,30.732197876451878,59.84538426557526,23.183993040452368,67.52616986594774,72.02154626108998,54.578189300411516,69.83714586577902,60.43605424089338,79.23823749066467,65.36323957912181,89.10231281850255,41.62416633974107,5100.0,1.8446528E7
5200.0,356.844111666,0.001695605882691133,5200.0,65.28846153846153,30.57692307692308,59.57446808510637,23.19148936170212,67.4509662991572,71.95898710579462,54.453696694423414,69.7616328328774,60.359655981235335,79.16360968451944,65.28846153846153,89.07692307692308,41.5,5200.0,1.8449248E7
5300.0,364.895948685,0.0017340432102712295,5300.0,65.32075471698113,30.629033032213552,59.443954104148276,23.38474364318467,67.48699195431809,71.99878123095674,54.45986124876114,69.81210469750232,60.38844876054178,79.23576063446288,65.31176437333775,89.1361750282912,41.4873537183843,5300.0,1.8452728E7
5400.0,372.958974477,0.0017725390063237823,5400.0,65.46296296296296,30.913757649495473,59.4388864723793,23.846467946100464,67.63704856534501,72.10172026925954,54.67800729040096,69.9705602069294,60.49196787148594,79.44915254237289,65.45415849851283,89.22621251388375,41.6821044831419,5400.0,1.8455152E7
5500.0,381.044250427,0.0018111436430634062,5500.0,65.5090909090909,31.018181818181812,59.335476956055736,24.12,67.63840266385671,72.07419402325922,54.908485856905166,69.91078744946866,60.549097205045754,79.27247769389156,65.5090909090909,89.01818181818182,42.0,5500.0,1.84564E7
5600.0,389.192283924,0.001850051451663306,5600.0,65.48214285714286,30.95269563105235,59.150464919695686,24.16633974107493,67.59629061140909,72.05435882608067,54.8680831193089,69.8610576305994,60.544217687074834,79.17789757412399,65.47375197369286,88.96822563370225,41.97927831368346,5600.0,1.8458072E7
5700.0,397.355043344,0.001889033565171716,5700.0,65.47368421052632,30.936068209867766,58.98290954564401,24.27856868026165,67.54595194057774,72.00568990042674,54.965675057208244,69.76296906718244,60.564728403924384,78.9612097304405,65.46550513579626,88.77586811645037,42.15514215514216,5700.0,1.845996E7
5800.0,405.665192425,0.0019287257966003775,5800.0,65.46551724137932,30.931034482758623,58.8283658787256,24.41509433962264,67.53337400332576,71.98209539795776,54.99887665693102,69.73612632941737,60.555424805836665,78.91682785299807,65.46551724137932,88.72413793103449,42.206896551724135,5800.0,1.8462864E7
5900.0,413.860894665,0.001967876986577352,5900.0,65.66101694915254,31.311291544704655,58.9213300892133,24.935161170803987,67.70345716278959,72.10134949049849,55.354781842221236,69.88589641234194,60.72836928786825,79.04342353681561,65.65319915578272,88.71568959674686,42.59070871481858,5900.0,1.8465504E7
5995.0,421.476007696,0.002004260888758151,5995.0,65.80483736447039,31.6044660910417,58.95895895895896,25.373134328358216,67.8176406853497,72.16186854970125,55.685257241677476,69.96176577363956,60.8566193311956,79.06691221608348,65.80103007165494,88.62575050033355,42.976309642976304,5995.0,1.8468656E7
