learning evaluation instances,evaluation time (cpu seconds),model cost (RAM-Hours),classified instances,classifications correct (percent),Kappa Statistic (percent),Kappa Temporal Statistic (percent),Kappa M Statistic (percent),F1 Score (percent),F1 Score for class 0 (percent),F1 Score for class 1 (percent),Precision (percent),Precision for class 0 (percent),Precision for class 1 (percent),Recall (percent),Recall for class 0 (percent),Recall for class 1 (percent),model training instances,model serialized size (bytes)
100.0,4.297433858,2.006772254652475E-5,100.0,50.0,0.0,49.494949494949495,0.0,50.0,65.27777777777779,10.714285714285712,50.0,50.0,50.0,50.0,94.0,6.0,100.0,1.8050584E7
200.0,8.804104991,4.113400034032636E-5,200.0,52.5,5.000000000000004,52.26130653266332,5.000000000000004,53.88837333942068,65.2014652014652,25.196850393700785,55.35217298223078,51.445086705202314,59.25925925925925,52.5,89.0,16.0,200.0,1.8069008E7
300.0,13.075100043,6.111008301403868E-5,300.0,56.666666666666664,13.33333333333333,56.52173913043478,13.33333333333333,59.39565627950897,67.66169154228855,34.34343434343434,62.40079365079365,53.96825396825397,70.83333333333334,56.666666666666664,90.66666666666666,22.666666666666664,300.0,1.8079384E7
400.0,17.381550657,8.126545476312905E-5,400.0,59.75,19.500000000000007,59.64912280701755,19.500000000000007,62.57523719646374,69.21606118546846,41.87725631768953,65.68091351373086,56.03715170278638,75.32467532467533,59.75,90.5,28.999999999999996,400.0,1.8091464E7
500.0,21.691454635,1.0145243830123838E-4,500.0,59.8,19.599999999999994,59.71943887775551,19.599999999999994,62.71078166363624,69.31297709923663,41.73913043478261,65.91942820012994,56.04938271604938,75.78947368421053,59.8,90.8,28.799999999999997,500.0,1.810532E7
600.0,26.200396033,1.225816327217626E-4,600.0,60.66666666666667,21.333333333333336,60.60100166944908,21.333333333333336,63.9300150976477,70.05076142131979,42.71844660194174,67.56440281030444,56.557377049180324,78.57142857142857,60.66666666666667,92.0,29.333333333333332,600.0,1.8113848E7
700.0,30.756455115,1.4393966683930913E-4,700.0,61.857142857142854,23.714285714285708,61.80257510729613,23.714285714285708,65.15826793053444,70.75575027382257,45.17453798767968,68.83159819009218,57.37122557726465,80.2919708029197,61.857142857142854,92.28571428571428,31.428571428571427,700.0,1.8120672E7
800.0,35.361429888,1.655439260458045E-4,800.0,61.5,23.0,61.45181476846058,23.0,64.80949572958475,70.5544933078394,44.4043321299639,68.49543645209279,57.120743034055735,79.87012987012987,61.5,92.25,30.75,800.0,1.8134872E7
900.0,39.98584132,1.8724750752476714E-4,900.0,61.0,21.999999999999996,60.95661846496107,21.999999999999996,64.3238229273687,70.27942421676543,43.29563812600969,68.03074332801788,56.771545827633375,79.28994082840237,61.0,92.22222222222223,29.777777777777775,900.0,1.8141672E7
1000.0,44.648075131,2.0914150973831998E-4,1000.0,61.6,23.2,61.56156156156156,23.2,64.82344870159163,70.5521472392638,44.82758620689655,68.40288354147629,57.2139303482587,79.59183673469387,61.6,92.0,31.2,1000.0,1.8152376E7
1100.0,49.333362258,2.311505684612026E-4,1100.0,61.18181818181818,22.363636363636363,61.146496815286625,22.363636363636363,64.20001432284963,70.16072676450035,44.47334200260077,67.5314477632827,56.980703745743476,78.08219178082192,61.18181818181818,91.27272727272727,31.09090909090909,1100.0,1.8157984E7
1200.0,54.077579786,2.534430793626238E-4,1200.0,61.25000000000001,22.500000000000007,61.217681401167646,22.500000000000007,64.28357728888935,70.21140294682895,44.576877234803334,67.63330561348666,57.02393340270552,78.24267782426779,61.25000000000001,91.33333333333333,31.166666666666664,1200.0,1.8163384E7
1300.0,58.835988785,2.7581050724289886E-4,1300.0,60.84615384615385,21.6923076923077,60.81601231716706,21.6923076923077,63.72892080224489,69.86382474837183,44.12733260153677,66.898432400739,56.78537054860443,77.01149425287356,60.84615384615385,90.76923076923077,30.923076923076927,1300.0,1.8170072E7
1400.0,63.587512077,2.981502293073365E-4,1400.0,61.07142857142858,22.142857142857153,61.04360257326663,22.142857142857153,64.05525406189469,70.07138934651293,44.330949948927476,67.34562394687283,56.91347011596789,77.77777777777779,61.07142857142858,91.14285714285715,31.0,1400.0,1.8173864E7
1500.0,68.387447379,3.207229192837682E-4,1500.0,61.0,21.999999999999996,60.9739826551034,21.999999999999996,63.8866050637812,69.95377503852079,44.44444444444444,67.05997667435916,56.89223057644111,77.22772277227723,61.0,90.8,31.2,1500.0,1.8178176E7
1600.0,73.220192026,3.4345395276068634E-4,1600.0,61.18749999999999,22.37499999999999,61.16322701688554,22.37499999999999,64.05311612619995,70.04341534008682,44.89795918367347,67.20033343663142,57.03063629222309,77.37003058103976,61.18749999999999,90.75,31.624999999999996,1600.0,1.8181416E7
1700.0,78.076895348,3.66302511704055E-4,1700.0,61.411764705882355,22.82352941176471,61.38905238375515,22.82352941176471,64.28929164895467,70.18181818181817,45.33333333333333,67.44973544973544,57.18518518518518,77.71428571428571,61.411764705882355,90.8235294117647,32.0,1700.0,1.8185264E7
1800.0,83.000688118,3.894709654327074E-4,1800.0,61.27777777777778,22.55555555555555,61.2562534741523,22.55555555555555,64.0852429111577,70.0472711645896,45.247446975648074,67.16231017658299,57.11282410651717,77.21179624664879,61.27777777777778,90.55555555555556,32.0,1800.0,1.8188616E7
1900.0,88.045022395,4.1321139754942304E-4,1900.0,61.10526315789474,22.21052631578948,61.08478146392839,22.21052631578948,63.74039364356518,69.79975480179812,45.380635624538066,66.61304411967028,57.047428189712754,76.1786600496278,61.105263157894726,89.89473684210526,32.315789473684205,1900.0,1.819228E7
2000.0,92.943565553,4.3627026718078373E-4,2000.0,61.7,23.4,61.6808404202101,23.4,64.33948563149166,70.14809041309432,46.582984658298464,67.2148948567191,57.47126436781609,76.95852534562212,61.7,90.0,33.4,2000.0,1.8195896E7
2100.0,97.880972982,4.595163127107079E-4,2100.0,61.71428571428571,23.42857142857142,61.69604573606479,23.42857142857142,64.40360629201186,70.20014825796888,46.47137150466045,67.33799080677034,57.463592233009706,77.21238938053098,61.71428571428571,90.19047619047619,33.23809523809524,2100.0,1.8199208E7
2200.0,102.820873161,4.827786644464871E-4,2200.0,61.772727272727266,23.545454545454536,61.75534333788085,23.545454545454536,64.48139186898865,70.25114962858154,46.53528289891926,67.4384939604907,57.498552403011004,77.3784355179704,61.772727272727266,90.27272727272727,33.27272727272727,2200.0,1.8202784E7
2300.0,107.778607811,5.06129032410889E-4,2300.0,61.69565217391304,23.39130434782608,61.67899086559373,23.39130434782608,64.29000716436727,70.10519172039362,46.70296430732003,67.11212967050231,57.484696716750136,76.73956262425448,61.69565217391304,89.82608695652175,33.565217391304344,2300.0,1.8205928E7
2400.0,112.702353814,5.293238829178176E-4,2400.0,61.791666666666664,23.583333333333336,61.775739891621505,23.583333333333336,64.42695559918825,70.19824504387391,46.77887405687755,67.29703739847668,57.53862546616942,77.05544933078394,61.791666666666664,90.0,33.58333333333333,2400.0,1.8209512E7
2500.0,117.696193294,5.528524240661183E-4,2500.0,61.760000000000005,23.520000000000007,61.744697879151666,23.520000000000007,64.43907098417506,70.21806853582552,46.59217877094972,67.36111111111111,57.49999999999999,77.22222222222223,61.75999999999999,90.16,33.36,2500.0,1.8212216E7
2600.0,122.736338566,5.766024318013448E-4,2600.0,61.73076923076923,23.461538461538467,61.71604463255098,23.461538461538467,64.45083655323242,70.23631468740652,46.41895530425417,67.42166402595542,57.4645129711209,77.37881508078995,61.73076923076923,90.3076923076923,33.15384615384615,2600.0,1.8214744E7
2700.0,127.825043461,6.005847149731328E-4,2700.0,61.85185185185185,23.703703703703695,61.8377176732123,23.703703703703695,64.58309283264504,70.31700288184437,46.6321243523316,67.56668835393624,57.54716981132076,77.58620689655173,61.85185185185185,90.37037037037037,33.33333333333333,2700.0,1.8217368E7
2800.0,132.988917697,6.249252032535289E-4,2800.0,61.67857142857143,23.357142857142854,61.664880314398,23.357142857142854,64.4339294886772,70.23578363384189,46.21553884711779,67.44697879151661,57.41496598639456,77.47899159663866,61.67857142857143,90.42857142857143,32.92857142857143,2800.0,1.822032E7
2900.0,138.017221453,6.486307029520353E-4,2900.0,61.37931034482759,22.758620689655174,61.36598827181787,22.758620689655174,64.06887186297865,70.00535618639528,45.788964181994196,67.00494120590443,57.22416812609457,76.78571428571429,61.37931034482759,90.13793103448276,32.62068965517241,2900.0,1.8223424E7
3000.0,143.032542406,6.722780064813296E-4,3000.0,61.266666666666666,22.53333333333334,61.25375125041681,22.53333333333334,63.977197077813244,69.95863495346433,45.497185741088174,66.93866532671913,57.13682432432432,76.74050632911393,61.266666666666666,90.2,32.33333333333333,3000.0,1.8225744E7
3100.0,148.043328834,6.95918977047396E-4,3100.0,61.25806451612903,22.516129032258057,60.84121291164004,21.707953063885267,63.9845927517257,69.96749187296825,45.433893684688776,66.9651364016411,57.12535728868926,76.80491551459293,61.25806451612903,90.25806451612904,32.25806451612903,3100.0,1.8237352E7
3200.0,153.119438263,7.198766625747793E-4,3200.0,60.84375,21.687499999999993,60.00638365783594,20.038289725590303,63.11479112936753,69.29674099485422,45.968089693833555,65.56194252956685,56.99314792422411,74.1307371349096,60.84375,88.375,33.3125,3200.0,1.824384E7
3300.0,158.216698308,7.439379281046321E-4,3300.0,61.09090909090909,22.18181818181819,59.875000000000014,19.75000000000001,63.36643759878599,69.44312232270349,46.455379482902416,65.81804351834778,57.17084639498433,74.46524064171123,61.09090909090909,88.42424242424242,33.75757575757576,3300.0,1.8246688E7
3400.0,163.329724895,7.680772692842432E-4,3400.0,61.14705882352941,22.29411764705882,59.56535047444138,19.155446756425945,63.445040471477675,69.49896097898869,46.496557310652086,65.92248864321022,57.2025845686051,74.64239271781534,61.14705882352941,88.52941176470588,33.76470588235294,3400.0,1.8249448E7
3500.0,168.450454454,7.922571422847546E-4,3500.0,61.02857142857143,22.057142857142864,59.07590759075908,18.1763647270546,63.33980632683005,69.44444444444446,46.214511041009466,65.83299112508696,57.11127487103905,74.55470737913485,61.02857142857143,88.57142857142857,33.48571428571429,3500.0,1.8252592E7
3600.0,173.602707437,8.165890558649975E-4,3600.0,61.083333333333336,22.166666666666668,58.79411764705882,17.588235294117645,63.441237630663935,69.52360234935828,46.17748751440645,65.98848793249839,57.13264211655344,74.84433374844333,61.083333333333336,88.77777777777777,33.38888888888889,3600.0,1.8254984E7
3700.0,178.826241967,8.412626830780628E-4,3700.0,61.16216216216216,22.32432432432432,58.55206230170176,17.12802768166089,63.55116004772068,69.6001692405331,46.240179573512904,66.13437279196341,57.17761557177615,75.09113001215067,61.16216216216216,88.91891891891892,33.4054054054054,3700.0,1.8258744E7
3800.0,184.058852291,8.659840859955049E-4,3800.0,61.078947368421055,22.15789473684211,58.1375601471837,16.29881154499151,63.46475475750275,69.5491043854231,46.08093328472476,66.04452269801517,57.118701386540415,74.97034400948992,61.078947368421055,88.89473684210526,33.26315789473684,3800.0,1.8262368E7
3900.0,189.325031743,8.9086870698403E-4,3900.0,61.0,21.999999999999996,57.74999999999999,15.500000000000004,63.39491478031382,69.51292844257365,45.89114194236926,65.9855674145516,57.058242843040475,74.91289198606272,61.0,88.92307692307693,33.07692307692307,3900.0,1.826576E7
4000.0,194.579978504,9.157030770793299E-4,4000.0,61.050000000000004,22.10000000000001,57.51295336787565,15.049073064340252,63.47401630162778,69.57031250000001,45.90277777777777,66.09848484848484,57.08333333333333,75.11363636363636,61.050000000000004,89.05,33.050000000000004,4000.0,1.826784E7
4100.0,199.844317713,9.405843844303029E-4,4100.0,61.09756097560975,22.19512195121951,57.27297080096437,14.568826995179421,63.54952646118369,69.62483336507331,45.913869108172264,66.20652472687381,57.10715401437051,75.3058954393771,61.09756097560975,89.17073170731707,33.02439024390244,4100.0,1.8269712E7
4200.0,205.136567685,9.656007523382449E-4,4200.0,60.952380952380956,21.904761904761916,56.842105263157904,13.684210526315791,63.36713922343481,69.50539233915954,45.731303772336204,65.98112176225119,57.01647345942648,74.94577006507592,60.952380952380956,89.0,32.904761904761905,4200.0,1.8272008E7
4300.0,210.477753188,9.908509026727585E-4,4300.0,60.95348837209302,21.906976744186046,56.58132919575899,13.18510858324716,63.3514355490179,69.4893694348537,45.78624475298677,65.94578260701145,57.02356099015806,74.86800422386483,60.95348837209302,88.93023255813954,32.97674418604652,4300.0,1.8273792E7
4400.0,215.849330342,0.0010162472180253379,4400.0,60.86363636363637,21.727272727272727,56.21662852784134,12.455516014234872,63.28079961266489,69.4572543455126,45.540796963946875,65.89789547904732,56.95171611401978,74.84407484407485,60.86363636363637,89.0,32.72727272727273,4400.0,1.8275584E7
4500.0,221.173011741,0.0010414197530562983,4500.0,60.84444444444445,21.68888888888889,55.95,11.899999999999997,63.299945566558826,69.48389331485971,45.3812771233726,65.96197502837684,56.92395005675369,75.0,60.84444444444445,89.15555555555555,32.53333333333333,4500.0,1.827752E7
4600.0,226.527273594,0.0010667442206968283,4600.0,60.93478260869565,21.869565217391298,55.79335793357934,12.341463414634132,63.41375662627357,69.5578519396917,45.49590536851683,66.10298561518583,56.98029419927838,75.22567703109327,60.93478260869565,89.26086956521739,32.608695652173914,4600.0,1.8282816E7
4700.0,231.901774876,0.001092169010174487,4700.0,60.914893617021285,21.81109835216386,55.54211035818006,12.48213434969034,63.316177817156785,69.4901179206112,45.6348031962119,65.92854686383957,57.002724795640326,74.85436893203884,60.902944482199096,88.98341131433433,32.82247765006386,4700.0,1.828612E7
4800.0,237.264932567,0.001117544532744166,4800.0,60.979166666666664,21.940065140244606,55.38351595998095,12.843182875756161,63.394085295800785,69.53976256301839,45.72587655751956,66.02187833511206,57.04375667022412,75.0,60.967467181851944,89.04623073719283,32.888703626511045,4800.0,1.8289288E7
4900.0,242.701515546,0.001143270996528338,4900.0,60.93877551020408,21.87755102040816,55.123094958968345,13.000000000000005,63.36872956185523,69.51258362535839,45.65587734241908,66.00052246603971,57.00104493207942,75.0,60.93877551020408,89.06122448979592,32.816326530612244,4900.0,1.82918E7
5000.0,248.171208609,0.0011691572875887162,5000.0,60.940000000000005,21.862447180134563,54.91689750692521,13.161405068919526,63.34629938280505,69.50819672131148,45.67454798331015,65.9636008735192,57.018442622950815,74.90875912408758,60.92876974860316,89.00439824070372,32.853141256502596,5000.0,1.8294024E7
5100.0,253.647964786,0.001195081097922978,5100.0,60.882352941176464,21.747424729244308,54.63847203274216,13.22314049586776,63.29508463603484,69.48141349242772,45.53644553644554,65.91988026314722,56.97441043652785,74.86535008976661,60.87131270608423,89.02391219129753,32.71871322087093,5100.0,1.8296912E7
5200.0,259.16665676,0.001221206377768723,5200.0,60.92307692307693,21.846153846153847,54.49048152295632,13.531914893617014,63.36664474347139,69.51695169516952,45.58114622388859,66.01442165469055,56.98475159862273,75.04409171075838,60.92307692307693,89.11538461538461,32.730769230769226,5200.0,1.8298992E7
5300.0,264.683427505,0.0012473275292188084,5300.0,60.94339622641509,21.870137357867527,54.324801412180044,13.714047519799918,63.3913626231555,69.54986760812002,45.554971067859015,66.05673836884772,57.00506390161563,75.1084128360798,60.932739185865316,89.17389664277631,32.69158172895432,5300.0,1.8302472E7
5400.0,270.25302773,0.0012737023136412781,5400.0,60.96296296296296,21.909590140598695,54.153979991300574,13.924050632911397,63.41430989461189,69.56396188276061,45.58595766649457,66.08334382475135,57.017751479289934,75.14893617021276,60.9525049317565,89.1891891891892,32.71582067432382,5400.0,1.8304896E7
5500.0,275.804062341,0.0012999916622959762,5500.0,60.92727272727273,21.85454545454546,53.933547695605576,14.040000000000013,63.355924898340255,69.50475379594153,45.636225651404,65.98623486276938,56.99325110542238,74.97921862011637,60.92727272727273,89.05454545454545,32.800000000000004,5500.0,1.8306624E7
5600.0,281.38544063,0.0013264273619263787,5600.0,60.89285714285714,21.769938555211183,53.7193575655114,14.08395449195762,63.32732529594588,69.50710108604848,45.49527127924341,65.97639257746414,56.97329376854599,74.97949138638228,60.882775622803024,89.1110317743663,32.65451947123973,5600.0,1.8308456E7
5700.0,286.995841455,0.0013530032644766617,5700.0,60.91228070175438,21.80913019830198,53.5639849937474,14.27472104655637,63.32464043613517,69.49616648411829,45.60546875,65.94752175038192,56.99528407814957,74.89975942261428,60.9024143924179,89.02139600140302,32.78343278343278,5700.0,1.8310344E7
5800.0,292.615408087,0.0013796268063240352,5800.0,60.96551724137931,21.931034482758616,53.46351490236382,14.566037735849047,63.413399432033344,69.54533225719666,45.655304848775806,66.06607893598029,57.01367445963829,75.11848341232228,60.96551724137931,89.13793103448275,32.793103448275865,5800.0,1.8313248E7
5900.0,298.244047854,0.0014062971777041313,5900.0,61.05084745762712,22.086824040762057,53.40632603406327,14.857354575768802,63.50066206917641,69.61121396455964,45.77630957999057,66.16651347613954,57.08089351550639,75.2521334367727,61.04130549167544,89.19010504913588,32.89250593421499,5900.0,1.8315888E7
5995.0,303.61253134,0.0014317391972808653,5995.0,61.017514595496245,22.027733126688283,53.213213213213216,14.925373134328366,63.44067137550373,69.55842125830401,45.81497797356829,66.06973147173136,57.06347510151741,75.07598784194529,61.012836274121575,89.05937291527685,32.9662996329663,5995.0,1.8319024E7
