learning evaluation instances,evaluation time (cpu seconds),model cost (RAM-Hours),classified instances,classifications correct (percent),Kappa Statistic (percent),Kappa Temporal Statistic (percent),Kappa M Statistic (percent),F1 Score (percent),F1 Score for class 0 (percent),F1 Score for class 1 (percent),Precision (percent),Precision for class 0 (percent),Precision for class 1 (percent),Recall (percent),Recall for class 0 (percent),Recall for class 1 (percent),model training instances,model serialized size (bytes)
100.0,0.348122211,2.0036429762654007E-9,100.0,92.0,0.0,-699.999999999999,-Infinity,?,?,95.83333333333334,50.0,0.0,100.0,?,?,92.0,100.0,22248.0
200.0,0.530350143,3.0524692346714438E-9,200.0,95.0,0.0,-900.0,-Infinity,?,?,97.43589743589743,50.0,0.0,100.0,?,?,95.0,200.0,22248.0
300.0,0.708090008,4.0754640935361385E-9,300.0,96.66666666666667,0.0,-900.00000000001,-Infinity,?,?,98.3050847457627,50.0,0.0,100.0,?,?,96.66666666666667,300.0,22248.0
400.0,0.900920406,5.1853136244043705E-9,400.0,97.5,0.0,-900.0000000000222,-Infinity,?,?,98.73417721518987,50.0,0.0,100.0,?,?,97.5,400.0,22248.0
500.0,1.121922118,6.4573052239045494E-9,500.0,98.0,0.0,-900.0,-Infinity,?,?,98.98989898989899,50.0,0.0,100.0,?,?,98.0,500.0,22248.0
600.0,1.323450379,7.617215944658964E-9,600.0,98.33333333333333,0.0,-899.9999999999801,-Infinity,?,?,99.15966386554621,50.0,0.0,100.0,?,?,98.33333333333333,600.0,22248.0
700.0,1.544522832,8.889614699184893E-9,700.0,98.57142857142858,0.0,-899.9999999999845,-Infinity,?,?,99.28057553956835,50.0,0.0,100.0,?,?,98.57142857142858,700.0,22248.0
800.0,1.697261096,9.768711005598306E-9,800.0,98.75,0.0,-900.0000000000177,-Infinity,?,?,99.37106918238993,50.0,0.0,100.0,?,?,98.75,800.0,22248.0
900.0,1.844084413,1.0613763399738817E-8,900.0,98.88888888888889,0.0,-900.00000000004,-Infinity,?,?,99.44134078212291,50.0,0.0,100.0,?,?,98.88888888888889,900.0,22248.0
1000.0,1.998596249,1.15030676301755E-8,1000.0,99.0,0.0,-900.0,-Infinity,?,?,99.49748743718592,50.0,0.0,100.0,?,?,99.0,1000.0,22248.0
1100.0,2.163997931,1.2455049169789998E-8,1100.0,99.0909090909091,0.0,-900.0000000000489,-Infinity,?,?,99.5433789954338,50.0,0.0,100.0,?,?,99.0909090909091,1100.0,22248.0
1200.0,2.335884846,1.3444356944672762E-8,1200.0,99.16666666666667,0.0,-899.9999999999734,-Infinity,?,?,99.581589958159,50.0,0.0,100.0,?,?,99.16666666666667,1200.0,22248.0
1300.0,2.534302145,1.4586362294945864E-8,1300.0,99.23076923076923,0.0,-900.000000000029,-Infinity,?,?,99.61389961389962,50.0,0.0,100.0,?,?,99.23076923076923,1300.0,22248.0
1400.0,2.726350867,1.5691712832134213E-8,1400.0,99.28571428571429,0.0,-900.0000000000622,-Infinity,?,?,99.6415770609319,50.0,0.0,100.0,?,?,99.28571428571429,1400.0,22248.0
1500.0,2.925422045,1.6837481631059195E-8,1500.0,99.33333333333333,0.0,-899.9999999999501,-Infinity,?,?,99.66555183946488,50.0,0.0,100.0,?,?,99.33333333333333,1500.0,22248.0
1600.0,3.120359329,1.7959457499179984E-8,1600.0,99.375,0.0,-900.0000000000177,-Infinity,?,?,99.68652037617557,50.0,0.0,100.0,?,?,99.375,1600.0,22248.0
1700.0,3.320885973,1.9113603339660907E-8,1700.0,99.41176470588235,0.0,-899.9999999999624,-Infinity,?,?,99.70501474926253,50.0,0.0,100.0,?,?,99.41176470588235,1700.0,22248.0
1800.0,3.527237924,2.0301277162805195E-8,1800.0,99.44444444444444,0.0,-900.00000000004,-Infinity,?,?,99.72144846796658,50.0,0.0,100.0,?,?,99.44444444444444,1800.0,22248.0
1900.0,3.946072131,2.2958952406433717E-8,1900.0,97.68421052631578,69.4932819535976,-2099.999999999905,49.42528735632169,85.31083288879526,70.66666666666667,98.79452054794523,91.13807017998634,84.12698412698413,98.14915623298856,80.18398412487082,60.91954022988506,99.44842801985659,1900.0,24528.0
2000.0,4.362539241,2.560160744638492E-8,2000.0,95.8,70.73160533660395,-4100.0,55.08021390374329,86.38532322875194,72.90322580645162,97.72357723577237,93.96372866232659,91.869918699187,96.05753862546617,79.9381177532438,60.42780748663101,99.44842801985659,2000.0,24528.0
2100.0,4.808401044,2.843078389880557E-8,2100.0,94.61904761904762,73.59648576235276,-5550.000000000157,60.62717770034841,87.77592914472226,76.50727650727652,96.96154880344177,94.72068670827879,94.84536082474226,94.59601259181531,81.77996313884816,64.11149825783971,99.44842801985659,2100.0,24528.0
2200.0,5.103301295,3.030204723719507E-8,2200.0,93.45454545454545,74.1690978263883,-7100.000000000391,62.79069767441862,88.10344180683968,77.84615384615384,96.16,94.63990216535704,96.1977186311787,93.08208569953537,82.4115525112203,65.37467700258398,99.44842801985659,2200.0,24528.0
2300.0,5.402129529,3.219823524267722E-8,2300.0,92.34782608695652,74.03473751864969,-8699.999999999603,63.860369609856264,88.09784032183472,78.4841075794621,95.34637757800107,94.27408824698232,96.97885196374622,91.56932453021838,82.68109286003097,65.91375770020534,99.44842801985659,2300.0,24528.0
2400.0,5.710045462,3.4152088434646515E-8,2400.0,90.875,72.1091352133842,-10849.999999999754,62.69165247018738,87.3364576886008,77.53846153846153,94.27450980392157,93.51750322805435,97.42268041237114,89.61232604373758,81.9218290014104,64.39522998296422,99.44842801985659,2400.0,24528.0
2500.0,6.027708118,3.61677885913352E-8,2500.0,90.12,72.37704991366431,-12249.999999999645,64.04657933042213,87.46804588411618,78.46556233653008,93.58941084868933,93.10421994884909,97.82608695652173,88.38235294117646,82.47530571298508,65.50218340611353,99.44842801985659,2500.0,24528.0
2600.0,6.375161635,3.837252400933453E-8,2600.0,89.38461538461539,72.30419381506643,-13700.000000000446,64.93011435832274,87.4533753242212,79.05918057663125,92.89026275115918,92.63015421808257,98.11676082862523,87.14354760753987,82.82459520433744,66.2007623888183,99.44842801985659,2600.0,24528.0
2700.0,6.711359449,4.050583736410984E-8,2700.0,88.51851851851852,71.60519207713617,-15400.000000000673,65.05073280721534,87.17862852683872,79.11051212938006,92.08375893769153,92.02981144428753,98.3249581239531,85.73466476462197,82.81327827148411,66.17812852311161,99.44842801985659,2700.0,24528.0
2800.0,7.062337848,4.273293960762519E-8,2800.0,87.39285714285714,70.08297102370479,-17550.000000001164,64.23505572441742,86.56817382984472,78.4887263863498,91.08360697145743,91.24386170415907,98.47094801223241,84.01677539608573,82.34832748510561,65.24822695035462,99.44842801985659,2800.0,24528.0
2900.0,7.414789793,4.496939210634677E-8,2900.0,86.6896551724138,69.54631794471109,-19199.99999999934,64.48942042318308,86.35722610908931,78.6504424778761,90.3306613226453,90.67870780155296,98.6130374479889,82.74437815511703,82.4289058222558,65.40938362465502,99.44842801985659,2900.0,24528.0
3000.0,7.7768644,4.7266904351736094E-8,3000.0,86.06666666666666,69.0745599043531,-20799.999999998818,64.78517270429656,86.17154011962941,78.84615384615384,89.61232604373758,90.13969213730861,98.73257287705957,81.54681139755766,82.53803035365198,65.62763268744735,99.44842801985659,3000.0,24528.0
3100.0,8.146861464,4.961468784404296E-8,3100.0,85.3225806451613,68.2166056912218,-22650.00000000111,64.64646464646465,85.82996534801067,78.72837774661058,88.79586308790938,89.51545870716589,98.82629107981221,80.20462633451957,82.43594672166101,65.42346542346542,99.44842801985659,3100.0,24528.0
3200.0,8.525294009,5.2015997931472944E-8,3200.0,85.625,69.5982214959575,-22900.0000000005,66.83489545782263,86.39027103055639,80.29134532990574,88.68666994589277,89.48533247468704,98.9440337909187,80.0266311584554,83.50215200560241,67.55587599134823,99.44842801985659,3200.0,24528.0
3300.0,8.91932502,5.4516286698852966E-8,3300.0,85.84848484848486,70.6241160167285,-23249.999999999844,68.59448554135844,86.80974981816111,81.5195884447962,88.53424993862019,89.40861130020423,99.03846153846155,79.7787610619469,84.35770425875143,69.26698049764627,99.44842801985659,3300.0,24528.0
3400.0,9.32425658,5.708574393130838E-8,3400.0,86.08823529411764,71.54677814413232,-23549.9999999992,70.19533711405165,87.1892002251012,82.61668504226387,88.40402059328267,89.34284282180722,99.11816578483244,79.56751985878199,85.13694242832779,70.82545683679899,99.44842801985659,3400.0,24528.0
3500.0,9.733501874,5.968257357954978E-8,3500.0,86.25714285714285,72.21477688639135,-23950.00000000065,71.48784825133372,87.46581451926147,83.48781325094406,88.23097626620994,89.23596912971803,99.18433931484503,79.28759894459102,85.76452224940667,72.08061647895673,99.44842801985659,3500.0,24528.0
3600.0,10.167728657,6.243792104642837E-8,3600.0,86.5,72.94800840999044,-24200.00000000106,72.8035814213766,87.77017325478053,84.36293436293437,88.12316715542522,89.17832203255276,99.24299772899319,79.11364633611232,86.40580326566416,73.36317851147174,99.44842801985659,3600.0,24528.0
3700.0,10.581755172,6.506508950767417E-8,3700.0,86.83783783783784,73.79748197568063,-24250.000000000247,73.12362030905078,88.1236967169013,85.273661929241,88.10163694111898,89.18736100815418,99.29577464788733,79.07894736842105,87.08510431199508,74.72178060413354,99.44842801985659,3700.0,24528.0
3800.0,11.001143611,6.772628158121059E-8,3800.0,87.05263157894737,74.34331596447916,-24499.999999998883,72.8476821192053,88.35254679513524,85.9508852084523,87.99414348462665,89.12292104483971,99.33993399339934,78.90590809628009,87.5953765665463,75.74232511323603,99.44842801985659,3800.0,24528.0
3900.0,11.422584143,7.040049502853304E-8,3900.0,87.28205128205128,74.871023031518,-24699.999999999007,72.62693156732894,88.57439274500467,86.58734451054625,87.908337396392,89.07364425277397,99.37926753569212,78.76802096985584,88.0807065829997,76.71298514614278,99.44842801985659,3900.0,24528.0
4000.0,11.860603535,7.31799081588164E-8,4000.0,87.45,75.24145133428604,-25000.000000002754,72.29580573951436,88.7311214671363,87.10174717368962,87.77994157740993,88.98779061966917,99.41348973607037,78.56209150326798,88.47592868756891,77.50342935528121,99.44842801985659,4000.0,24528.0
4100.0,12.286183503,7.588038802945366E-8,4100.0,87.63414634146342,75.61213116677422,-25249.999999999978,72.01986754966887,88.88815276746598,87.5948128211402,87.67323121808899,88.91787439613526,99.44444444444444,78.39130434782608,88.85845100162047,78.26847398338434,99.44842801985659,4100.0,24528.0
4200.0,12.709102778,7.856398470908403E-8,4200.0,87.85714285714286,76.03094358185433,-25399.999999997715,71.85430463576158,89.06553434826051,88.09523809523809,87.60932944606414,88.88101994350382,99.47285187137585,78.28918801563178,89.25081643975653,79.05320485965646,99.44842801985659,4200.0,24528.0
4300.0,13.140936901,8.13041497645403E-8,4300.0,87.83720930232558,75.96528929930092,-26050.000000000706,71.13686534216336,89.04019067495959,88.30239320062626,87.33349479292806,88.67285433728898,99.49596774193549,77.84974093264249,89.41058312934929,79.37273823884198,99.44842801985659,4300.0,24528.0
4400.0,13.573455214,8.404865628684561E-8,4400.0,87.93181818181817,76.10059599164319,-26449.999999998214,70.69536423841059,89.09890922044139,88.61248123525627,87.1646120377085,88.55003001270151,99.51830443159922,77.58175559380379,89.6546353473848,79.86084267491303,99.44842801985659,4400.0,24528.0
4500.0,14.014188486,8.684529010151824E-8,4500.0,88.15555555555555,76.46550668483619,-26549.9999999985,70.5849889624724,89.25384364144166,89.0351779469245,87.12249335588307,88.52753284537577,99.54001839926403,77.51504729148753,89.99217083910582,80.53591365835504,99.44842801985659,4500.0,24528.0
4600.0,14.452099884,8.962401796547075E-8,4600.0,88.34782608695653,76.7577033941332,-26699.99999999877,70.41942604856514,89.37842533702988,89.40292605773033,87.0593915982617,88.48743250108382,99.55966534566271,77.41519965650494,90.28754375517408,81.12665949049158,99.44842801985659,4600.0,24528.0
4601.0,14.457928767,8.966100462460269E-8,4601.0,88.35035861769181,76.76172412844309,-26700.000000002707,70.41942604856511,89.38013320322027,89.40711462450594,87.0593915982617,88.48752940571725,99.55985915492957,77.41519965650494,90.2909285006026,81.13342898134863,99.44842801985659,4601.0,24528.0
