learning evaluation instances,evaluation time (cpu seconds),model cost (RAM-Hours),classified instances,classifications correct (percent),Kappa Statistic (percent),Kappa Temporal Statistic (percent),Kappa M Statistic (percent),F1 Score (percent),F1 Score for class 0 (percent),F1 Score for class 1 (percent),Precision (percent),Precision for class 0 (percent),Precision for class 1 (percent),Recall (percent),Recall for class 0 (percent),Recall for class 1 (percent),model training instances,model serialized size (bytes)
100.0,9.065790544,5.7323213152565795E-5,100.0,100.0,?,?,?,?,100.0,?,?,100.0,?,?,100.0,?,100.0,2.4441464E7
200.0,18.607991517,1.216508604639307E-4,200.0,97.0,55.621301775147955,-50.0,0.0,78.19560030594656,98.44559585492227,57.14285714285715,74.47916666666667,98.95833333333334,50.0,82.30240549828179,97.9381443298969,66.66666666666666,200.0,2.6058624E7
300.0,28.142564636,1.8596159815689105E-4,300.0,98.0,56.140350877192816,-50.00000000000042,0.0,78.45210591789585,98.97610921501708,57.14285714285715,74.65753424657534,99.31506849315068,50.0,82.65306122448979,98.63945578231292,66.66666666666666,300.0,2.6072616E7
400.0,37.826964858,2.512999166904725E-4,400.0,98.5,56.39534883720939,-50.0,0.0,78.57810090207562,99.23664122137404,57.14285714285715,74.74489795918367,99.48979591836735,50.0,82.82571912013536,98.98477157360406,66.66666666666666,400.0,2.60794E7
500.0,47.501377532,3.16584066305472E-4,500.0,93.8,22.391347887041857,-416.6666666666667,-287.5,66.1808270068062,96.7674661105318,24.390243902439025,57.254558432288626,99.3576017130621,15.151515151515152,78.40447154471545,94.3089430894309,62.5,500.0,2.608468E7
600.0,57.248095819,3.823723210968958E-4,600.0,94.33333333333334,24.107142857142993,-325.0000000000006,-239.9999999999988,66.3174150945908,97.05372616984403,26.08695652173913,57.97872340425532,99.29078014184397,16.666666666666664,77.45762711864407,94.91525423728814,60.0,600.0,2.6091096E7
700.0,66.862868634,4.4730620798934885E-4,700.0,94.42857142857143,40.949991347984124,-225.0000000000003,-77.27272727272702,72.67241189644776,97.06987227648384,43.47826086956522,65.42145905965918,98.92802450229709,31.914893617021278,81.73102708500939,95.28023598820059,68.18181818181817,700.0,2.6105568E7
800.0,76.384393788,5.117225466147354E-4,800.0,92.25,70.21808050725333,-376.9230769230774,49.180327868852444,85.1107965163307,95.42097488921712,74.79674796747967,84.87783928230579,95.56213017751479,74.19354838709677,85.34503602688717,95.28023598820059,75.40983606557377,800.0,2.6151216E7
900.0,86.014638341,5.769178379854514E-4,900.0,90.88888888888889,72.97000329634106,-192.85714285714317,59.20398009950249,86.53843712601554,94.2008486562942,78.75647668393782,87.65450765450767,93.14685314685315,82.16216216216216,85.45043025217261,95.27896995708154,75.62189054726367,900.0,2.6168648E7
1000.0,96.041983883,6.448263043502884E-4,1000.0,91.3,76.59377555852095,-35.937500000000064,66.147859922179,88.36023555146446,94.2269409422694,82.3529411764706,89.47444316265862,92.93193717277487,86.01694915254238,87.27343664081361,95.5585464333782,78.98832684824903,1000.0,2.6178232E7
1100.0,106.230723771,7.138536172332109E-4,1100.0,86.9090909090909,66.26557342136088,-49.999999999999936,55.69230769230769,83.69526489166739,91.14391143911439,74.91289198606272,86.70970603919793,87.07403055229143,86.34538152610442,80.8833746898263,95.61290322580646,66.15384615384615,1100.0,2.6188032E7
1200.0,116.536676284,7.836943751836163E-4,1200.0,85.83333333333333,63.285448439451585,-45.2991452991453,52.64623955431753,82.4471330121046,90.46015712682379,72.49190938511329,86.07002326449724,85.65356004250798,86.48648648648648,79.11691546408143,95.83828775267538,62.39554317548747,1200.0,2.6195288E7
1300.0,126.879433527,8.537960867369574E-4,1300.0,82.92307692307692,56.79989940932917,-77.60000000000004,47.016706443914074,79.81031979656237,88.40125391849529,67.63848396501457,84.39438601071024,81.8973862536302,86.89138576779027,75.69858508583486,96.0272417707151,55.36992840095465,1300.0,2.61996E7
1400.0,137.554167209,9.261722766514912E-4,1400.0,81.0,53.22689227615728,-83.44827586206898,44.35146443514646,78.37650184690189,86.9351669941061,65.18324607329843,83.25319205031951,79.44344703770197,87.06293706293707,74.03951751241162,95.98698481561823,52.09205020920502,1400.0,2.6208432E7
1500.0,148.814843554,0.0010025366446237366,1500.0,78.86666666666666,48.76408852875891,-77.09497206703921,40.747663551401864,76.65963791086085,85.41187298665437,61.66868198307135,82.0749795881339,76.82119205298014,87.32876712328768,71.91467725533872,96.16580310880829,47.66355140186916,1500.0,2.621372E7
1600.0,160.769401427,0.0010836203319254712,1600.0,76.8125,44.70877096241759,-66.3677130044843,37.54208754208752,75.08031107597624,83.91850888599915,58.454647256438975,80.84763714045538,74.4043043812452,87.29096989966555,70.08102897764925,96.22266401590457,43.93939393939394,1600.0,2.6218168E7
1700.0,172.554386766,0.0011635646226956153,1700.0,75.3529411764706,42.268539231133325,-74.58333333333326,35.83460949464013,74.11624507832309,82.77846280312372,56.67011375387797,79.95813457596897,72.65512265512265,87.26114649681529,69.06987220835144,96.1795606494747,41.96018376722817,1700.0,2.6221696E7
1800.0,184.711399267,0.001246067735153187,1800.0,74.72222222222223,41.1130284728214,-60.21126760563378,34.99999999999999,73.70489245860318,82.31636222308589,55.69620253164557,79.67793369333009,71.89409368635438,87.46177370030581,68.56493506493506,96.27272727272728,40.85714285714286,1800.0,2.6232872E7
1900.0,196.706035594,0.0013274794380262309,1900.0,73.36842105263159,39.32149132551048,-67.54966887417217,34.11458333333334,73.08174722036912,81.17559523809523,54.49640287769783,79.09853829138518,70.11568123393316,88.0813953488372,67.91560843639576,96.37809187279152,39.453125,1900.0,2.6236272E7
2000.0,208.906252956,0.0014103013617980946,2000.0,72.95,38.253287070854654,-61.97604790419155,33.04455445544556,72.61114559474011,80.93056045118082,53.482373172828886,78.69643392268505,69.7872340425532,87.60563380281691,67.39941192105788,96.30872483221476,38.49009900990099,2000.0,2.6240984E7
2100.0,221.914501488,0.0014986274462401273,2100.0,71.66666666666667,36.83651804670914,-60.37735849056606,32.539682539682545,72.12759383702864,79.7825348284064,52.66507557677008,78.16231884057972,68.05797101449275,88.26666666666667,66.95793259832669,96.38752052545156,37.528344671201815,2100.0,2.6246568E7
2200.0,234.36466332,0.0015831717199327544,2200.0,69.9090909090909,34.178473775789215,-66.33165829145729,30.680628272251308,71.04357809848064,78.36601307189544,50.59701492537314,77.05627705627705,66.06060606060606,88.05194805194805,65.90130154124351,96.30522088353413,35.497382198952884,2200.0,2.6248928E7
2300.0,246.825282836,0.0016677959821685057,2300.0,69.26086956521739,33.439485231514816,-73.71007371007371,30.344827586206886,70.7799875974801,77.78825007854226,50.10585744530699,76.76750598954646,65.22655426765016,88.30845771144278,65.65889095474498,96.34241245136187,34.97536945812808,2300.0,2.6251712E7
2400.0,259.572728671,0.0017543855907453862,2400.0,68.75,32.66053727912656,-74.01392111368911,29.7752808988764,70.45863460491341,77.38238841978287,49.46091644204852,76.44424627791564,64.66733870967742,88.22115384615384,65.34230860073556,96.32132132132132,34.36329588014981,2400.0,2.6256992E7
2500.0,273.677754535,0.0018502065868019944,2500.0,68.32000000000001,31.89941474769765,-72.54901960784314,29.159212880143127,70.178105504754,77.08333333333334,48.704663212435236,76.24331653695882,64.22372227579557,88.26291079812206,65.0067698935198,96.38205499276411,33.631484794275494,2500.0,2.6259664E7
2600.0,287.939407195,0.0019471057485353966,2600.0,66.6923076923077,30.52607154494022,-88.6710239651416,28.899835796387528,69.66943325115979,75.46742209631728,48.1437125748503,75.47461314085133,62.01117318435754,88.93805309734513,64.69349055056924,96.38205499276411,33.004926108374384,2600.0,2.6263496E7
2700.0,301.309282932,0.0020379613297511084,2700.0,65.48148148148148,29.899512606053307,-103.0501089324618,29.286798179059183,69.46136023955786,74.08231368186874,48.33702882483371,74.93726789119744,60.16260162601627,89.7119341563786,64.73123993947766,96.38205499276411,33.0804248861912,2700.0,2.6267976E7
2800.0,314.706978929,0.002129017804606593,2800.0,64.42857142857143,29.42619814516015,-116.9934640522876,27.93053545586106,69.308824862062,72.78688524590163,48.65979381443299,74.44690005012127,58.47234416154522,90.42145593869732,64.83418687578967,96.38205499276411,33.286318758815234,2800.0,2.6271392E7
2900.0,327.804574183,0.0022180562163520295,2900.0,63.241379310344826,28.557694618693972,-132.24400871459702,22.865412445730815,68.98130731327696,71.42091152815013,48.5024154589372,73.83558008048787,56.72913117546848,90.94202898550725,64.72594185738338,96.38205499276411,33.06982872200264,2900.0,2.6277752E7
3000.0,340.542201288,0.0023046599546969766,3000.0,62.2,27.86528747018771,-147.05882352941174,17.945007235890014,68.72159516982374,70.14218009478672,48.50136239782017,73.2854032477547,55.132450331125824,91.43835616438356,64.69288163729676,96.38205499276411,33.00370828182942,3000.0,2.628152E7
3100.0,353.620311499,0.0023935897513075455,3100.0,61.193548387096776,27.150157447706263,-162.09150326797385,12.952243125904486,68.44628768557301,68.89061287820016,48.43549078439777,72.73576417856734,53.60160965794769,91.869918699187,64.63456649521791,96.38205499276411,32.88707799767171,3100.0,2.62848E7
3200.0,366.476053606,0.0024810122037375883,3200.0,61.0,27.611048595723943,-169.54643628509726,10.086455331412095,68.67552850130944,68.19571865443426,49.59612277867528,72.61506594200145,52.760252365930604,92.46987951807229,65.14145211875999,96.39769452449568,33.88520971302428,3200.0,2.6286224E7
3300.0,379.39700606,0.00256888636685921,3300.0,61.57575757575757,28.77692184354821,-168.0761099365751,10.767065446868406,69.21231001066067,68.37905236907731,51.04247104247105,72.96123000099415,52.954808806489,92.9676511954993,65.82981874183305,96.48135116115412,35.17828632251197,3300.0,2.6288696E7
3400.0,392.258834178,0.0026563617051469706,3400.0,61.0,28.429529502419815,-177.98742138364787,7.077785564120524,69.06536366198267,67.48406081412458,51.28581925055107,72.54793137990097,51.90494153149755,93.1909212283044,65.90183312134985,96.42606867554309,35.37759756715661,3400.0,2.628968E7
3500.0,405.200463154,0.0027443830226321258,3500.0,61.199999999999996,28.727465102999528,-179.42386831275712,7.744565217391306,69.23108583463286,67.66666666666667,51.5,72.74161259933447,52.089442815249264,93.39378238341969,66.04379716576622,96.53532608695652,35.552268244575934,3500.0,2.6290648E7
3600.0,418.109637395,0.0028321888119719513,3600.0,61.05555555555555,28.49522919013111,-184.38133874239358,7.458745874587438,69.16843595461583,67.62124711316399,51.149825783972126,72.75514475455647,52.00710479573713,93.5031847133758,65.91875014839613,96.63366336633663,35.20383693045564,3600.0,2.6292208E7
3700.0,431.368711036,0.0029223833327414396,3700.0,61.24324324324324,28.76068730670606,-188.53118712273653,8.13581037796284,69.3166750321634,67.80422092501122,51.32382892057026,72.93762536670363,52.19495333563775,93.68029739776952,66.03824103116551,96.73286354900704,35.34361851332398,3700.0,2.6294768E7
3800.0,444.600834553,0.003012398798061892,3800.0,61.1578947368421,28.887040598845964,-184.94208494208507,6.8769716088327995,69.39682183679436,67.51760563380282,51.70157068062827,72.88881459213292,51.841838458938824,93.935790725327,66.22412430303851,96.78233438485805,35.66591422121896,3800.0,2.6296016E7
3900.0,457.883205417,0.003102759164739647,3900.0,61.30769230769231,29.008314269846338,-182.05607476635524,7.819181429444098,69.48221591816525,67.76329844050417,51.61910868868227,73.07227639480762,52.102496714848876,94.04205607476635,66.22839706294805,96.88454489920586,35.57224922669023,3900.0,2.6296912E7
4000.0,471.493793161,0.003195357921715097,4000.0,60.650000000000006,28.496261385687045,-194.2056074766354,3.848503359804531,69.28166938980449,66.83522966708809,51.62876459741855,72.64464089809861,51.01318752010293,94.27609427609428,66.21628853085556,96.88454489920586,35.54803216250529,4000.0,2.629848E7
4100.0,485.126171685,0.003288114495285472,4100.0,60.951219512195124,29.32994960582991,-198.13780260707634,2.7929568913175498,69.65319404686429,66.59712080116837,53.00851188729088,72.69258757251896,50.731087094723456,94.65408805031447,66.85776384739849,96.90346083788707,36.81206685690991,4100.0,2.6301192E7
4200.0,498.458844547,0.003378834424195249,4200.0,60.61904761904762,29.025060075523506,-202.37659963436926,0.8393285371702552,69.54532880557854,66.1620294599018,52.90432801822323,72.50665483584739,50.21739130434783,94.79591836734694,66.8164046961483,96.94244604316546,36.690363349131125,4200.0,2.6301944E7
4300.0,512.36067196,0.003473432679875594,4300.0,60.46511627906976,29.154859143190524,-210.21897810218974,-1.7964071856287516,69.6153174796252,65.57310652085864,53.57728017476789,72.29957160342717,49.54100367197062,95.05813953488372,67.12324400628401,96.94610778443113,37.30038022813688,4300.0,2.6303504E7
4400.0,526.44203656,0.0035692559317339364,4400.0,60.5,29.22991725845331,-211.4695340501792,-1.756440281030449,69.67076646972546,65.59778305621535,53.62860192102454,72.36094497607655,49.551435406698566,95.17045454545455,67.17344478044062,97.01405152224825,37.332838038632985,4400.0,2.6304408E7
4500.0,540.214651006,0.0036629832220065584,4500.0,60.44444444444444,29.209277349567063,-217.29055258467014,-2.240091901206215,69.68351911379405,65.50387596899225,53.64583333333333,72.35590197781944,49.42965779467681,95.28214616096207,67.20150792591694,97.0706490522688,37.33236679956506,4500.0,2.6305832E7
4600.0,553.482231728,0.00375327767865292,4600.0,60.28260869565217,29.235131142604832,-225.0889679715303,-4.579278763594736,69.70851507739087,64.99329373443189,54.10700828937451,72.16332483576822,48.8479262672811,95.47872340425532,67.41522345351531,97.08070978820835,37.74973711882229,4600.0,2.6307024E7
4700.0,567.075736599,0.0038457934668393538,4700.0,60.29787234042553,29.242714223084153,-230.2654867256638,-4.304080491894934,69.73367411382148,65.06926244852114,54.01675702316412,72.23501340149697,48.91640866873065,95.5536181342633,67.39976869218145,97.14924538848518,37.65029199587771,4700.0,2.6307936E7
4800.0,580.589487732,0.003937853021890205,4800.0,60.479166666666664,29.596021451502157,-228.7694974003466,-4.5179063360881555,69.88157803916978,65.01936197676562,54.58463011730906,72.25061012812691,48.86363636363637,95.63758389261746,67.66297049988232,97.13498622589532,38.19095477386934,4800.0,2.6332696E7
4900.0,594.238012436,0.004030836992320935,4900.0,60.795918367346935,30.21342330482726,-229.50257289879937,-4.915346805024575,70.15635566491363,64.9388574557401,55.54269844943299,72.3065463679166,48.76644736842105,95.84664536741214,68.13035305398019,97.1600218459858,39.100684261974585,4900.0,2.633448E7
5000.0,607.829491003,0.0041234358097459465,5000.0,61.08,30.802895497010873,-229.27241962774966,-5.818379554105485,70.41679887477727,64.7463768115942,56.56250000000001,72.30210500451162,48.54659060038033,96.0576194086429,68.62731437160926,97.17237629146275,40.08225245175577,5000.0,2.6335472E7
5100.0,621.610602598,0.004217333215002908,5100.0,61.509803921568626,31.550204994531565,-231.02866779089362,-5.9935205183585225,70.74296858367617,64.7132841991731,57.66659478110847,72.38037286847288,48.504446240905416,96.25629949604033,69.17800886273926,97.19222462203024,41.16379310344828,5100.0,2.6337328E7
5200.0,635.20797178,0.0043099831402852555,5200.0,61.71153846153846,31.979850709398416,-233.50083752093812,-7.2737068965517295,70.9345555403938,64.44007858546168,58.52947302645283,72.31382818277486,48.19663371627037,96.43102264927934,69.60691305065171,97.19827586206897,42.01555023923445,5200.0,2.6338592E7
5300.0,648.871561497,0.004403087560158744,5300.0,62.075471698113205,32.605671119217796,-233.3333333333334,-7.948442534908719,71.20747379553426,64.29840142095915,59.55734406438632,72.32091877179269,48.03609341825902,96.60574412532638,70.12779393010075,97.20730397422128,43.04828388598022,5300.0,2.633952E7
5400.0,662.51395684,0.004496055353140404,5400.0,62.59259259259259,33.37379281228559,-231.69129720853869,-7.218683651804675,71.52425543696936,64.44913762759592,60.53145760062524,72.45060972362745,48.20958399157451,96.6916354556804,70.62129084150344,97.1868365180467,44.05574516496018,5400.0,2.6341728E7
5500.0,676.300387593,0.0045900156212038195,5500.0,63.0,34.00729519354952,-230.89430894308944,-7.218124341412004,71.79906418358928,64.45414847161571,61.4218009478673,72.52106224202745,48.21008622942252,96.83203825463241,71.09130040739574,97.20758693361434,44.97501388117712,5500.0,2.6344792E7
5600.0,690.188138806,0.004684674564439223,5600.0,63.517857142857146,34.79762461103577,-231.1183144246352,-7.5263157894736645,72.13675264462806,64.38905351228865,62.60296540362438,72.56516283001984,48.13656502475892,96.99376063528076,71.71337126600285,97.21052631578947,46.21621621621622,5600.0,2.6347056E7
5700.0,703.979909298,0.004778683184785955,5700.0,63.73684210526316,34.943018612130984,-229.66507177033498,-7.488299531981291,72.0150295062641,64.23256618792179,63.22718377512897,72.24968722153716,48.13278008298755,96.36659436008676,71.78189113267469,96.51586063442538,47.04792163092401,5700.0,2.6348144E7
5800.0,718.480445765,0.004877526406287743,5800.0,64.12068965517241,35.414805419295966,-225.66510172143958,-7.323362558019582,72.13258522899672,64.18860781276888,64.05251338745897,72.16407402009534,48.16632231404959,96.16182572614107,72.10112390617806,96.1835997937081,48.01864801864802,5800.0,2.6349064E7
5900.0,733.867638551,0.0049824195267686,5900.0,64.4406779661017,35.727504808416754,-224.26584234930448,-6.659888154550055,72.12570149304979,64.19795221843005,64.68013468013469,72.01624522237925,48.317492936039045,95.71499750871948,72.23549099164953,95.62785968479919,48.84312229849988,5900.0,2.6350568E7
6000.0,749.482417553,0.005088877299602534,6000.0,64.71666666666667,35.963478916345984,-222.2222222222221,-6.542526421741302,72.08369307347523,64.07602239945699,65.33486163419028,71.80404990045437,48.33589349718382,95.27220630372493,72.36552292116549,95.01761449421238,49.71343134811861,6000.0,2.635384E7
6100.0,764.368907169,0.005190376488588731,6100.0,64.98360655737704,36.15296631252607,-218.33084947839052,-5.377405032067087,71.98522242565403,64.14904330312186,65.78019865427747,71.6327488268998,48.61358432968711,94.65191332411248,72.34118191548879,94.27725703009374,50.40510680088387,6100.0,2.6355584E7
6200.0,777.747273953,0.0052815990731167675,6200.0,65.03225806451613,35.89821237389211,-214.65892597968087,-4.987893462469764,71.59410807300836,63.92678868552413,66.07198748043818,71.15437037536638,48.69455006337135,93.61419068736141,72.03931477290361,93.02663438256658,51.051995163240626,6200.0,2.6357344E7
6300.0,791.344166618,0.005374315708055817,6300.0,65.14285714285715,35.81022676878904,-214.16309012875544,-4.721030042918445,71.35560974838843,63.75041267745131,66.4322837052889,70.82663277774893,48.75031557687453,92.90294997862334,71.89254762845668,92.08392942298522,51.701165833928144,6300.0,2.635848E7
6400.0,805.007171779,0.005467486045561127,6400.0,65.4375,36.077741256993875,-212.87128712871285,-4.3888626710712595,71.35859091973435,63.678160919540225,67.03427719821163,70.70927667333744,48.8290103248552,92.58954302181968,72.0199408274696,91.50542708824916,52.53445456669002,6400.0,2.6359296E7
6500.0,818.518813196,0.005559629297563219,6500.0,65.66153846153846,36.234653661606785,-212.6050420168068,-3.573085846867747,71.29311410388904,63.69551073519845,67.42556917688265,70.58890753273754,49.03581267217631,92.14200239329877,72.01151281975974,90.8584686774942,53.16455696202531,6500.0,2.6360752E7
6600.0,832.259118362,0.005653343619994602,6600.0,65.80303030303031,36.23982680202681,-212.6038781163435,-3.0593607305936024,71.14428303225428,63.61438013864259,67.74331856509933,70.38855936991018,49.16521305756292,91.61190568225744,71.91641039977635,90.09132420091325,53.74149659863946,6600.0,2.636404E7
6700.0,845.930399036,0.005746591412180758,6700.0,65.98507462686567,36.330769601556604,-211.76470588235296,-2.519118308591992,71.05821022835316,63.56514788169465,68.1035689293212,70.24872980176579,49.30555555555556,91.19190404797601,71.88656351335777,89.42869995501574,54.3444270716998,6700.0,2.636524E7
6800.0,859.638884948,0.0058401004319887885,6800.0,66.19117647058823,36.500669063901924,-211.0960757780786,-2.496656263932252,71.06127918473227,63.455730408520104,68.54562867697359,70.16650484879125,49.308300395256914,91.02470930232558,71.97916889851449,88.98796255015604,54.97037524687294,6800.0,2.6367344E7
6900.0,873.243377665,0.0059329037484091105,6900.0,66.57971014492755,37.00508705479364,-211.20107962213228,-2.7171492204899526,71.28966999061606,63.38520165131788,69.2615302585977,70.25071126852657,49.24747100912904,91.25395152792413,72.35982096507576,88.9086859688196,55.8109559613319,6900.0,2.6368384E7
7000.0,887.142879469,0.006027725055855961,7000.0,66.65714285714286,36.86951138980198,-211.6154873164219,-2.4133391838525444,71.06589007255967,63.20933165195461,69.51410658307209,69.99394423245766,49.32349323493235,90.66439522998296,72.17117992214818,87.97718297498903,56.365176869307355,7000.0,2.6369936E7
7100.0,900.877162101,0.0061214224346634,7100.0,66.90140845070422,37.081308823414055,-212.49999999999994,-2.530541012216423,71.10321692906639,63.073538654934005,70.01020929045431,69.9378330084892,49.287819253438116,90.5878467635403,72.30809688912893,87.56544502617801,57.05074875207987,7100.0,2.6370832E7
7200.0,914.655048344,0.006215419679223255,7200.0,67.23611111111111,37.471284679271946,-213.28021248339968,-2.342733188720193,71.24805556256457,63.054032889584974,70.56768558951966,69.98963046757166,49.33823529411765,90.64102564102564,72.55256259984623,87.33188720173536,57.7732379979571,7200.0,2.6371504E7
7300.0,928.284121498,0.006308412080548335,7300.0,67.38356164383562,37.537329255714845,-214.53104359313065,-1.8827556696619379,71.18510324159271,63.01071927916732,70.83180203356608,69.90358231707316,49.46341463414634,90.34375,72.51448911935485,86.77792041078305,58.25105782792666,7300.0,2.6374456E7
7400.0,941.964728244,0.006401757176153647,7400.0,67.7972972972973,38.073143518234325,-214.7952443857331,-1.968335472828392,71.4421590161683,62.99114769374127,71.49862456643942,70.03499158362898,49.43929790346173,90.63068526379624,72.90703249454815,86.77792041078305,59.036144578313255,7400.0,2.637476E7
7500.0,955.614338629,0.00649489312303384,7500.0,68.21333333333334,38.60135957468186,-214.09749670619246,-1.9238991021804208,71.68772414461624,62.99285936044707,72.14302407104464,70.16296080949405,49.45162076529368,90.87430085369444,73.28023119427873,86.746472851646,59.81398953691145,7500.0,2.6375424E7
7600.0,969.336585512,0.006588526511089692,7600.0,68.63157894736842,39.12925512153958,-214.0974967061923,-1.923899102180416,71.9383815600423,62.99285936044707,72.77917332724367,70.29343977927253,49.45162076529368,91.13525879325137,73.6621548823902,86.746472851646,60.577836913134384,7600.0,2.6375936E7
7700.0,983.166659111,0.006682899315603793,7700.0,68.97402597402598,39.5382221983235,-214.75625823451924,-2.137665669089337,72.13693195638109,62.94400496354894,73.31620685803641,70.38057091058134,49.391431353456674,91.36971046770601,73.98319725402669,86.746472851646,61.21992165640739,7700.0,2.637696E7
7800.0,996.823059662,0.006776088207729744,7800.0,69.37179487179486,40.02390006159119,-214.75625823451912,-2.1376656690893845,72.36692904700371,62.94400496354894,73.89926799956298,70.49744915451814,49.391431353456674,91.60346695557962,74.33826114657012,86.746472851646,61.930049441494226,7800.0,2.6377296E7
7900.0,1010.544321564,0.006869721718615954,7900.0,69.74683544303798,40.47096950061762,-214.88801054018433,-2.1804189824711306,72.57929245059536,62.93424317617866,74.44396920444825,70.6010745563762,49.37941104891701,91.8227380638354,74.67156406473687,86.746472851646,62.59665527782773,7900.0,2.6377864E7
8000.0,1024.082443028,0.006962109126644206,8000.0,70.125,40.91853995374467,-214.88801054018424,-2.1804189824711098,72.79071482049368,62.93424317617866,74.97906197654942,70.70615373828528,49.37941104891701,92.03289642765355,75.00192393686346,86.746472851646,63.25737502208091,8000.0,2.6378904E7
8100.0,1037.784207362,0.007055615825261796,8100.0,70.46913580246914,41.311711953161826,-215.151515151515,-2.2659256092346807,72.97807553252689,62.91472868217054,75.46666666666665,70.79200835623189,49.35538798345902,92.22862872900475,75.30345687366193,86.746472851646,63.86044089567784,8100.0,2.6379624E7
8200.0,1051.352285474,0.007148212185657551,8200.0,70.8170731707317,41.7074264523622,-215.28326745718064,-2.3086789226165045,73.16552456069006,62.9049759727174,75.94733139008947,70.88010747980233,49.34338521400778,92.41682974559687,75.60323130724255,86.746472851646,64.45998976283911,8200.0,2.6380192E7
8300.0,1065.104541048,0.0072420676419634724,8300.0,71.13253012048193,42.05178996702335,-215.67852437417642,-2.4369388627618482,73.33044816593687,62.875735977688265,76.38478218016952,70.95000225012376,49.30741190765492,92.5925925925926,75.8761721748584,86.746472851646,65.00587149807079,8300.0,2.63808E7
8400.0,1078.726570622,0.007335069862952751,8400.0,71.44047619047619,42.382508821495335,-216.07378129117282,-2.565198802907216,73.48880908678146,62.8465231531671,76.80556898385382,71.01594167754193,49.27149101505585,92.76039234002802,76.14010657926302,86.746472851646,65.53374030688005,8400.0,2.639088E7
8500.0,1092.347819551,0.007428069404131346,8500.0,71.75294117647059,42.718031308959716,-216.3372859025032,-2.650705429670826,73.64838330330478,62.82706301285028,77.22227492647757,71.08497362237887,49.24757281553398,92.92237442922374,76.40358864137242,86.746472851646,66.06070443109886,8500.0,2.6391632E7
8600.0,1105.78949249,0.007519844414162513,8600.0,72.05813953488372,43.04099533530288,-216.600790513834,-2.7362120564343404,73.80193056956321,62.80761492029098,77.62361486171896,71.15047223159469,49.223677826297916,93.07726663689147,76.65865409073275,86.746472851646,66.57083532981952,8600.0,2.6392072E7
8700.0,1119.38072355,0.00761264243899344,8700.0,72.34482758620689,43.334673342347934,-216.99604743083012,-2.8644719965797223,73.94252613583593,62.77846534653465,77.9992684711046,71.20596125186289,49.18787878787879,93.22404371584699,76.89783947565793,86.746472851646,67.04920609966987,8700.0,2.6392608E7
8800.0,1132.960661803,0.007705366450511422,8800.0,72.5909090909091,43.55822804703162,-216.12057667103545,-2.8571428571428417,74.02930961617913,62.74328081556997,78.32104979327703,71.23316813538382,49.188665536449506,93.27767073431814,77.05393580949959,86.60980810234543,67.49806351665376,8800.0,2.6393488E7
8900.0,1146.574692246,0.007798326765946977,8900.0,72.89887640449439,43.925482653621245,-215.2941176470588,-2.5946405784772564,74.20050163322486,62.81221091581869,78.68127983029875,71.33633875586672,49.26239419588875,93.4102833158447,77.30427801439777,86.64398128455976,67.96457474423576,8900.0,2.6394488E7
9000.0,1160.265102447,0.0078918133832861,9000.0,73.16666666666667,44.189269734247965,-215.68627450980404,-2.722245852828567,74.32689696834063,62.7831715210356,79.02006776127183,71.38421596031125,49.226679555340745,93.54175236528177,77.5226223162158,86.64398128455976,68.40126334787186,9000.0,2.6395832E7
9100.0,1173.79850753,0.00798423411820485,9100.0,73.37362637362638,44.359583456309714,-216.73202614379065,-3.062526584432137,74.4139359426925,62.70586424503617,79.29590703238486,71.39669036174776,49.131693198263385,93.66168752523214,77.69745367384012,86.64398128455976,68.75092606312046,9100.0,2.6397616E7
9200.0,1187.38069469,0.008076990772801749,9200.0,73.59782608695652,44.55561924784522,-217.5163398692809,-3.317737133134856,74.51116840641622,62.64800861141011,79.58308817348913,71.4202041900644,49.0606936416185,93.77971473851031,77.8817803926084,86.64398128455976,69.11957950065704,9200.0,2.6398408E7
9300.0,1200.993628835,0.008169962647638076,9300.0,73.5268817204301,44.23440343189088,-216.4524421593832,-3.3585222502099312,74.25595716006275,62.412213740458014,79.56846473029046,71.22709041758235,49.04030710172745,93.41387373343726,77.55386415753304,85.81024349286314,69.29748482220295,9300.0,2.6399896E7
9324.0,1205.006568277,0.008197369965146317,9324.0,73.54139854139854,44.197311317774904,-215.47314578005117,-3.3514872224549825,74.21601468627915,62.36460717009916,79.5997684610932,71.19393167343937,49.04030710172745,93.34755624515128,77.5060377921613,85.63049853372434,69.38157705059824,9324.0,2.6400144E7
