learning evaluation instances,evaluation time (cpu seconds),model cost (RAM-Hours),classified instances,classifications correct (percent),Kappa Statistic (percent),Kappa Temporal Statistic (percent),Kappa M Statistic (percent),F1 Score (percent),F1 Score for class 0 (percent),F1 Score for class 1 (percent),Precision (percent),Precision for class 0 (percent),Precision for class 1 (percent),Recall (percent),Recall for class 0 (percent),Recall for class 1 (percent),model training instances,model serialized size (bytes)
100.0,0.668201694,5.4195018663518126E-8,100.0,100.0,?,?,?,?,100.0,?,?,100.0,?,?,100.0,?,100.0,313512.0
200.0,1.067601695,8.877833151983718E-8,200.0,98.5,71.96261682242988,25.0,50.0,86.16227919005931,99.22879177377892,72.72727272727272,89.48717948717949,98.97435897435898,80.0,83.07560137457044,99.48453608247422,66.66666666666666,200.0,334704.0
300.0,1.307403115,1.095497406589985E-7,300.0,97.66666666666667,52.18579234972677,-75.00000000000021,-16.666666666666483,76.81653257611612,98.80341880341881,53.333333333333336,71.87857961053837,99.3127147766323,44.44444444444444,82.48299319727892,98.29931972789116,66.66666666666666,300.0,334824.0
400.0,1.455992728,1.224201477702707E-7,400.0,97.5,43.31065759637201,-150.0,-66.66666666666666,73.51262646254773,98.7212276214834,44.44444444444444,66.40893470790378,99.48453608247422,33.33333333333333,82.31810490693739,97.96954314720813,66.66666666666666,400.0,334816.0
500.0,1.632408162,1.3770074787716898E-7,500.0,96.2,28.00848742043029,-216.66666666666666,-137.5,66.12448359503512,98.04727646454265,29.629629629629626,60.110515373673266,99.16839916839916,21.052631578947366,73.47560975609755,96.95121951219512,50.0,500.0,334816.0
600.0,1.763649956,1.4907641348909585E-7,600.0,96.16666666666667,32.682926829268325,-187.5000000000005,-129.99999999999926,69.0207696395965,98.02575107296137,34.285714285714285,61.65217391304347,99.30434782608695,24.0,78.38983050847457,96.77966101694915,60.0,600.0,335048.0
700.0,1.866290815,1.5800319586896854E-7,700.0,95.0,36.131386861313906,-191.6666666666672,-59.09090909090901,68.80668091041134,97.39389426656739,38.59649122807017,64.88721804511279,98.34586466165413,31.428571428571427,73.23008849557522,96.46017699115043,50.0,700.0,336184.0
800.0,1.975552278,1.6751753773603173E-7,800.0,94.375,78.45601436265709,-246.15384615384656,63.114754098360635,89.2322872633844,96.6740576496674,81.78137651821864,88.84444444444445,96.88888888888889,80.80000000000001,89.62353111852603,96.46017699115043,82.78688524590164,800.0,336600.0
900.0,2.084404869,1.7700010536999338E-7,900.0,93.66666666666667,81.58042138825455,-103.57142857142878,71.64179104477611,90.79570485833024,95.93727726300784,85.64231738035265,91.16564239332097,95.5965909090909,86.73469387755102,90.42875750005338,96.28040057224607,84.5771144278607,900.0,336736.0
1000.0,2.188270928,1.8605193138351663E-7,1000.0,93.4,82.54032919415685,-3.1250000000000053,74.31906614785994,91.27962540623541,95.58232931726907,86.95652173913044,91.7133246701854,95.07323568575234,88.35341365461848,90.85000864096024,96.09690444145357,85.60311284046692,1000.0,336872.0
1100.0,2.293896882,1.952560375140835E-7,1100.0,88.63636363636364,71.07698779974757,-30.208333333333336,61.53846153846153,85.9360731084671,92.25046497210167,78.7052810902896,88.47537758020732,88.78281622911695,88.16793893129771,83.53846153846153,96.0,71.07692307692308,1100.0,336832.0
1200.0,2.412003106,2.055493689228822E-7,1200.0,86.91666666666666,66.64282324945644,-34.18803418803417,56.267409470752085,83.84795756186134,91.09472490073739,75.35321821036106,86.712105369934,87.09327548806941,86.33093525179856,81.16696862403492,95.48156956004756,66.85236768802228,1200.0,336888.0
1300.0,2.524984787,2.1539654783726566E-7,1300.0,83.92307692307692,59.85709895513214,-67.20000000000003,50.11933174224343,81.00853488518291,88.97097625329815,70.35460992907801,84.92469069392146,83.13609467455622,86.7132867132867,77.4376318947605,95.68671963677639,59.188544152744626,1300.0,336904.0
1400.0,2.62947536,2.2450669221561608E-7,1400.0,82.35714285714286,57.44586592371268,-70.3448275862069,48.326359832635994,79.85798622869697,87.64382191095548,69.16354556803995,83.54778064282449,81.33704735376045,85.75851393188854,76.48031839098195,95.01084598698482,57.94979079497908,1400.0,337016.0
1500.0,2.733602006,2.3358661566027957E-7,1500.0,80.2,53.0410034784442,-65.92178770949722,44.48598130841123,77.95029272182542,86.02352941176471,66.05714285714286,81.89655172413792,78.79310344827586,85.0,74.3668587477604,94.71502590673575,54.01869158878505,1500.0,337072.0
1600.0,2.83630742,2.425440945017855E-7,1600.0,78.625,50.15921362314828,-53.363228699551534,42.42424242424242,76.7973906508605,84.7864768683274,64.07563025210085,80.96330481562445,76.73107890499195,85.19553072625699,73.03920584238676,94.73161033797217,51.34680134680135,1600.0,337128.0
1700.0,2.940011235,2.515897222708476E-7,1700.0,78.41176470588235,50.75427496148114,-52.91666666666664,43.79785604900459,77.08464881549205,84.37633035334186,65.08087535680303,81.02165975808381,76.1136712749616,85.92964824120602,73.51252246994622,94.65138490926456,52.37366003062787,1700.0,337168.0
1800.0,3.047102082,2.6093145085507384E-7,1800.0,78.77777777777779,52.09030100334447,-34.5070422535211,45.42857142857143,77.6412483646319,84.48415922014622,66.43233743409492,81.32983324281375,76.3582966226138,86.3013698630137,74.27272727272727,94.54545454545455,54.0,1800.0,337192.0
1900.0,3.146986424,2.696449563956178E-7,1900.0,79.42105263157895,54.76443896700466,-29.4701986754967,49.08854166666667,78.81142796426619,84.53934361407671,69.23682140047207,81.9981328919824,76.521116678597,87.47514910536779,75.86314782096584,94.43462897526503,57.291666666666664,1900.0,337208.0
2000.0,3.247778823,2.7843767715190227E-7,2000.0,80.25,56.700750666479586,-18.263473053892195,51.113861386138616,79.66460546062093,85.0887127217818,70.7623982235381,82.69009329445328,77.35072065888812,88.02946593001842,76.85269785367798,94.5469798657718,59.15841584158416,2000.0,337208.0
2100.0,3.352512057,2.875722295877027E-7,2100.0,80.95238095238095,59.193666857096225,-7.816711590296507,54.648526077097515,80.79355452070749,85.20710059171599,73.2620320855615,83.38718374755044,77.5235531628533,89.25081433224756,78.35640003127688,94.58128078817734,62.131519274376416,2100.0,337136.0
2200.0,3.477733204,2.984931646592522E-7,2200.0,81.63636363636364,61.35064031483053,-1.50753768844219,57.69633507853405,81.76924308619616,85.3623188405797,75.36585365853658,83.98737683987376,77.75577557755776,90.21897810218978,79.66525789019954,94.61847389558233,64.71204188481676,2200.0,337120.0
2300.0,3.58116769,3.0751294528931175E-7,2300.0,82.17391304347827,62.79447795878591,-0.7371007371007077,59.60591133004927,82.42794986867477,85.58368495077356,76.65148063781322,84.44303634202693,78.06286080821039,90.82321187584346,80.50679496271876,94.70817120622567,66.30541871921181,2300.0,337080.0
2400.0,3.684749647,3.165442995660918E-7,2400.0,82.75,64.18003426257593,3.944315545243618,61.23595505617977,83.01283463261409,85.88957055214725,77.81350482315112,84.8145645011405,78.65168539325843,90.97744360902256,81.28606134224113,94.5945945945946,67.97752808988764,2400.0,337032.0
2500.0,3.785681087,3.253443452656352E-7,2500.0,83.32000000000001,65.47629140195733,9.150326797385642,62.70125223613597,83.5761976304192,86.24216430221048,78.82173692229557,85.22349834212095,79.26015767131595,91.18683901292597,81.99137129824035,94.57308248914616,69.40966010733453,2500.0,337024.0
2600.0,3.886732969,3.3415342814153683E-7,2600.0,83.73076923076923,66.89124505536188,7.843137254901958,65.27093596059113,84.24068711395108,86.07178136318736,80.44382801664356,85.51815086558288,78.97280966767372,92.06349206349206,83.0008269588588,94.57308248914616,71.42857142857143,2600.0,336968.0
2700.0,3.989703119,3.431301600637039E-7,2700.0,84.11111111111111,68.04774273564065,6.535947712418341,67.45068285280729,84.7854241147647,85.90207032533684,81.7988969028426,85.7345291604545,78.68753762793497,92.78152069297401,83.85710270132574,94.57308248914616,73.14112291350531,2700.0,336984.0
2800.0,4.089217922,3.5180442600044737E-7,2800.0,84.39285714285715,68.86263628322278,4.793028322440111,68.37916063675833,85.17571449149908,85.67682726974762,82.85602196939976,85.83953287678418,78.31036548831636,93.36870026525199,84.52208426290878,94.57308248914616,74.47108603667137,2800.0,336936.0
2900.0,4.195156827,3.6103843328900435E-7,2900.0,84.82758620689656,69.87149579050961,4.139433551198259,68.16208393632417,85.6459454749429,85.59266535690898,83.9766933721777,86.03118230132631,78.16985645933015,93.89250814332247,85.26414335260996,94.57308248914616,75.95520421607378,2900.0,336928.0
3000.0,4.29743862,3.6995261542757774E-7,3000.0,85.23333333333333,70.7352520203466,3.485838779956478,67.94500723589003,86.0493946266824,85.50866862937521,84.94733265375469,86.18473669388904,78.02985074626866,94.33962264150944,85.91447696768803,94.57308248914616,77.25587144622992,3000.0,336888.0
3100.0,4.411243689,3.798703809635135E-7,3100.0,85.70967741935483,71.66701052197236,3.485838779956406,67.94500723589,86.47977205160227,85.50866862937521,85.90518612790328,86.38334642576591,78.02985074626866,94.73684210526315,86.57641318869416,94.57308248914616,78.57974388824213,3100.0,336864.0
3200.0,4.523532034,3.896564334023579E-7,3200.0,86.0625,72.30845647584749,3.671706263498881,67.86743515850144,86.76363316025285,85.46284224250326,86.61464585834334,86.48496240601504,78.03571428571429,94.93421052631578,87.04410557856366,94.45244956772333,79.63576158940397,3200.0,336880.0
3300.0,4.631478849,3.990645635540536E-7,3300.0,86.0909090909091,72.32150688536095,2.9598308668076307,67.69880365939481,86.72293151664903,85.3401469179176,86.76852118766215,86.39137151053735,78.12865497076024,94.65408805031447,87.05704630496929,94.018296973962,80.09579563597659,3300.0,336896.0
3400.0,4.735664023,4.0814312201826944E-7,3400.0,86.32352941176471,72.67287302997515,2.515723270440259,67.41415557112825,86.85011886445815,85.17692062480077,87.3054873054873,86.37201979307243,78.12865497076024,94.61538461538461,87.33354028508906,93.62298528381218,81.04409528636593,3400.0,336832.0
3500.0,4.836937907,4.1696757532282845E-7,3500.0,86.42857142857143,72.85467872675463,2.263374485596766,67.73097826086958,86.8929697174893,85.25302701024528,87.43053717914793,86.4240445466268,78.50200114351058,94.34608794974301,87.36701129834492,93.27445652173914,81.4595660749507,3500.0,336816.0
3600.0,4.95579343,4.273235046873822E-7,3600.0,86.47222222222221,72.90153854714407,1.2170385395536998,67.85478547854784,86.86028147689655,85.22899605702152,87.52241865231873,86.39669522507806,78.84399551066218,93.94939493949394,87.32886957760525,92.73927392739274,81.91846522781775,3600.0,336800.0
3700.0,5.058752869,4.3629440188075944E-7,3700.0,86.56756756756756,73.062346407473,0.0,68.16143497757848,86.89124051910184,85.29150636282924,87.63989057448396,86.44336537798307,79.26292629262926,93.62380446333688,87.343780838394,92.3126201153107,82.37494156147733,3700.0,336800.0
3800.0,5.160092343,4.4512478007255756E-7,3800.0,86.76315789473684,73.38698448943221,2.895752895752865,68.26498422712935,87.03257759830939,85.3138686131387,87.95209580838323,86.5378216503993,79.40217391304348,93.6734693877551,87.53302333530345,92.17665615141955,82.88939051918736,3800.0,336824.0
3900.0,5.258975559,4.5374071897118055E-7,3900.0,87.0,73.86662874356281,5.233644859813051,69.02871105681123,87.24678662668454,85.61702127659575,88.14035087719297,86.7820092158911,79.92584745762711,93.63817097415506,87.71656924992665,92.1808185705559,83.25231992929739,3900.0,336808.0
4000.0,5.35985348,4.6252962633423313E-7,4000.0,87.325,74.38969687907895,5.233644859813087,69.02871105681123,87.49807945883867,85.61702127659575,88.67039106145252,86.93262069851053,79.92584745762711,93.93939393939394,88.07094250576039,92.1808185705559,83.96106644096487,4000.0,336776.0
4100.0,5.460438547,4.712921863434258E-7,4100.0,87.53658536585365,74.69461053542923,4.841713221601494,68.9738919247116,87.63061754467508,85.5690482914431,89.03198111182658,87.0028797337778,79.98944033790919,94.01631912964642,88.26747961865216,91.98542805100182,84.54953118630249,4100.0,336744.0
4200.0,5.563155192,4.802408658834734E-7,4200.0,87.73809523809524,75.01358484707343,5.850091407678257,69.12470023980815,87.77101937699292,85.61050572785695,89.31756896909354,87.11299622177735,80.16745159602301,94.05854084753167,88.43905917919692,91.84652278177458,85.03159557661928,4200.0,336760.0
4300.0,5.661632648,4.888202270538382E-7,4300.0,88.0232558139535,75.44214126341285,6.021897810219033,69.16167664670661,87.9778719391899,85.62656991348032,89.73490133545944,87.24532890848255,80.18818609513852,94.30247172182656,88.7228205186585,91.8562874251497,85.5893536121673,4300.0,336760.0
4400.0,5.760107377,4.973991468439564E-7,4400.0,87.8409090909091,75.02946819768344,4.12186379928317,68.6768149882904,87.74338145678283,85.3464804163243,89.60963293843464,87.0401371945376,80.18528049408131,93.89499389499389,88.45808206116831,91.21779859484778,85.69836552748885,4400.0,336752.0
4500.0,5.858734571,5.059919614356034E-7,4500.0,87.95555555555555,75.22100446062558,3.386809269162222,68.86846639862148,87.82476940521428,85.40656973613355,89.74650018917896,87.12572238075114,80.38520020273695,93.86624455876533,88.53512466849133,91.09707064905227,85.97317868793041,4500.0,336776.0
4600.0,5.958252877,5.146620015129676E-7,4600.0,88.17391304347825,75.53188139924315,3.202846975088932,68.86090440755581,87.97791194038267,85.40772532188842,90.05847953216374,87.22258168908563,80.36345280161534,94.08171057655593,88.7464384892152,91.1276473955352,86.3652295828952,4600.0,336760.0
4700.0,6.064206792,5.238922736208184E-7,4700.0,88.25531914893617,75.68311568047254,2.300884955752221,69.14477361654556,88.03144399702836,85.48895899053626,90.13581129378126,87.31201279047738,80.69478908188586,93.9292364990689,88.76282960548056,90.88876467300167,86.63689453795946,4700.0,336744.0
4800.0,6.174531504,5.335028550453031E-7,4800.0,88.16666666666667,75.44812308357311,1.5597920277296948,68.70523415977962,87.91288315571447,85.28497409326424,90.10452961672475,87.1773481422974,80.48899755501222,93.86569872958258,88.66093553165275,90.68870523415978,86.63316582914572,4800.0,336728.0
4900.0,6.277178171,5.424439510313878E-7,4900.0,88.24489795918367,75.49673715232568,1.2006861063464982,68.54178044784273,87.92508037053898,85.18518518518519,90.25710419485792,87.17506054581261,80.50559066601848,93.84453042560675,88.68811794412119,90.44238121245222,86.93385467579016,4900.0,336704.0
5000.0,6.37913102,5.513237675993601E-7,5000.0,88.28,75.41327102681397,0.8460236886632836,68.13485589994563,87.86939510486464,84.96664956387892,90.39659128154703,87.10250929771668,80.4273919378339,93.77762665759946,88.64990480948221,90.0489396411093,87.2508699778551,5000.0,336672.0
5100.0,6.48075642,5.601742229497062E-7,5100.0,88.45098039215686,75.64443057799215,0.674536256323832,68.1965442764579,87.97653239770509,84.97832185666923,90.61952540213409,87.19270135775974,80.521991300145,93.86341141537446,88.77458399387163,89.95680345572354,87.5923645320197,5100.0,336640.0
5200.0,6.59467151,5.700945037014164E-7,5200.0,88.61538461538461,75.83163543454067,0.837520938023448,68.10344827586208,88.06810372182315,84.93638676844782,90.85007727975271,87.24521557151857,80.4725168756027,94.01791426743442,88.90666247318923,89.92456896551724,87.88875598086125,5200.0,336624.0
5300.0,6.700901976,5.79345569974594E-7,5300.0,88.75471698113208,75.97264100137829,1.160862354892196,67.99140708915145,88.13518727608144,84.88077118214105,91.04836287173325,87.2815635451505,80.4326923076923,94.1304347826087,89.0056729957529,89.84962406015038,88.16172193135544,5300.0,336624.0
5400.0,6.813543029,5.891549013803653E-7,5400.0,88.72222222222223,75.80021334312923,0.0,67.6751592356688,88.03273810488996,84.68694996228314,91.07430748937418,87.20544716061471,80.45867176301958,93.95222255820985,88.87587588675608,89.38428874734608,88.36746302616609,5400.0,336624.0
5500.0,6.938592769,6.000438064601109E-7,5500.0,88.78181818181818,75.80550865825558,-0.3252032520325026,67.49209694415174,88.0295110471343,84.58656007994004,91.18193511504931,87.1946309194393,80.42755344418052,93.96170839469808,88.8805335286742,89.19915700737619,88.56191004997224,5500.0,336592.0
5600.0,7.076946565,6.120900380331859E-7,5600.0,88.94642857142857,75.97615912398642,-0.32414910858992996,67.42105263157895,88.11021643310501,84.54431960049938,91.39680333564975,87.25240333153232,80.42755344418052,94.07725321888411,88.9850640113798,89.10526315789473,88.86486486486487,5600.0,336560.0
5700.0,7.19491913,6.22361710212384E-7,5700.0,89.0,76.00053184416966,0.0,67.39469578783151,88.11000446363688,84.49171407370764,91.4775044175615,87.28022557183515,80.56603773584906,93.99441340782123,88.95571231904083,88.81955278211129,89.09187185597035,5700.0,336560.0
5800.0,7.299806566,6.314940822881171E-7,5800.0,89.01724137931033,75.90327184860894,0.31298904538342215,67.14801444043322,88.04811147978958,84.32964329643295,91.54611811546118,87.24838444209672,80.620884289746,93.87588459444747,88.86263489151575,88.39608045384219,89.32918932918933,5800.0,336560.0
5900.0,7.407353921,6.408580490230936E-7,5900.0,89.0,75.79042911718872,-0.3091190108191605,67.0055922724962,87.97724172525214,84.20540277439767,91.56156546612922,87.22954677702197,80.765639589169,93.69345396487493,88.73786534519287,87.95119471276055,89.52453597762522,5900.0,336560.0
6000.0,7.517005759,6.504043417976964E-7,6000.0,89.05,75.80720589307496,0.0,66.93507800704579,87.97995641895142,84.14957780458383,91.63590070019096,87.2453695774569,80.81556997219647,93.67516918271733,88.72701841812298,87.77050830397584,89.68352853227012,6000.0,336528.0
6100.0,7.623185741,6.596490339220358E-7,6100.0,88.9344262295082,75.56311949791841,-0.5961251862890932,66.69955599407994,87.85003832110067,84.00094809196491,91.54241323142463,87.15716964639257,80.83941605839416,93.474923234391,88.55401139369312,87.4198322644302,89.68819052295606,6100.0,336552.0
6200.0,7.724547341,6.68474207627852E-7,6200.0,88.70967741935483,75.02843823594904,-1.5965166908563606,66.10169491525423,87.56590378189816,83.62956033676332,91.3835548990645,86.96214454063464,80.86838534599728,93.055903735272,88.17810517316595,86.5859564164649,89.770253929867,6200.0,336552.0
6300.0,7.843153972,6.788003504569229E-7,6300.0,88.6984126984127,74.96596999331958,-1.859799713877001,66.04673342870768,87.52780160644085,83.56417359187441,91.38848572810836,86.96203472101836,80.98434004474274,92.93972939729397,88.10097835288303,86.31378159275155,89.88817511301451,6300.0,336536.0
6400.0,7.949520241,6.880603813455337E-7,6400.0,88.8125,75.13967926149918,-1.2729844413012206,66.21047663992451,87.61114863964332,83.62305580969807,91.5045087802563,87.05957097526958,81.13626276076343,92.98287918977574,88.16976005681127,86.26710712600283,90.07241298761971,6400.0,336520.0
6500.0,8.064220063,6.980449648631571E-7,6500.0,88.92307692307693,75.38351484484515,-0.8403361344537748,66.58932714617171,87.72956697232246,83.78378378378379,91.58878504672897,87.20081193819095,81.4004376367615,93.00118623962041,88.26477349488304,86.3109048723898,90.21864211737629,6500.0,336488.0
6600.0,8.178415638,7.079861265172706E-7,6600.0,88.80303030303031,75.10679671112064,-2.3545706371191035,66.25570776255708,87.58720915301053,83.59600443951165,91.50086256469235,87.08728272566665,81.33909287257019,92.83547257876312,88.0929083962352,85.98173515981735,90.20408163265307,6600.0,336504.0
6700.0,8.290233627,7.17720310214729E-7,6700.0,88.82089552238806,75.11251762551309,-2.4623803009576277,66.3067926225821,87.58410455715028,83.578162683622,91.52619074555945,87.12768018688502,81.52266894781864,92.7326914259514,88.04533613146053,85.7399910031489,90.35068125977217,6700.0,336504.0
6800.0,8.393303005,7.266931071701688E-7,6800.0,88.98529411764706,75.40563891352146,-1.353179972936396,66.60722246990638,87.73012332603831,83.72093023255813,91.67685298366484,87.27148213960427,81.67938931297711,92.86357496623143,88.19361060979121,85.86714222024074,90.52007899934166,6800.0,336512.0
6900.0,8.498548374,7.358553369697639E-7,6900.0,89.14492753623189,75.59696101161106,-1.0796221322536914,66.63697104677063,87.82544784300413,83.73507057546146,91.8542686242523,87.35626819980587,81.69491525423729,93.01762114537445,88.29969451149348,85.87973273942093,90.71965628356605,6900.0,336512.0
7000.0,8.60472698,7.450979315602986E-7,7000.0,89.07142857142857,75.39071095156102,-2.136181575433959,66.43264589732338,87.71478672322208,83.57311573974661,91.81205180348924,87.31440010277392,81.83347350714887,92.79532669839897,88.1188622642346,85.388328214129,90.84939631434018,7000.0,336480.0
7100.0,8.712905223,7.545141420132087E-7,7100.0,89.21126760563381,75.596820308672,-1.8617021276595507,66.57940663176265,87.81714222603527,83.63947031183254,91.95209077537298,87.4166955378479,81.92468619246863,92.90870488322717,88.2212746063135,85.42757417102966,91.01497504159734,7100.0,336464.0
7200.0,8.817175868,7.635884951548155E-7,7200.0,89.26388888888889,75.59122940279734,-2.656042496679937,66.4642082429501,87.81148928016093,83.55669006594341,92.0301061965151,87.43584922970425,81.96994991652755,92.90174854288094,88.19037089065606,85.2060737527115,91.17466802860062,7200.0,336400.0
7300.0,8.921772785,7.726916756926105E-7,7300.0,89.17808219178082,75.37327193348126,-4.359313077939262,66.19597774925117,87.69978294715517,83.3963850357293,91.97317618370249,87.35725922127548,81.94960760016522,92.76491084238575,88.04500328532984,84.89516474112109,91.19484182953859,7300.0,336416.0
7400.0,9.021727411,7.813895915248038E-7,7400.0,89.32432432432432,75.53303947869219,-4.359313077939244,66.19597774925118,87.77953356430122,83.3963850357293,92.13304122684724,87.4299152682489,81.94960760016522,92.9102229363326,88.13195922222951,84.89516474112109,91.36875370333794,7400.0,336368.0
7500.0,9.124371607,7.903207003543319E-7,7500.0,89.44,75.64161183637232,-4.3478260869565934,66.13937580162461,87.83428649751926,83.37531486146095,92.26260257913248,87.47062109593216,81.89690721649484,93.04433497536945,88.20098845395454,84.90808037622915,91.49389653167991,7500.0,336336.0
7600.0,9.238520667,8.002519066110626E-7,7600.0,89.57894736842105,75.78980180796188,-4.34782608695644,66.13937580162464,87.90825340997515,83.37531486146095,92.41088539670372,87.53782558892375,81.89690721649484,93.17874396135267,88.28182958176598,84.90808037622915,91.6555787873028,7600.0,336304.0
7700.0,9.341155469,8.091815608245135E-7,7700.0,89.68831168831169,75.8773966653533,-4.611330698287308,66.05386917486103,87.9525344663578,83.3403273185061,92.53338348692873,87.5674688579575,81.82941903584673,93.30551868006827,88.34100157591536,84.90808037622915,91.77392277560156,7700.0,336312.0
7800.0,9.448112055,8.184867854867089E-7,7800.0,89.82051282051282,76.01514470963384,-4.611330698287204,66.05386917486105,88.02128511352807,83.3403273185061,92.67122023260107,87.62976628323138,81.82941903584673,93.43011353061604,88.41631815918215,84.90808037622915,91.92455594213514,7800.0,336296.0
7900.0,9.545558767,8.269646509615125E-7,7900.0,89.94936708860759,76.14789990407596,-4.611330698287244,66.05386917486103,88.0875441568014,83.3403273185061,92.80406017763278,87.68978717186087,81.82941903584673,93.55015530787503,88.48892600001892,84.90808037622915,92.06977162380868,7900.0,336296.0
8000.0,9.647027308,8.357919956227495E-7,8000.0,90.0,76.11443514408556,-5.401844532279244,65.79734929457034,88.07254564521514,83.23554065381393,92.87495546847168,87.64334127677256,81.62762022194822,93.65906233159691,88.50597447534298,84.90808037622915,92.10386857445681,8000.0,336280.0
8100.0,9.746406118,8.444375423039972E-7,8100.0,90.12345679012346,76.2390405324567,-5.401844532279275,65.79734929457034,88.13472363582817,83.23554065381393,92.99964998249912,87.69928743583735,81.62762022194822,93.77095464972649,88.57450538512899,84.90808037622915,92.24093039402882,8100.0,336280.0
8200.0,9.84830337,8.533023939415791E-7,8200.0,90.2439024390244,76.35936021221222,-5.401844532279322,65.79734929457034,88.19476338574992,83.23554065381393,93.12005503955967,87.7532933778373,81.62762022194822,93.87896653372637,88.64069775508267,84.90808037622915,92.37331513393619,8200.0,336288.0
8300.0,9.955654167,8.62640804097849E-7,8300.0,90.36144578313254,76.4756115508432,-5.401844532279249,65.79734929457034,88.25277333049783,83.23554065381393,93.23638823131553,87.80545831278081,81.62762022194822,93.98329640361342,88.70466927719359,84.90808037622915,92.50125817815803,8300.0,336256.0
8400.0,10.059177803,8.71646290790569E-7,8400.0,90.45238095238095,76.53555281015734,-5.6653491436100945,65.71184266780675,88.28325352042341,83.20067029744449,93.33111591551638,87.8213603997308,81.5605749486653,94.08214585079632,88.75003094871514,84.90808037622915,92.59198152120112,8400.0,336256.0
8500.0,10.161960251,8.805873017854802E-7,8500.0,90.54117647058824,76.59245463221073,-5.928853754940663,65.62633604104317,88.31222083492746,83.16582914572864,93.42277486910994,87.8357197450298,81.4936397209684,94.17779976909121,88.79392007774288,84.90808037622915,92.67975977925661,8500.0,336256.0
8600.0,10.265094582,8.895589229656238E-7,8600.0,90.65116279069767,76.69825486967852,-5.928853754940773,65.62633604104317,88.36500825476047,83.16582914572864,93.52865421764326,87.8829548596729,81.4936397209684,94.27226999837741,88.85237911160922,84.90808037622915,92.7966778469893,8600.0,336256.0
8700.0,10.366111786,8.983467941031667E-7,8700.0,90.75862068965517,76.8007032887958,-5.928853754940788,65.62633604104316,88.41612359407365,83.16582914572864,93.63117870722434,87.92868158809077,81.4936397209684,94.36372345521316,88.9090001000781,84.90808037622915,92.90991982392705,8700.0,336272.0
8800.0,10.467378758,9.071559743444601E-7,8800.0,90.86363636363637,76.9362640672588,-5.373525557011776,65.71428571428574,88.48375368369827,83.20802005012531,93.72463315641585,87.99307875370947,81.53909128121163,94.44706622620733,88.97993159135164,84.94669509594883,93.01316808675445,8800.0,336256.0
8900.0,10.56890643,9.159878327921178E-7,8900.0,90.96629213483146,77.06891394471916,-5.098039215686269,65.80178647384092,88.54993182704422,83.25,93.81538461538462,88.0561501443903,81.58432013066557,94.52798015811503,89.04928257673934,84.98511271799234,93.11345243548634,8900.0,336256.0
9000.0,10.668754681,9.246735989650898E-7,9000.0,91.04444444444444,77.11195246404313,-5.359477124183115,65.71671629094,88.57196820935616,83.21532694710537,93.8930140930444,88.06380597970333,81.51774785801713,94.60986410138953,89.08602906165822,84.98511271799234,93.18694540532411,9000.0,336256.0
9100.0,10.76583351,9.331186549535145E-7,9100.0,91.12087912087912,77.15272518259518,-5.620915032679743,65.63164610803912,88.59287851735539,83.18068276436303,93.96834876082413,88.07030883789608,81.45128414186709,94.68933353392508,89.12168660051343,84.98511271799234,93.25826048303453,9100.0,336264.0
9200.0,10.866441564,9.418707243559634E-7,9200.0,91.13043478260869,77.04134386918066,-6.6666666666666305,65.29136537643555,88.53967770972663,83.0423940149626,93.99470120694731,87.97417182448935,81.18650954896384,94.76183410001484,89.11250087644397,84.98511271799234,93.23988903489561,9200.0,336264.0
9300.0,10.971906657,9.510453160190893E-7,9300.0,91.0,76.72407111578059,-7.583547557840624,64.86146095717885,88.37953645176326,82.81667008827756,93.90341612644767,87.83879137209742,81.0365608678184,94.64102187637646,88.92698054139787,84.6767422334173,93.17721884937843,9300.0,336264.0
9324.0,11.003057636,9.537551938004667E-7,9324.0,91.001716001716,76.7142765462515,-7.28900255754472,64.85127775450357,88.37392356733803,82.80385324861652,93.90660178662212,87.84380509433464,81.05939004815409,94.62822014051523,88.91047918911596,84.62505236698786,93.19590601124406,9324.0,336264.0
