learning evaluation instances,evaluation time (cpu seconds),model cost (RAM-Hours),classified instances,classifications correct (percent),Kappa Statistic (percent),Kappa Temporal Statistic (percent),Kappa M Statistic (percent),F1 Score (percent),F1 Score for class 0 (percent),F1 Score for class 1 (percent),Precision (percent),Precision for class 0 (percent),Precision for class 1 (percent),Recall (percent),Recall for class 0 (percent),Recall for class 1 (percent),model training instances,model serialized size (bytes)
100.0,0.342931656,1.97376835539937E-9,100.0,92.0,0.0,-699.999999999999,-Infinity,?,?,95.83333333333334,50.0,0.0,100.0,?,?,92.0,100.0,22248.0
200.0,0.475136355,2.734682219009846E-9,200.0,95.0,0.0,-900.0,-Infinity,?,?,97.43589743589743,50.0,0.0,100.0,?,?,95.0,200.0,22248.0
300.0,0.627630505,3.612373509351164E-9,300.0,96.66666666666667,0.0,-900.00000000001,-Infinity,?,?,98.3050847457627,50.0,0.0,100.0,?,?,96.66666666666667,300.0,22248.0
400.0,0.796475066,4.584170792140067E-9,400.0,97.5,0.0,-900.0000000000222,-Infinity,?,?,98.73417721518987,50.0,0.0,100.0,?,?,97.5,400.0,22248.0
500.0,0.96350137,5.545502963103354E-9,500.0,98.0,0.0,-900.0,-Infinity,?,?,98.98989898989899,50.0,0.0,100.0,?,?,98.0,500.0,22248.0
600.0,1.150905393,6.624120593760163E-9,600.0,98.33333333333333,0.0,-899.9999999999801,-Infinity,?,?,99.15966386554621,50.0,0.0,100.0,?,?,98.33333333333333,600.0,22248.0
700.0,1.28898523,7.418849246017635E-9,700.0,98.57142857142858,0.0,-899.9999999999845,-Infinity,?,?,99.28057553956835,50.0,0.0,100.0,?,?,98.57142857142858,700.0,22248.0
800.0,1.441173074,8.294777569659054E-9,800.0,98.75,0.0,-900.0000000000177,-Infinity,?,?,99.37106918238993,50.0,0.0,100.0,?,?,98.75,800.0,22248.0
900.0,1.5979828,9.197307474911213E-9,900.0,98.88888888888889,0.0,-900.00000000004,-Infinity,?,?,99.44134078212291,50.0,0.0,100.0,?,?,98.88888888888889,900.0,22248.0
1000.0,1.734502338,9.983055711574853E-9,1000.0,99.0,0.0,-900.0,-Infinity,?,?,99.49748743718592,50.0,0.0,100.0,?,?,99.0,1000.0,22248.0
1100.0,1.876093289,1.079799283856526E-8,1100.0,99.0909090909091,0.0,-900.0000000000489,-Infinity,?,?,99.5433789954338,50.0,0.0,100.0,?,?,99.0909090909091,1100.0,22248.0
1200.0,2.024669924,1.1653136583343149E-8,1200.0,99.16666666666667,0.0,-899.9999999999734,-Infinity,?,?,99.581589958159,50.0,0.0,100.0,?,?,99.16666666666667,1200.0,22248.0
1300.0,2.176201633,1.2525288473758847E-8,1300.0,99.23076923076923,0.0,-900.000000000029,-Infinity,?,?,99.61389961389962,50.0,0.0,100.0,?,?,99.23076923076923,1300.0,22248.0
1400.0,2.335283831,1.3440897758658975E-8,1400.0,99.28571428571429,0.0,-900.0000000000622,-Infinity,?,?,99.6415770609319,50.0,0.0,100.0,?,?,99.28571428571429,1400.0,22248.0
1500.0,2.51933078,1.4500193503126502E-8,1500.0,99.33333333333333,0.0,-899.9999999999501,-Infinity,?,?,99.66555183946488,50.0,0.0,100.0,?,?,99.33333333333333,1500.0,22248.0
1600.0,2.688243072,1.5472380616664887E-8,1600.0,99.375,0.0,-900.0000000000177,-Infinity,?,?,99.68652037617557,50.0,0.0,100.0,?,?,99.375,1600.0,22248.0
1700.0,2.854641496,1.643009897813201E-8,1700.0,99.41176470588235,0.0,-899.9999999999624,-Infinity,?,?,99.70501474926253,50.0,0.0,100.0,?,?,99.41176470588235,1700.0,22248.0
1800.0,3.029838412,1.7438457707092166E-8,1800.0,99.44444444444444,0.0,-900.00000000004,-Infinity,?,?,99.72144846796658,50.0,0.0,100.0,?,?,99.44444444444444,1800.0,22248.0
1900.0,3.398682694,1.9778926323652266E-8,1900.0,98.10526315789474,76.23729355280258,-1699.9999999999159,58.62068965517244,88.3569249500214,77.21518987341773,99.01153212520593,92.24697556580598,85.91549295774648,98.5784581738655,84.78168527429611,70.11494252873564,99.44842801985659,1900.0,24528.0
2000.0,3.777364738,2.218181958481669E-8,2000.0,97.65,85.17724233631893,-2249.9999999999945,74.86631016042786,92.75219074338298,86.45533141210373,98.71338625787025,95.86956521739131,93.75,97.98913043478261,89.83116588158605,80.21390374331551,99.44842801985659,2000.0,24528.0
2100.0,4.110020841,2.4292659327151873E-8,2100.0,96.95238095238096,86.19440010354202,-3100.000000000082,77.70034843205579,93.30053178561755,87.9245283018868,98.25613079019074,96.48842883450673,95.88477366255144,97.09208400646203,90.31654850470181,81.18466898954703,99.44842801985659,2100.0,24528.0
2200.0,4.383989737,2.603110461231321E-8,2200.0,96.68181818181819,87.90374818104307,-3550.000000000202,81.13695090439276,94.1271864494304,89.875173370319,98.01576515357434,96.81489111808537,97.0059880239521,96.62379421221866,91.58467912620736,83.72093023255815,99.44842801985659,2200.0,24528.0
2300.0,4.685955315,2.7947200355368355E-8,2300.0,96.30434782608695,88.3608228273139,-4149.999999999808,82.54620123203286,94.36032493305323,90.64906490649064,97.69710105662422,96.81836076495615,97.6303317535545,96.00638977635782,92.02400867111926,84.59958932238193,99.44842801985659,2300.0,24528.0
2400.0,4.95092992,2.962857316620648E-8,2400.0,95.75,87.92857741638026,-4999.99999999988,82.62350936967633,94.17663750298102,90.65934065934066,97.24919093851133,96.58246035685363,98.01980198019803,95.14511873350924,91.88775745115487,84.32708688245314,99.44842801985659,2400.0,24528.0
2500.0,5.224787639,3.136631298759331E-8,2500.0,95.19999999999999,87.38680710475928,-5899.999999999834,82.53275109170305,93.94059129880071,90.58084772370488,96.77938808373591,96.27314590121743,98.29642248722317,94.24986931521171,91.71839159362554,83.98835516739447,99.44842801985659,2500.0,24528.0
2600.0,5.526941034,3.328360050673286E-8,2600.0,94.26923076923077,85.76419868680797,-7350.000000000238,81.06734434561628,93.2163395049903,89.68858131487889,96.03195739014647,95.66133682256566,98.48024316109422,92.84243048403708,90.8932101979842,82.33799237611181,99.44842801985659,2600.0,24528.0
2700.0,5.837308351,3.5253008738048375E-8,2700.0,93.22222222222221,83.88098615350285,-9050.000000000406,79.36865839909807,92.38553635975282,88.64059590316575,95.17022961203484,94.9318619008209,98.61878453038673,91.24493927125506,89.97224106742547,80.49605411499437,99.44842801985659,2700.0,24528.0
2800.0,6.135046759,3.7142281349487603E-8,2800.0,92.46428571428571,82.73068046029692,-10450.000000000698,78.62208713272541,91.8863297032927,88.16601233875491,94.47209850668065,94.35688923660217,98.74371859296483,89.97005988023952,89.54184318925961,79.63525835866263,99.44842801985659,2800.0,24528.0
2900.0,6.434050309,3.903958180706948E-8,2900.0,92.24137931034483,82.79558892083388,-11149.999999999614,79.30082796688133,91.92073448633771,88.57287963433215,94.12685982772123,94.1060500843879,98.86621315192744,89.34588701684837,89.83460959410493,80.22079116835327,99.44842801985659,2900.0,24528.0
3000.0,6.742243274,4.099519288097819E-8,3000.0,92.33333333333333,83.46355583398561,-11399.99999999935,80.6234203875316,92.21896138231511,89.37153419593345,94.00417101147028,94.0507601679964,98.97645854657114,89.12506178942165,90.4571541952695,81.4658803706824,99.44842801985659,3000.0,24528.0
3100.0,7.057280781,4.299423538795362E-8,3100.0,92.3225806451613,83.79171853038471,-11800.000000000586,81.50738150738151,92.36762145385629,89.8981324278438,93.80853277835588,93.91927462958382,99.0645463049579,88.77400295420975,90.86640515211943,82.28438228438229,99.44842801985659,3100.0,24528.0
3200.0,7.371704783,4.498938495346656E-8,3200.0,92.4375,84.30701827267771,-12000.000000000267,82.5522710886806,92.59870242004432,90.51724137931035,93.71101871101871,93.87056975039808,99.14163090128756,88.5995085995086,91.3608398210314,83.2732516222062,99.44842801985659,3200.0,24528.0
3300.0,7.69175175,4.702021454373996E-8,3300.0,92.45454545454545,84.54640104355519,-12349.999999999918,83.25487558843308,92.70769831460649,90.92896174863388,93.5408560311284,93.75043794154239,99.20508744038156,88.29578844270323,91.68789928228875,83.92737054472092,99.44842801985659,3300.0,24528.0
3400.0,8.026629539,4.914515179717293E-8,3400.0,92.5,84.79308065876306,-12649.999999999556,83.9319470699433,92.81971540520912,91.32357944879212,93.39549339549339,93.6487322022929,99.2603550295858,88.037109375,92.00524740627361,84.56206679269062,99.44842801985659,3400.0,24528.0
3500.0,8.35926951,5.125588917533557E-8,3500.0,92.48571428571428,84.87622657827788,-13050.000000000358,84.4101956135151,92.85897731708644,91.60012775471095,93.20237787542001,93.5010158767798,99.30747922437672,87.69455252918289,92.22569593049735,85.00296384113811,99.44842801985659,3500.0,24528.0
3600.0,8.694125016,5.3380685033972065E-8,3600.0,92.52777777777777,85.03982890656042,-13350.000000000588,84.94683827644096,92.93374909076839,91.90977443609022,93.05806451612904,93.3945920924677,99.34980494148245,87.43937924345296,92.47743169319634,85.5064353665361,99.44842801985659,3600.0,24528.0
3700.0,9.030611067,5.551582737101863E-8,3700.0,92.7027027027027,85.43893520865466,-13400.000000000146,85.09933774834437,93.11317995197581,92.33825198637912,93.03405572755418,93.39306055939198,99.38912645082468,87.39699466795928,92.83497182656846,86.22151563328035,99.44842801985659,3700.0,24528.0
3800.0,9.368111057,5.7657403567892813E-8,3800.0,92.78947368421052,85.63675445830341,-13599.999999999389,84.87858719646798,93.20306457919352,92.63440860215054,92.93814432989691,93.32541621407043,99.42296595499135,87.22786647314949,93.0810333355448,86.71363865123301,99.44842801985659,3800.0,24528.0
3900.0,9.70896456,5.982025918352107E-8,3900.0,92.87179487179488,85.80547079831071,-13799.999999999438,84.65783664459163,93.27991243725909,92.90091930541368,92.84243048403708,93.25632237102806,99.45325314379441,87.0593915982617,93.30351444116931,87.15860086248203,99.44842801985659,3900.0,24528.0
4000.0,10.057136415,6.202955275146911E-8,4000.0,92.9,85.85093310356046,-14100.000000001555,84.32671081677705,93.30166377538941,93.09002433090026,92.69922879177378,93.14393760150985,99.47997919916797,86.80789600385171,93.45992502958993,87.47142203932327,99.44842801985659,4000.0,24528.0
4100.0,10.433167314,6.441562340761223E-8,4100.0,92.95121951219512,85.92783421898471,-14349.999999999978,84.05077262693158,93.33735280423709,93.28687572590012,92.58023106546854,93.05194174618634,99.50445986124876,86.59942363112391,93.62452008775952,87.80061215566244,99.44842801985659,4100.0,24528.0
4200.0,10.790267691,6.668157211853812E-8,4200.0,93.04761904761905,86.0816511356324,-14499.999999998696,83.88520971302428,93.40732758419836,93.51399378054198,92.50897896357107,93.00100345255711,99.52718676122932,86.47482014388488,93.81721778035141,88.18600754084625,99.44842801985659,4200.0,24528.0
4300.0,11.15032309,6.89662716589868E-8,4300.0,92.86046511627907,85.66868954436399,-15250.000000000418,83.05739514348785,93.22426462438479,93.4499679965863,92.15435727063634,92.70129870129871,99.54545454545455,85.85714285714286,93.75316455275097,88.05790108564536,99.44842801985659,4300.0,24528.0
4400.0,11.534977555,7.140706238690763E-8,4400.0,92.79545454545455,85.48646561932253,-15749.999999998925,82.50551876379691,93.14431482028128,93.50010252204224,91.91944940096865,92.5067778720586,99.56331877729258,85.45023696682465,93.79070028746985,88.13297255508311,99.44842801985659,4400.0,24528.0
4500.0,11.938503924,7.39676031047354E-8,4500.0,92.88888888888889,85.60757329493221,-15899.999999999101,82.33995584988962,93.19930378488233,93.69333858888452,91.84921039225675,92.45499016501871,99.58106409719313,85.32891623284429,93.95569893735666,88.46296985485672,99.44842801985659,4500.0,24528.0
4600.0,12.309549874,7.632204220995306E-8,4600.0,92.97826086956522,85.71453844248666,-16049.999999999258,82.17439293598234,93.24796535235885,93.87213052551698,91.7790786459659,92.40268150948681,99.59742351046698,85.20793950850661,94.10885699521714,88.76928597057768,99.44842801985659,4600.0,24528.0
4601.0,12.314725194,7.6354881743143E-8,4601.0,92.97978700282547,85.71682851799949,-16050.000000001623,82.17439293598235,93.24899530533617,93.87445476958088,91.7790786459659,92.40276251079254,99.59758551307847,85.20793950850661,94.11087111179344,88.77331420373027,99.44842801985659,4601.0,24528.0
