learning evaluation instances,evaluation time (cpu seconds),model cost (RAM-Hours),classified instances,classifications correct (percent),Kappa Statistic (percent),Kappa Temporal Statistic (percent),Kappa M Statistic (percent),F1 Score (percent),F1 Score for class 0 (percent),F1 Score for class 1 (percent),Precision (percent),Precision for class 0 (percent),Precision for class 1 (percent),Recall (percent),Recall for class 0 (percent),Recall for class 1 (percent),model training instances,model serialized size (bytes)
100.0,0.504815864,4.094348370676239E-8,100.0,100.0,?,?,?,?,100.0,?,?,100.0,?,?,100.0,?,100.0,313512.0
200.0,0.704637247,5.826301958481471E-8,200.0,97.0,48.45360824742266,-50.0,0.0,74.22680412371135,98.4536082474227,50.0,74.22680412371135,98.4536082474227,50.0,74.22680412371135,98.4536082474227,50.0,200.0,335040.0
300.0,0.82147157,6.839568979138095E-8,300.0,95.33333333333334,27.983539094650222,-250.0000000000004,-133.33333333333297,66.03160443481585,97.58620689655172,30.0,60.18981018981019,98.95104895104895,21.428571428571427,73.12925170068027,96.25850340136054,50.0,300.0,335240.0
400.0,0.90365469,7.552402151717701E-8,400.0,95.0,21.25984251968497,-400.0,-233.33333333333334,64.02101172915017,97.41602067183462,23.076923076923077,57.10526315789474,99.21052631578947,15.0,72.84263959390863,95.68527918781726,50.0,400.0,335280.0
500.0,0.993839267,8.333928445766991E-8,500.0,93.4,13.176173437171288,-449.9999999999991,-312.4999999999993,59.54549423096274,96.56607700312175,15.384615384615383,54.305660636907625,98.93390191897655,9.67741935483871,65.90447154471545,94.3089430894309,37.5,500.0,334976.0
600.0,1.083611198,9.112231815961501E-8,600.0,93.33333333333333,17.808219178082346,-400.0000000000008,-299.9999999999987,62.888428529150644,96.5217391304348,20.0,55.80357142857143,99.10714285714286,12.5,72.03389830508475,94.0677966101695,50.0,600.0,335128.0
700.0,1.15349119,9.719406886368163E-8,700.0,92.57142857142857,24.481327800829842,-333.33333333333377,-136.36363636363603,63.9828690499213,96.0843373493976,27.77777777777778,59.07692307692308,98.15384615384616,20.0,69.77742021989809,94.10029498525073,45.45454545454545,700.0,335864.0
800.0,1.21945205,1.029381252387994E-7,800.0,92.25,71.72822617419061,-376.9230769230774,49.180327868852444,85.99451864588433,95.36621823617338,76.33587786259541,84.04761904761905,96.66666666666667,71.42857142857143,88.03375405000241,94.10029498525073,81.9672131147541,800.0,336616.0
900.0,1.28973799,1.0906129458139342E-7,900.0,92.0,77.41955717242679,-157.1428571428572,64.17910447761197,88.73823704944208,94.8051948051948,82.6086956521739,87.95743895688541,95.63318777292577,80.28169014084507,89.53302158734226,93.99141630901288,85.07462686567165,900.0,336752.0
1000.0,1.352880829,1.1456230205160257E-7,1000.0,91.7,78.56670660661902,-29.68750000000005,67.70428015564204,89.29964027817692,94.37288135593221,84.19047619047619,88.77232689013947,95.08196721311475,82.46268656716418,89.83325565197356,93.67429340511441,85.99221789883269,1000.0,336760.0
1100.0,1.45290712,1.2328342930348592E-7,1100.0,87.27272727272727,68.41349605168699,-45.83333333333337,56.9230769230769,84.32427596230403,91.17276166456493,77.19869706840392,85.57805946778508,89.14919852034525,82.00692041522491,83.10669975186104,93.29032258064515,72.92307692307692,1100.0,337024.0
1200.0,1.55272814,1.319835604632998E-7,1200.0,86.58333333333333,66.59127222925444,-37.60683760683755,55.1532033426184,83.5068897472358,90.72046109510086,75.78947368421052,85.19213054349257,88.03131991051454,82.35294117647058,81.88702930256129,93.57907253269917,70.19498607242339,1200.0,336904.0
1300.0,1.635169231,1.391695863196668E-7,1300.0,85.23076923076923,64.36291573028896,-53.6,54.17661097852029,82.57505453543196,89.587852494577,74.60317460317461,84.72657465696652,85.7736240913811,83.67952522255193,80.53009841821103,93.75709421112373,67.30310262529832,1300.0,336936.0
1400.0,1.710552951,1.4574326057254443E-7,1400.0,84.42857142857143,63.537833678999135,-50.34482758620693,54.393305439330554,82.23794049466355,88.78600823045268,74.53271028037382,84.4169022251214,84.44227005870842,84.39153439153439,80.16863467629948,93.60086767895879,66.73640167364016,1400.0,337080.0
1500.0,1.795899206,1.5318375317775543E-7,1500.0,82.73333333333333,60.16855314960631,-44.692737430167625,51.58878504672898,80.75654434492155,87.44546776539022,72.35859124866596,83.23886034309326,82.14936247723132,84.32835820895522,78.41799428599099,93.47150259067357,63.36448598130842,1500.0,336992.0
1600.0,1.878762198,1.6040758324358202E-7,1600.0,81.1875,57.24143319329074,-34.97757847533629,49.32659932659932,79.49139351066016,86.18632400183571,70.51909892262489,82.180142192301,80.05115089514067,84.30913348946136,76.97301042231459,93.33996023856858,60.60606060606061,1600.0,336984.0
1700.0,1.966813614,1.680828185876542E-7,1700.0,80.47058823529412,56.41315142800215,-38.33333333333329,49.15773353751914,79.09490139844111,85.42581211589112,70.40998217468805,81.63158906638908,79.04142973192526,84.22174840085287,76.7111165716676,92.93218720152817,60.49004594180705,1700.0,336944.0
1800.0,2.050867039,1.7541077613859753E-7,1800.0,80.55555555555556,56.990715456034955,-23.239436619718283,50.0,79.31058139706666,85.34338358458962,71.12211221122114,81.64729716614907,79.11490683229813,84.1796875,77.1038961038961,92.63636363636364,61.57142857142858,1800.0,337000.0
1900.0,2.126048042,1.8196615051381709E-7,1900.0,81.0,58.8912196583758,-19.53642384105958,52.99479166666667,80.1998409641803,85.30728530728531,73.11988086373789,82.2428219852338,79.09433962264151,85.3913043478261,78.25589848351001,92.57950530035336,63.932291666666664,1900.0,337048.0
2000.0,2.206553057,1.8898708267472482E-7,2000.0,81.55,60.17114534401769,-10.479041916167638,54.331683168316836,80.75947933026957,85.66990291262135,74.10526315789474,82.66476114804567,79.75415762834417,85.57536466774717,78.9400458502226,92.53355704697987,65.34653465346535,2000.0,337112.0
2100.0,2.283366186,1.9568620031219187E-7,2100.0,82.14285714285714,62.19453181708202,-1.078167115902999,57.48299319727891,81.72528177607099,85.74686431014823,76.09942638623326,83.36485596936743,79.83014861995754,86.8995633187773,80.14895613417781,92.61083743842364,67.68707482993197,2100.0,337120.0
2200.0,2.356845947,2.020952126058088E-7,2200.0,82.72727272727273,63.97374737667688,4.522613065326632,60.20942408376963,82.57195658093151,85.86309523809523,77.80373831775701,83.97557195443589,79.97227997227996,87.97886393659181,81.2144914737484,92.69076305220884,69.73821989528795,2200.0,337152.0
2300.0,2.444997867,2.097815803640895E-7,2300.0,83.0,64.79242682869535,3.9312039312039206,61.47783251231527,82.94503366199145,85.88957055214723,78.62219792236193,84.20499601522482,80.08075370121131,88.32923832923832,81.72222115734795,92.60700389105058,70.83743842364531,2300.0,337048.0
2400.0,2.523731649,2.166486931108125E-7,2400.0,83.33333333333334,65.63987149311939,7.1925754060324945,62.54681647940076,83.28884845267716,86.00419874037789,79.40267765190525,84.37622776526477,80.53735255570118,88.21510297482837,82.22913925161117,92.26726726726727,72.19101123595506,2400.0,337144.0
2500.0,2.596496537,2.2299625670290867E-7,2500.0,83.8,66.68531192419057,11.764705882352915,63.77459749552773,83.773785339126,86.30368616841393,80.1762114537445,84.77820677820678,81.01587301587301,88.54054054054053,82.79288526907413,92.32995658465991,73.25581395348837,2500.0,337200.0
2600.0,2.666672191,2.2911838707176974E-7,2600.0,84.1923076923077,67.94760275903771,10.457516339869256,66.25615763546797,84.3919994906054,86.12892338845765,81.62717925793473,85.15302857348581,80.70841239721696,89.59764474975465,83.64445284077003,92.32995658465991,74.95894909688013,2600.0,337224.0
2700.0,2.736520354,2.3521223621264107E-7,2700.0,84.55555555555556,68.98203553222298,9.150326797385611,68.36115326251895,84.89987668643701,85.95486695857191,82.84656519950639,85.43973354937438,80.40327662255828,90.47619047619048,84.36679923314938,92.32995658465991,76.40364188163885,2700.0,337240.0
2800.0,2.803501917,2.410559910461328E-7,2800.0,84.78571428571429,69.62610158856914,7.189542483660133,69.17510853835022,85.2258097060804,85.69509738079249,83.75286041189932,85.57294398787667,79.9498746867168,91.19601328903654,84.8814804079858,92.32995658465991,77.43300423131171,2800.0,337240.0
2900.0,2.869066859,2.467765609531705E-7,2900.0,85.13793103448276,70.42032064097904,6.100217864923747,68.81331403762663,85.61478729398357,85.55145826349313,84.70003549875754,85.77003210560758,79.7001873828857,91.83987682832948,85.46010345702032,92.32995658465991,78.59025032938077,2900.0,337264.0
3000.0,2.938592151,2.528428170222893E-7,3000.0,85.46666666666667,71.09402486090657,5.010893246187392,68.45151953690304,85.94560560053549,85.40829986613119,85.52456839309428,85.9240187889389,79.45205479452055,92.39598278335724,85.9672032614276,92.32995658465991,79.6044499381953,3000.0,337272.0
3100.0,3.003694281,2.585227369081333E-7,3100.0,85.87096774193549,71.8560808939726,4.575163398692848,68.30680173661361,86.31304474277076,85.35117056856187,86.35514018691588,86.12433809504755,79.35323383084577,92.89544235924933,86.50258015496092,92.32995658465991,80.67520372526194,3100.0,337248.0
3200.0,3.068658488,2.6419062352270924E-7,3200.0,86.1875,72.40699064522069,4.5356371490280205,68.15561959654177,86.5695081323363,85.27648234510326,86.99234844025897,86.24824400618172,79.30607187112764,93.19041614123581,86.89317454561647,92.21902017291066,81.56732891832229,3200.0,337248.0
3300.0,3.134087771,2.6989881547130437E-7,3300.0,86.12121212121212,72.23541808346128,3.1712473572938515,67.76917663617171,86.46179443942353,85.07170795306388,87.03284258210645,86.10871440897326,79.23497267759562,92.98245614035088,86.81778192916336,91.83673469387756,81.79882916444917,3300.0,337232.0
3400.0,3.204149308,2.7601142526209145E-7,3400.0,86.23529411764706,72.34256974236803,1.8867924528301347,67.20392431674841,86.49289677718454,84.7953216374269,87.42611499193981,86.03379485863515,79.04300423985462,93.02458547741567,86.95692479162456,91.45059565522075,82.46325392802838,3400.0,337248.0
3500.0,3.283832616,2.829634989604333E-7,3500.0,86.34285714285714,72.53613148511731,1.646090534979459,67.52717391304348,86.55637479969175,84.8829854522454,87.54559666492963,86.11298179083984,79.40828402366864,92.81767955801105,87.00435747363005,91.16847826086956,82.84023668639054,3500.0,337248.0
3600.0,3.352238005,2.88931615967972E-7,3600.0,86.44444444444444,72.70884306186647,1.014198782961457,67.7887788778878,86.60815003175031,84.93827160493828,87.67676767676768,86.17739130434782,79.76811594202898,92.58666666666666,87.0432366977705,90.82508250825082,83.26139088729016,3600.0,337248.0
3700.0,3.424022215,2.951945226020345E-7,3700.0,86.70270270270271,73.21769844634993,1.0060362173038129,68.48174247277386,86.84157621963571,85.21634615384616,87.91748526522593,86.42559120461904,80.24900962082626,92.60217278841179,87.26158505339507,90.83920563741191,83.68396446937821,3700.0,337248.0
3800.0,3.490791922,3.0102007059604345E-7,3800.0,86.78947368421052,73.32054091778123,3.0888030888030666,68.32807570977918,86.87806801425309,85.12151748666271,88.1211547562707,86.42952859329584,80.26830631637787,92.59075087021382,87.33128725139036,90.59936908517349,84.06320541760722,3800.0,337256.0
3900.0,3.558183331,3.0690014002247195E-7,3900.0,87.02564102564102,73.80765362287639,5.420560747663485,69.08979841172875,87.10355078133674,85.43465745538285,88.30328247803976,86.68375143248954,80.78388677191073,92.58361609306834,87.52743599662142,90.65363469761759,84.40123729562528,3900.0,337272.0
4000.0,3.624161261,3.126566067650976E-7,4000.0,87.3,74.22338431234155,5.046728971962641,68.96762370189371,87.30867888721687,85.38550057537398,88.77099911582671,86.80798746074248,80.69603045133225,92.9199444701527,87.81517960018417,90.65363469761759,84.97672450275074,4000.0,337256.0
4100.0,3.699464062,3.1922665328797364E-7,4100.0,87.26829268292683,74.07162685821824,2.793296089385477,68.30601092896174,87.2514893556456,85.12820512820512,88.86993603411514,86.676859752213,80.19323671497585,93.16048278945016,87.83378889237892,90.7103825136612,84.95719527109662,4100.0,337256.0
4200.0,3.782397706,3.2646350825174814E-7,4200.0,87.47619047619047,74.40068969353135,3.839122486288851,68.4652278177458,87.4006427098528,85.17474633596393,89.159109645507,86.8025495231108,80.37234042553192,93.23275862068967,88.00703513018968,90.58752997601918,85.42654028436019,4200.0,337304.0
4300.0,3.850944623,3.324455335694696E-7,4300.0,87.76744186046511,74.83455203321864,4.014598540145964,68.50299401197604,87.6120751316346,85.19144144144144,89.58003169572109,86.95011466428284,80.3931987247609,93.5070306038048,88.2841920721295,90.59880239520957,85.96958174904942,4300.0,337336.0
4400.0,3.930944264,3.394281863701116E-7,4400.0,87.72727272727273,74.74073103896393,3.2258064516129457,68.384074941452,87.55984297191256,85.12396694214875,89.55512572533848,86.9035651086481,80.3850156087409,93.42211460855529,88.2261084103824,90.4566744730679,85.99554234769688,4400.0,337392.0
4500.0,4.004715561,3.458682759277564E-7,4500.0,87.86666666666667,75.00711539388767,2.673796791443911,68.63871338311316,87.69603540803637,85.25121555915722,89.69422423556058,87.02464902944962,80.46914839367669,93.58014966522254,88.37786168560353,90.63756461803561,86.11815875317144,4500.0,337448.0
4600.0,4.070505332,3.5161159391790834E-7,4600.0,88.08695652173914,75.31994101379746,2.4911032028469973,68.63194046937609,87.85059872186704,85.25296017222821,90.00729394602479,87.12578219722306,80.44692737430168,93.80463702014443,88.58757619842417,90.66971951917573,86.50543287767263,4600.0,337448.0
4700.0,4.137479354,3.57458571917603E-7,4700.0,88.29787234042553,75.75592282336487,2.654867256637149,69.25656791503633,88.0582396829842,85.51869404949974,90.18207782934667,87.35234366199371,80.8362369337979,93.86845039018952,88.77563736863642,90.7769703745109,86.77430436276194,4700.0,337464.0
4800.0,4.20423567,3.632865437093025E-7,4800.0,88.25,75.6107448939051,2.25303292894279,68.92561983471074,87.98818557501787,85.37344398340248,90.18105849582173,87.26066701840256,80.6467417932386,93.87459224356651,88.72793720669463,90.68870523415978,86.76716917922947,4800.0,337464.0
4900.0,4.270377814,3.6906130761212564E-7,4900.0,88.32653061224491,75.65643295348407,1.8867924528302116,68.76024030584381,87.9991957451901,85.27291452111226,90.3313049357674,87.25781199341442,80.6624452021432,93.85317878468562,88.75328575122448,90.44238121245222,87.06419028999674,4900.0,337488.0
5000.0,4.341068998,3.7523324085957264E-7,5000.0,88.36,75.57025817451904,1.5228426395939292,68.35236541598697,87.942454698066,85.05392912172573,90.46839174582377,87.18500985215569,80.58394160583941,93.78607809847198,88.71317592621742,90.0489396411093,87.37741221132553,5000.0,337488.0
5100.0,4.407911468,3.8106887242068637E-7,5100.0,88.50980392156863,75.77670803144052,1.1804384485666821,68.35853131749461,88.04714979909404,85.06625891946994,90.66284257488847,87.25329995970684,80.55019305019306,93.95640686922061,88.85557751438998,90.11879049676025,87.5923645320197,5100.0,337472.0
5200.0,4.474774239,3.8690710662277414E-7,5200.0,88.6923076923077,76.00614724767532,1.5075376884421867,68.31896551724138,88.16123014474861,85.05338078291815,90.90627899783482,87.32423935447713,80.51010587102984,94.13837283792441,89.0144210938789,90.14008620689656,87.88875598086125,5200.0,337520.0
5300.0,4.54190069,3.9276836448319046E-7,5300.0,88.83018867924528,76.14533705811549,1.8242122719734366,68.20622986036518,88.227263931075,84.99746578813989,91.10309588217613,87.35888097898224,80.47024952015354,94.24751243781094,89.11308438135978,90.06444683136412,88.16172193135544,5300.0,337520.0
5400.0,4.610388039,3.987487349025139E-7,5400.0,88.85185185185185,76.08698722520779,1.149425287356272,68.04670912951167,88.18037452980201,84.87437185929649,91.17302052785924,87.34006201134872,80.58206106870229,94.09806295399515,89.03701368810823,89.64968152866241,88.42434584755404,5400.0,337536.0
5500.0,4.681820306,4.049835968717539E-7,5500.0,88.89090909090909,76.04660750678862,0.6504065040650052,67.80821917808218,88.15286341614673,84.74406991260925,91.26518942101501,87.30854626718987,80.54105363075462,94.07603890362512,89.01366996089867,89.40990516332981,88.61743475846751,5500.0,337392.0
5600.0,4.746393444,4.106197697003537E-7,5600.0,89.05357142857143,76.21495780386071,0.6482982171799607,67.73684210526318,88.23233198722282,84.70177189917644,91.47782566383984,87.36471519213083,80.54105363075462,94.18837675350701,89.11735419630156,89.31578947368422,88.91891891891892,5600.0,337392.0
5700.0,4.811782754,4.163269102597257E-7,5700.0,89.03508771929825,76.07112688771102,0.3189792663476682,67.4986999479979,88.14322846349276,84.53353130413264,91.50699823345563,87.31994090692683,80.64211520302172,93.99776661083193,88.98218835822536,88.81955278211129,89.14482393433943,5700.0,337376.0
5800.0,4.877785425,4.2208758460681675E-7,5800.0,89.0344827586207,75.93808400927567,0.46948356807518365,67.19958741619394,88.06455194693751,84.35039370078741,91.56050955414013,87.26818727490996,80.65882352941176,93.87755102040816,88.87558490446577,88.39608045384219,89.35508935508936,5800.0,337376.0
5900.0,4.953860506,4.287267431992892E-7,5900.0,89.01694915254237,75.82472699431774,-0.1545595054096309,67.0564311133706,87.99350939262655,84.22590068159688,91.57566302652107,87.24924729924221,80.80336291452592,93.6951316839585,88.75057828696762,87.95119471276055,89.54996186117468,5900.0,337344.0
6000.0,5.021543386,4.346335048932437E-7,6000.0,89.06666666666668,75.84102510655177,0.15220700152215458,66.98540513336691,87.99602502036828,84.16988416988417,91.64969450101832,87.26492580661622,80.85303662494205,93.6768149882904,88.73947792472651,87.77050830397584,89.7084475454772,6000.0,337344.0
6100.0,5.090125338,4.4061887155783876E-7,6100.0,88.95081967213115,75.60820780188506,-0.4470938897168956,66.74888998519978,87.87508770804924,84.03600189483656,91.55176736024066,87.17058615932497,80.82004555808656,93.52112676056338,88.59106942114985,87.51850024666994,89.66363859562976,6100.0,337352.0
6200.0,5.158550668,4.4659198545327404E-7,6200.0,88.82258064516128,75.30462571270921,-0.5805515239478221,66.44067796610167,87.71065258977437,83.82730455075846,91.46025878003698,87.07105346552582,80.9009009009009,93.24120603015076,88.35971787522215,86.97336561743342,89.74607013301087,6200.0,337432.0
6300.0,5.226111439,4.524907472153256E-7,6300.0,88.90476190476191,75.46630565583635,0.0,66.66666666666667,87.78840726997427,83.91994478951,91.5303525990549,87.16296296296296,81.06666666666666,93.25925925925927,88.42289229336495,86.98140200286123,89.86438258386866,6300.0,337496.0
6400.0,5.293575679,4.5838163930920257E-7,6400.0,89.015625,75.64532948093026,0.5657708628005537,66.82397357243983,87.87663458632893,83.98997950352994,91.63990962064454,87.25007506277977,81.16197183098592,93.33817829457365,88.51225808827023,87.02218027371401,90.00233590282645,6400.0,337528.0
6500.0,5.36190908,4.643484254421024E-7,6500.0,89.12307692307692,75.88076791058329,0.9803921568627539,67.19257540603249,87.99015667593926,84.14442700156987,91.72228076337666,87.38721070331532,81.42361111111111,93.35081029551954,88.60148075367317,87.05336426914153,90.14959723820483,6500.0,337528.0
6600.0,5.429894091,4.7028450919658353E-7,6600.0,89.03030303030303,75.66996199577186,-0.27700831024936007,66.94063926940638,87.88122409415465,84.00353513035793,91.65321650910768,87.300375555784,81.37842465753424,93.22232645403376,88.46985369490261,86.80365296803653,90.1360544217687,6600.0,337512.0
6700.0,5.497235183,4.761640906848468E-7,6700.0,89.16417910447761,75.95470099387434,0.6839945280438081,67.34143049932526,88.02120160414327,84.18300653594771,91.75936435868331,87.45320274709636,81.62230671736374,93.28409877682898,88.59662687413883,86.90958164642375,90.28367210185392,6700.0,337496.0
6800.0,5.563651776,4.819630911994849E-7,6800.0,89.29411764705883,76.17771929572976,1.4884979702300154,67.54346856888095,88.13299996029704,84.28324697754749,91.88224799286353,87.5553420190154,81.70782754290498,93.40285649512582,88.71833087426506,87.02630405706643,90.41035769146369,6800.0,337504.0
6900.0,5.62951603,4.877138656007291E-7,6900.0,89.40579710144928,76.27520926583394,1.349527665317166,67.43875278396439,88.18291979033782,84.24229359775815,92.02052177709858,87.58133126869548,81.62071846282373,93.54194407456724,88.79282999098128,87.03786191536749,90.54779806659506,6900.0,337504.0
7000.0,5.696629201,4.935736861002238E-7,7000.0,89.4857142857143,76.44257883162692,1.7356475300400849,67.70513383062749,88.26253546407254,84.34708634623564,92.08431920843192,87.68678757782524,81.84069335534461,93.53288180030587,88.84589399598983,87.01184730144801,90.67994069053167,7000.0,337504.0
7100.0,5.763180927,4.99384760890127E-7,7100.0,89.6056338028169,76.61556049285568,1.8617021276595507,67.80104712041883,88.34944284122645,84.39746300211416,92.20696937697993,87.76058960636483,81.870385561936,93.65079365079364,88.94625159347568,87.08551483420594,90.80698835274542,7100.0,337520.0
7200.0,5.82998192,5.052176008432606E-7,7200.0,89.72222222222223,76.77308991578066,1.7264276228420226,67.89587852494577,88.42640889900366,84.43416070677324,92.32842629069043,87.83972667764428,81.9518170681911,93.72763628709745,89.02098072538493,87.07158351409979,90.97037793667006,7200.0,337520.0
7300.0,5.897334677,5.110991765635584E-7,7300.0,89.71232876712328,76.74289365016472,0.7926023778071193,67.86478391099699,88.40970003259795,84.40938343367242,92.32341817438414,87.83437625485209,81.9758064516129,93.69294605809128,88.99261035729438,86.99186991869918,90.99335079588958,7300.0,337552.0
7400.0,5.963359851,5.168648211729815E-7,7400.0,89.85135135135135,76.89641926509545,0.7926023778071253,67.864783910997,88.48605986697623,84.40938343367242,92.47721125914055,87.8984723314975,81.9758064516129,93.82113821138212,89.08155613256706,86.99186991869918,91.17124234643492,7400.0,337552.0
7500.0,6.030086176,5.226914175597123E-7,7500.0,89.96,76.99812661501865,0.790513833992008,67.80675502351431,88.53750894364335,84.38731080240515,92.6009629556844,87.93185477968086,81.92431561996779,93.93939393939394,89.15156418228302,87.00299273193673,91.30013563262933,7500.0,337536.0
7600.0,6.096082338,5.284545286978657E-7,7600.0,90.09210526315789,77.14048146392952,0.7905138339921304,67.80675502351433,88.60830660806451,84.38731080240515,92.74356750505926,87.99108666064848,81.92431561996779,94.05785770132916,89.2342467936437,87.00299273193673,91.46550085535068,7600.0,337552.0
7700.0,6.162230517,5.342310516126516E-7,7700.0,90.1948051948052,77.22249805195253,0.527009222661352,67.72124839675075,88.64995447720054,84.35233160621762,92.86052009456263,88.01397530813908,81.85840707964603,94.16954353663213,89.29519157208662,87.00299273193673,91.58739041223653,7700.0,337560.0
7800.0,6.22802535,5.39976717876556E-7,7800.0,90.32051282051282,77.35478336652888,0.5270092226614175,67.72124839675074,88.71573840867688,84.35233160621762,92.99303944315545,88.06883470278876,81.85840707964603,94.2792623259315,89.3722160143844,87.00299273193673,91.74143929683208,7800.0,337560.0
7900.0,6.295654961,5.458826098234765E-7,7900.0,90.44303797468355,77.48224931508588,0.5270092226614685,67.72124839675077,88.77912685357673,84.35233160621762,93.12072892938497,88.1216675220912,81.85840707964603,94.38492796453639,89.44647029152132,87.00299273193673,91.88994785110592,7900.0,337560.0
8000.0,6.363352766,5.517944569487497E-7,8000.0,90.4875,77.44385193800586,-0.26350461133066916,67.46472851646003,88.76259803728573,84.24756779134755,93.1864983436297,88.0710357384735,81.66131621187802,94.48075526506899,89.46510703546137,87.00299273193673,91.92722133898604,8000.0,337560.0
8100.0,6.432437168,5.578271054938932E-7,8100.0,90.60493827160494,77.56348985299446,-0.26350461133064723,67.46472851646004,88.82207319090566,84.24756779134755,93.30635939836397,88.12024441121717,81.66131621187802,94.57917261055636,89.53517107522022,87.00299273193673,92.06734941850372,8100.0,337544.0
8200.0,6.497647362,5.635215820206123E-7,8200.0,90.71951219512195,77.67899300001318,-0.2635046113306986,67.46472851646004,88.87949383490745,84.24756779134755,93.42207623822284,88.16772888379465,81.66131621187802,94.67414155571127,89.60284425881942,87.00299273193673,92.20269578570209,8200.0,337552.0
8300.0,6.563152324,5.692420702852557E-7,8300.0,90.83132530120483,77.79057208853364,-0.26350461133060915,67.46472851646004,88.9349646231875,84.24756779134755,93.53386014104852,88.21357821613185,81.66131621187802,94.76584022038568,89.6682469111789,87.00299273193673,92.33350109042107,8300.0,337568.0
8400.0,6.62840397,5.749409768766248E-7,8400.0,90.91666666666667,77.8460400021182,-0.5270092226614441,67.37922188969647,88.96338229576223,84.21270432443617,93.62413303250607,88.2242610847137,81.59582999198075,94.85269217744666,89.71499248872038,87.00299273193673,92.42699224550405,8400.0,337600.0
8500.0,6.693689431,5.806428367808709E-7,8500.0,91.0,77.89859914676526,-0.7905138339920221,67.29371526293289,88.99035273800591,84.17786970010341,93.711467324291,88.23357878935411,81.53044871794873,94.9367088607595,89.7602205990474,87.00299273193673,92.51744846615809,8500.0,337600.0
8600.0,6.759054894,5.863519544101796E-7,8600.0,91.1046511627907,78.00012252249745,-0.7905138339921366,67.29371526293288,89.04081403971138,84.17786970010341,93.8131823695916,88.27505397889573,81.53044871794873,95.01965923984272,89.81997584209039,87.00299273193673,92.63695895224406,8600.0,337616.0
8700.0,6.824759277,5.920906738208897E-7,8700.0,91.16091954022988,77.99554668254163,-1.317523056653452,67.12270200940576,89.04022945370313,84.10828683612316,93.87787596528938,88.24838709677418,81.39999999999999,95.09677419354838,89.8464106876159,87.00299273193673,92.68982864329509,8700.0,337616.0
8800.0,6.890377978,5.978219096371407E-7,8800.0,91.26136363636364,78.12492120743504,-0.7863695937090966,67.20682302771854,89.10450341113898,84.14759843331272,93.96815436504824,88.30726814907013,81.44453312051077,95.1700031776295,89.91626464336501,87.0362473347548,92.79628195197522,8800.0,337616.0
8900.0,6.956318139,6.035814951924606E-7,8900.0,91.33707865168539,78.20073860608242,-0.7843137254902549,67.20544449170563,89.1430024624441,84.15210688591984,94.03942790877464,88.33180602655818,81.42402545743835,95.23958659567805,89.96923626291584,87.06933219906423,92.86914032676744,8900.0,337632.0
9000.0,7.02252749,6.093648673750791E-7,9000.0,91.41111111111111,78.24085797013257,-1.0457516339869874,67.12037430880477,89.16377770318488,84.11752619683583,94.11406380872612,88.3354182828908,81.35930047694754,95.31153608883405,90.00781995725508,87.06933219906423,92.94630771544593,9000.0,337648.0
9100.0,7.088145693,6.150967387143045E-7,9100.0,91.48351648351648,78.27878940494016,-1.307189542483655,67.03530412590386,89.18346570259146,84.08297391661532,94.18648263446102,88.33801068647277,81.2946783161239,95.38134305682163,90.0452602616302,87.06933219906423,93.02118832419617,9100.0,337656.0
9200.0,7.153483378,6.208041062876416E-7,9200.0,91.51086956521739,78.2148842198047,-2.0915032679738164,66.78009357720119,89.15428450298326,83.97948717948718,94.22550831792978,88.27390069117183,81.10142630744849,95.44637507489514,90.05240591556365,87.06933219906423,93.03547963206307,9200.0,337656.0
9300.0,7.220117783,6.266244689363096E-7,9300.0,91.39784946236558,77.96519211153876,-2.8277634961440423,66.41477749790091,89.03080371299804,83.81222177256171,94.14262703177624,88.14209708827893,80.8984375,95.38575667655786,89.93761391995328,86.94374475230899,92.93148308759757,9300.0,337640.0
9324.0,7.242187536,6.285522113094354E-7,9324.0,91.3985413985414,77.95318231555729,-2.557544757033228,66.40134059488898,89.02353206082168,83.79797979797979,94.1451306760111,88.14565163182867,80.92079594225517,95.37050732140216,89.91907477308342,86.88730624214496,92.95084330402192,9324.0,337640.0
