learning evaluation instances,evaluation time (cpu seconds),model cost (RAM-Hours),classified instances,classifications correct (percent),Kappa Statistic (percent),Kappa Temporal Statistic (percent),Kappa M Statistic (percent),F1 Score (percent),F1 Score for class 0 (percent),F1 Score for class 1 (percent),Precision (percent),Precision for class 0 (percent),Precision for class 1 (percent),Recall (percent),Recall for class 0 (percent),Recall for class 1 (percent),model training instances,model serialized size (bytes)
100.0,5.259390593,3.268819616437081E-5,100.0,100.0,?,?,?,?,100.0,?,?,100.0,?,?,100.0,?,100.0,2.4024696E7
200.0,11.034394989,7.099702397142616E-5,200.0,99.0,79.50819672131144,50.0,66.66666666666666,90.69767441860466,99.48717948717947,80.0,99.48979591836735,98.9795918367347,100.0,83.33333333333333,100.0,66.66666666666666,200.0,2.5641824E7
300.0,16.811676499,1.0934189331945688E-4,300.0,98.33333333333333,60.691823899371045,-25.00000000000063,16.666666666666483,80.46113774357289,99.14821124361158,61.53846153846153,78.23013164310093,99.31740614334471,57.14285714285714,82.82312925170068,98.9795918367347,66.66666666666666,300.0,2.5655832E7
400.0,22.569848675,1.4757003627804982E-4,400.0,98.0,49.04458598726111,-100.0,-33.33333333333333,75.61753714337799,98.9795918367347,50.0,69.74358974358974,99.48717948717949,40.0,82.57191201353638,98.47715736040608,66.66666666666666,400.0,2.566252E7
500.0,28.281065171,1.8549410276824053E-4,500.0,97.0,33.392539964475915,-150.0,-87.5,67.96241467918762,98.4646878198567,34.78260869565218,62.92096219931271,99.17525773195877,26.666666666666668,73.8821138211382,97.76422764227642,50.0,500.0,2.56678E7
600.0,33.980010681,2.2334614574272306E-4,600.0,96.33333333333334,29.637526652452102,-175.0000000000002,-119.99999999999906,66.65234234391377,98.1164383561644,31.25,60.93111041207927,99.13494809688581,22.727272727272727,73.5593220338983,97.11864406779661,50.0,600.0,2.5674216E7
700.0,39.678377442,2.6121579684669494E-4,700.0,96.42857142857143,54.3795620437957,-108.33333333333344,-13.636363636363427,78.18329606032802,98.138495904691,56.14035087719298,72.40601503759399,99.09774436090225,45.714285714285715,84.96245642263341,97.1976401179941,72.72727272727273,700.0,2.5688768E7
800.0,45.482322526,2.9985562986757197E-4,800.0,95.25,81.62386962619082,-192.30769230769246,68.85245901639344,90.81193481309542,97.1976401179941,84.42622950819673,90.81193481309542,97.1976401179941,84.42622950819673,90.81193481309542,97.1976401179941,84.42622950819673,800.0,2.5734416E7
900.0,51.269043271,3.384068878538593E-4,900.0,94.77777777777779,84.75741589552887,-67.8571428571428,76.6169154228856,92.38991589991392,96.65480427046263,88.10126582278481,92.93317952162612,96.17563739376772,89.69072164948454,91.85296692503148,97.13876967095851,86.56716417910447,900.0,2.5751848E7
1000.0,57.009835203,3.766664007493619E-4,1000.0,94.19999999999999,84.57733932512562,9.374999999999844,77.43190661478597,92.31066028592276,96.12817089452605,88.44621513944223,92.9882416542776,95.36423841059603,90.61224489795919,91.64288220538253,96.90444145356662,86.38132295719845,1000.0,2.5761432E7
1100.0,62.726280688,4.147781494429989E-4,1100.0,89.27272727272727,72.61892205463558,-22.916666666666686,63.69230769230768,86.75771262387568,92.69801980198021,79.7945205479452,89.51101602706835,89.06064209274673,89.96138996138995,84.16873449131513,96.64516129032258,71.6923076923077,1100.0,2.5771232E7
1200.0,68.484776448,4.531810582990509E-4,1200.0,88.08333333333334,69.46097554030582,-22.22222222222216,60.16713091922007,85.37022941087274,91.91633691351045,77.33755942947703,88.65682048681542,87.60775862068965,89.70588235294117,82.31860200914815,96.6706302021403,67.96657381615599,1200.0,2.5778488E7
1300.0,74.317973811,4.920894253359461E-4,1300.0,85.38461538461539,63.481526383488315,-52.00000000000004,54.65393794749402,82.89937118951809,89.9789029535865,73.01136363636364,87.10742373174315,84.03940886699507,90.17543859649123,79.07915446484928,96.82179341657208,61.336515513126486,1300.0,2.5783312E7
1400.0,80.142843416,5.30956976318287E-4,1400.0,83.78571428571429,60.7198477245198,-56.55172413793109,52.51046025104602,81.70214681552082,88.68958644743398,71.37452711223203,85.93445980542755,82.02764976958525,89.84126984126985,77.86715254268056,96.52928416485899,59.20502092050209,1400.0,2.5793088E7
1500.0,86.121444001,5.708584558098452E-4,1500.0,81.46666666666667,55.784585043102076,-55.307262569832474,48.03738317757009,79.64012878838076,86.99719363891487,67.74941995359629,84.2902617768288,79.28388746803068,89.29663608562691,75.47624812357755,96.37305699481865,54.57943925233645,1500.0,2.5798344E7
1600.0,91.983590297,6.099894105958878E-4,1600.0,79.375,51.47094506658038,-47.98206278026906,44.44444444444443,77.96985272545915,85.47535211267606,64.4396551724138,83.10961016355914,76.69826224328594,89.52095808383234,73.4287875440957,96.52087475149106,50.33670033670033,1600.0,2.580276E7
1700.0,97.809854247,6.488860649602367E-4,1700.0,77.70588235294117,48.50345921199025,-57.916666666666586,41.960183767228195,76.59766351367787,84.13562159899539,62.512363996043504,81.5781914760759,74.8882265275708,88.26815642458101,72.19028771769702,95.98853868194843,48.39203675344563,1700.0,2.5806224E7
1800.0,103.848498084,6.892179704461074E-4,1800.0,77.44444444444444,48.30220713073006,-42.95774647887319,42.00000000000001,76.5040751126907,83.86327503974562,62.54612546125462,81.39344985875707,74.50564971751412,88.28125,72.16883116883118,95.9090909090909,48.42857142857142,1800.0,2.5817352E7
1900.0,109.883176725,7.295287005143683E-4,1900.0,76.84210526315789,48.11810206584283,-45.69536423841065,42.70833333333332,76.5300630143417,83.16755929609793,62.900505902192236,81.29063918537602,73.3468286099865,89.23444976076556,72.29622165783275,96.02473498233216,48.56770833333333,1900.0,2.5820752E7
2000.0,115.83584655,7.692969093809057E-4,2000.0,76.8,48.05473955721144,-38.92215568862271,42.57425742574259,76.42347862754303,83.11499272197962,62.93929712460064,81.06602746705575,73.39331619537275,88.73873873873875,72.28387268257028,95.80536912751678,48.76237623762376,2000.0,2.5824184E7
2100.0,121.719282641,8.086110851488738E-4,2100.0,76.47619047619048,48.54595450379134,-33.1536388140162,43.99092970521542,76.71601253333145,82.54416961130742,63.94160583941606,81.10533702151895,72.45657568238212,89.75409836065575,72.77738681679568,95.89490968801314,49.65986394557823,2100.0,2.5829768E7
2200.0,127.636592576,8.481552247383134E-4,2200.0,76.0909090909091,48.682699258089826,-32.16080402010053,44.921465968586375,76.82338641499187,81.94921070693205,64.6029609690444,80.96766222204168,71.53984421809467,90.3954802259887,73.08269728127168,95.90361445783132,50.26178010471204,2200.0,2.5832128E7
2300.0,133.733365557,8.889030692096283E-4,2300.0,75.8695652173913,48.70197717408775,-36.363636363636374,45.32019704433496,76.7945256183556,81.59203980099502,64.98422712933754,80.7245715444681,71.09826589595376,90.35087719298247,73.22938030706715,95.71984435797665,50.73891625615764,2300.0,2.5834912E7
2400.0,139.819350446,9.295864946672857E-4,2400.0,75.54166666666666,48.24135224978174,-36.19489559164737,45.03745318352058,76.54539710826687,81.25199616735867,64.82923906530857,80.36129334192873,70.70594774874931,90.01663893510815,73.07546310355299,95.4954954954955,50.655430711610485,2400.0,2.5839792E7
2500.0,145.878268908,9.700938024092203E-4,2500.0,76.08,49.57868692782772,-30.28322440087145,46.511627906976756,77.10929883142022,81.53180975911056,66.06129398410897,80.74668023131291,71.12068965517241,90.37267080745342,73.78549663576419,95.51374819102749,52.05724508050089,2500.0,2.5842864E7
2600.0,151.877338456,0.001010206933327307,2600.0,75.88461538461539,50.360224843638655,-36.601307189542496,48.52216748768473,77.49994008475123,80.80808080808082,67.56337299534403,80.67759826380517,70.026525198939,91.32867132867133,74.56311383278796,95.51374819102749,53.61247947454844,2600.0,2.5846696E7
2700.0,157.805793897,0.0010498547698276327,2700.0,75.96296296296296,51.451119203668696,-41.39433551198252,50.758725341426405,78.0072500409411,80.26755852842808,69.25627664613928,80.70012848396199,69.21866806502359,92.18158890290039,75.4882853246488,95.51374819102749,55.46282245827011,2700.0,2.5851176E7
2800.0,163.834167577,0.0010901761587096843,2800.0,76.32142857142857,52.86836757595547,-44.444444444444436,52.02604920405211,78.63991901016286,79.9273387829246,71.13626469307793,80.83037074807574,68.71421134825611,92.94653014789533,76.5650546314799,95.51374819102749,57.616361071932296,2800.0,2.5854592E7
2900.0,169.865963613,0.0011305303627014796,2900.0,76.20689655172413,53.168093077771395,-50.32679738562096,50.07235890014471,78.80815948620406,79.27927927927928,72.06477732793522,80.62460096975134,67.76180698151951,93.4873949579832,77.07176210605394,95.51374819102749,58.629776021080374,2900.0,2.5860952E7
3000.0,175.864902251,0.0011706705902633611,3000.0,76.3,53.7378835764932,-54.901960784313694,48.552821997105646,79.08202595880243,78.78245299910475,73.15968289920724,80.51276354789243,67.0391061452514,93.98642095053347,77.70124986807245,95.51374819102749,59.88875154511742,3000.0,2.586472E7
3100.0,182.068539208,0.0012121857636548199,3100.0,76.6774193548387,54.71952896834953,-57.516339869281076,47.68451519536902,79.51986990666826,78.50133809099019,74.51533309834333,80.54617616237185,66.63301362948006,94.45933869526363,78.51938864731818,95.51374819102749,61.52502910360885,3100.0,2.5868E7
3200.0,188.348645136,0.001254214986287771,3200.0,76.625,54.77794034073734,-61.55507559395252,46.10951008645532,79.54522975266656,77.97408716136631,75.09986684420771,80.28356373165057,65.93625498007968,94.63087248322147,78.82035231024676,95.38904899135446,62.251655629139066,3200.0,2.5869424E7
3300.0,194.696597091,0.001296702323850326,3300.0,76.9090909090909,55.325052614672984,-61.0993657505286,46.37579169598874,79.76911063858165,78.05299539170505,75.63938618925832,80.3905533007586,66.06533398342272,94.71577261809448,79.15720214422228,95.35538353272344,62.95902075572113,3300.0,2.5871896E7
3400.0,200.831305099,0.0013377639647034977,3400.0,77.14705882352942,55.797314843321246,-62.89308176100632,45.55010511562719,79.90531498099926,77.71723544594208,76.54693631150016,80.201782350384,65.77669902912622,94.6268656716418,79.61103133365609,94.95444989488438,64.26761277242777,3400.0,2.587288E7
3500.0,206.921265543,0.0013785276202914428,3500.0,77.45714285714286,56.36787310327044,-62.34567901234562,46.39945652173913,80.16865748433837,78.01616049038729,76.86895338610378,80.46262207499049,66.13131790269249,94.79392624728851,79.87683303318755,95.1086956521739,64.64497041420118,3500.0,2.5873848E7
3600.0,212.981756941,0.0014190964682259876,3600.0,77.66666666666666,56.73018706300762,-63.083164300202895,46.93069306930691,80.29142764325765,78.164041281912,77.14610574189882,80.55080473421181,66.40516843562528,94.69644103279833,80.03371560177601,94.98349834983499,65.08393285371703,3600.0,2.5875408E7
3700.0,219.129008475,0.0014602501585082438,3700.0,77.97297297297298,57.280637383373524,-63.98390342052317,47.789878283151836,80.51909432974772,78.44485585823855,77.47996684166895,80.76576576576576,66.8018018018018,94.72972972972973,80.2739250531375,95.00320307495195,65.54464703132304,3700.0,2.5877968E7
3800.0,225.352924248,0.001501919098392394,3800.0,78.26315789473685,57.83251496241763,-59.45945945945949,47.886435331230295,80.77228721376638,78.48958333333333,78.03191489361703,80.89036230168128,66.82926829268293,94.95145631067962,80.65455633015502,95.0788643533123,66.23024830699774,3800.0,2.5879216E7
3900.0,231.525165012,0.0015432435062540876,3900.0,78.56410256410257,58.38535589302112,-56.26168224299069,48.93097128894319,81.02414423115725,78.85685381891756,78.26313052522102,81.1789647830818,67.28528269313769,95.0726468730259,80.86991308751364,95.23518631643249,66.50463985859479,3900.0,2.5880112E7
4000.0,237.634813521,0.0015841513245665377,4000.0,78.75,58.739396328243146,-58.87850467289717,48.07574832009773,81.19304224465122,78.57862903225808,78.91865079365078,81.10385486059542,66.88116688116688,95.32654284002396,81.28242599782692,95.23518631643249,67.32966567922134,4000.0,2.588168E7
4100.0,243.691673539,0.0016247099412477276,4100.0,79.19512195121952,59.53118990081422,-58.8454376163873,48.20886460230724,81.54021556622465,78.62691054873466,79.73390354003325,81.24747331431192,66.93686006825939,95.55808656036446,81.83507500202347,95.26411657559198,68.40603342845495,4100.0,2.5884392E7
4200.0,249.918269286,0.0016664063724511839,4200.0,79.35714285714286,59.797297297297305,-58.500914076782394,48.021582733812956,81.64825713492567,78.55552807321295,80.10098691760386,81.23979812545062,66.86315789473684,95.61643835616438,82.06084421562277,95.20383693045564,68.91785150078988,4200.0,2.5885144E7
4300.0,256.150387174,0.0017081422462240472,4300.0,79.6046511627907,60.18905212129402,-60.036496350364956,47.48502994011975,81.82888931177399,78.38304165639634,80.69557561082985,81.21444766049592,66.61080854629242,95.81808677469942,82.45269916440883,95.20958083832335,69.69581749049429,4300.0,2.5886672E7
4400.0,262.38774826,0.00174991474351128,4400.0,79.81818181818183,60.550675097169425,-59.13978494623652,48.00936768149884,81.95548561058386,78.52998065764024,80.96054888507717,81.31334565298027,66.88632619439868,95.74036511156187,82.60784839110417,95.08196721311475,70.1337295690936,4400.0,2.5887608E7
4500.0,268.596316498,0.0017914966981599377,4500.0,80.0,60.86948204141112,-60.42780748663093,48.30557151062608,82.09579493838231,78.63247863247864,81.203007518797,81.41407303528221,67.0174018615945,95.81074420896994,82.78903006379414,95.11774842044802,70.46031170714026,4500.0,2.5889032E7
4600.0,274.764867146,0.0018328125367593252,4600.0,80.17391304347827,61.11607396918019,-62.277580071174384,47.796222095020035,82.2149024559739,78.47025495750708,81.62771958098308,81.37363851443747,66.77380474085979,95.97347228801516,83.07374255922375,95.13451631368059,71.01296880476691,4600.0,2.5890224E7
4700.0,281.063448216,0.0018750007817062459,4700.0,80.53191489361701,61.76300084645094,-61.94690265486731,48.854108440469524,82.48024432665993,78.81454040287103,81.9917339106475,81.63175534143276,67.27272727272727,95.99078341013825,83.3465571407696,95.1369480156512,71.55616626588801,4700.0,2.5891136E7
4800.0,287.368553086,0.0019172731103330278,4800.0,80.6875,62.015396671737435,-60.65857885615247,48.92561983471075,82.59184831716394,78.84044738644145,82.2379766238743,81.68203649263734,67.30319563522993,96.06087735004476,83.52215623572408,95.15151515151516,71.892797319933,4800.0,2.5915896E7
4900.0,293.596363393,0.0019590300948617843,4900.0,80.85714285714286,62.25532520845307,-60.891938250428815,48.77116329874387,82.6885659739654,78.77828054298642,82.56505576208178,81.6758114707917,67.24604094244883,96.10558199913457,83.72675149159002,95.08465319497542,72.36884978820463,4900.0,2.591768E7
5000.0,299.780744007,0.0020004974737756814,5000.0,80.88,62.15623331964728,-61.7597292724197,48.01522566612289,82.59218144320349,78.45876520955386,82.81193815174397,81.4528350778557,66.98730280877261,95.91836734693877,83.76385388879112,94.67101685698749,72.85669092059474,5000.0,2.5918672E7
5100.0,305.995524138,0.002042171670909578,5100.0,81.19607843137256,62.65274050950921,-61.72006745362552,48.21814254859613,82.8132908695575,78.531452876651,83.27228327228327,81.56545390892198,67.07456978967495,96.05633802816902,84.09990131823936,94.70842332613391,73.49137931034483,5100.0,2.5920528E7
5200.0,312.29592737,0.002084422087589929,5200.0,81.28846153846155,62.712350056422295,-62.98157453936349,47.57543103448277,82.85227704748004,78.32479394074404,83.53916427000507,81.47512964736478,66.76794530953285,96.18231398519673,84.27677982181159,94.71982758620689,73.83373205741627,5200.0,2.5921792E7
5300.0,318.618755688,0.0021268244045342883,5300.0,81.41509433962264,62.83435906373196,-63.3499170812604,47.09989258861438,82.9165969813476,78.17416352758697,83.81797272876622,81.42070935147161,66.54092795171633,96.30049075122687,84.46847922598818,94.73684210526315,74.2001163467132,5300.0,2.592272E7
5400.0,324.895966791,0.002168924387729254,5400.0,81.35185185185185,62.63259799717652,-65.3530377668309,46.54989384288748,82.79851068557959,77.95051456098095,83.84405583186266,81.25794698857061,66.34364517331346,96.17224880382776,84.39861814598233,94.47983014861995,74.31740614334471,5400.0,2.5924928E7
5500.0,331.145201257,0.002210841690799414,5500.0,81.54545454545455,62.88602522726451,-65.04065040650408,46.52265542676501,82.90145023514633,77.92998477929986,84.14310264021248,81.27936552153616,66.34579785264717,96.21293319042515,84.58959692806187,94.41517386722866,74.76401998889506,5500.0,2.5927992E7
5600.0,337.484423346,0.0022533663068286893,5600.0,81.83928571428571,63.27809658907731,-64.82982171799023,46.473684210526315,83.07656551637315,77.91530944625407,84.579226686884,81.33007064892941,66.32162661737523,96.33851468048358,84.89971550497866,94.42105263157895,75.37837837837837,5600.0,2.5930256E7
5700.0,343.8851493,0.002296305303184179,5700.0,82.05263157894737,63.573128111942204,-63.157894736842145,46.801872074882986,83.16692147217789,77.97631862217438,84.85566247224278,81.38552421406257,66.53196179279941,96.23908663532572,85.02804766678355,94.17576703068123,75.88032830288589,5700.0,2.5931344E7
5800.0,350.282077397,0.002339220344277071,5800.0,82.34482758620689,64.02786629016416,-60.2503912363067,47.18927282104177,83.36900026889298,78.11030354852502,85.20658769141866,81.52212067658236,66.70317634173057,96.34106501143417,85.30150154698892,94.22382671480143,76.37917637917639,5800.0,2.5932264E7
5900.0,356.646945482,0.002381922781000247,5900.0,82.59322033898306,64.46391791272362,-58.73261205564141,47.788510421962386,83.56387790502751,78.31961156850326,85.4594365000708,81.69461713244368,66.96750902527076,96.42172523961662,85.52068318715712,94.30604982206405,76.73531655225018,5900.0,2.5933768E7
6000.0,362.99573174,0.002424522697439025,6000.0,82.68333333333334,64.54458157715074,-58.14307458143071,47.71011575239054,83.5814824295366,78.26814473959422,85.6074248510874,81.67335449682524,66.96492483894059,96.38178415470992,85.58090207831091,94.16205334675391,76.99975080986793,6000.0,2.593704E7
6100.0,369.493774305,0.002468127045117015,6100.0,82.70491803278689,64.5522305848345,-57.22801788375557,47.95263936852493,83.52995202002747,78.27877290508545,85.63257524172681,81.65996693357539,67.17314487632508,96.1467889908257,85.48758831638338,93.78391711889492,77.19125951387184,6100.0,2.5938784E7
6200.0,375.977443421,0.0025116378935624807,6200.0,82.87096774193549,64.86012950369016,-54.136429608127756,48.57142857142857,83.6464300445113,78.46715328467153,85.7793251205142,81.79588101816807,67.49215207534007,96.0996099609961,85.58265090718517,93.7046004842615,77.46070133010883,6200.0,2.5940544E7
6300.0,382.417476116,0.002554857797709576,6300.0,83.07936507936508,65.23264124763658,-52.50357653791139,49.165474487362886,83.80310865627735,78.66293034427542,85.98106259863229,81.95039119127657,67.7819937909624,96.11878859159071,85.74153552694325,93.70529327610872,77.77777777777779,6300.0,2.594168E7
6400.0,388.814866706,0.002597792875584475,6400.0,83.21875,65.44904926074054,-51.909476661951935,49.315714959886726,83.90609778658812,78.7242472266244,86.14551083591331,82.0179571082015,67.83885285080233,96.19706136560069,85.88322095314757,93.77064653138272,77.9957953749124,6400.0,2.5942496E7
6500.0,395.303914094,0.0026413455378200557,6500.0,83.41538461538461,65.82092937609903,-50.980392156862806,49.976798143851504,84.06286908500277,78.9453125,86.31979695431471,82.18561196037696,68.1618887015177,96.20933521923621,86.02789028645881,93.78190255220417,78.27387802071345,6500.0,2.5943952E7
6600.0,401.841200961,0.00268522753054853,6600.0,83.5,65.99840480035877,-50.83102493074798,50.27397260273971,84.15007428849026,79.0617189002115,86.3857982247781,82.27466596659282,68.28296247093989,96.26636946224575,86.11297487031342,93.88127853881278,78.34467120181405,6600.0,2.594724E7
6700.0,408.371439678,0.0027290642393328797,6700.0,83.70149253731344,66.37998702143615,-49.384404924760545,50.87719298245615,84.3224907352007,79.27893738140418,86.56826568265681,82.44551034612316,68.55923859533968,96.33178209690665,86.28692599984467,93.97210976158344,78.60174223810587,6700.0,2.594844E7
6800.0,414.82648819,0.0027723997188185763,6800.0,83.83823529411765,66.58623971167195,-48.71447902571047,51.00312082032992,84.41978135946839,79.33044950159865,86.73186043703971,82.50566366013359,68.60767729342876,96.40365002683843,86.42482290256935,94.02585822559072,78.82378757954794,6800.0,2.5950544E7
6900.0,421.258702025,0.0028155836300080557,6900.0,83.88405797101449,66.54543995877043,-50.0674763832659,50.467706013363035,84.41142409285537,79.15260592425946,86.86510748877865,82.41156543746064,68.33926837164131,96.48386250327998,86.51075668809312,94.03118040089086,78.99033297529539,6900.0,2.5951584E7
7000.0,427.820864443,0.002859642610865089,7000.0,83.95714285714286,66.67188429814574,-49.93324432576776,50.72400175515577,84.45293123272377,79.22294172062905,86.93426410703896,82.46393678545323,68.49008317338452,96.43779039752194,86.54024445590962,93.94471259324266,79.13577631857656,7000.0,2.5953136E7
7100.0,434.404765916,0.0029038490759201916,7100.0,83.98591549295774,66.64327380605091,-51.19680851063833,50.39267015706804,84.44466987340714,79.11078449384532,87.0161014045906,82.40381831216948,68.32751507457951,96.48012154975943,86.58917801337502,93.93542757417103,79.24292845257904,7100.0,2.5954032E7
7200.0,440.929976084,0.002947662602770031,7200.0,84.19444444444444,66.94552280382135,-51.128818061088886,50.629067245119316,84.57537008535483,79.18800292611557,87.25929243170624,82.4898772663329,68.44767625671831,96.53207827594748,86.76904805691761,93.92624728850325,79.61184882533198,7200.0,2.5954704E7
7300.0,447.418503092,0.0029912347757117676,7300.0,84.28767123287672,67.13054712990647,-51.51915455746361,50.919982884039385,84.66381703926426,79.29976538530951,87.3385583397726,82.57628403948189,68.5705368289638,96.58203125,86.85963334494686,94.0094137783483,79.70985291154543,7300.0,2.5957656E7
7400.0,453.960435149,0.0030351660921559844,7400.0,84.20270270270271,66.84053542726132,-54.42536327608981,49.9786050492084,84.54958268755037,78.98615854754628,87.34437587961459,82.37440851776013,68.10291382517049,96.64590321034979,86.84274757651367,94.0094137783483,79.67608137467904,7400.0,2.595796E7
7500.0,460.547262196,0.0030794000253159893,7500.0,84.37333333333333,67.02972973155448,-54.41370223978927,49.89311671654553,84.63661570206601,78.95870736086175,87.57158006362673,82.38998388981652,68.05942432683379,96.72054345279925,87.00920567226541,94.01453612654981,80.00387521798102,7500.0,2.5958624E7
7600.0,467.153769869,0.003123766999070538,7600.0,84.57894736842105,67.27385462716437,-54.41370223978914,49.893116716545535,84.74626456603914,78.95870736086175,87.82969885773623,82.42751486426377,68.05942432683379,96.79560540169375,87.19924677454652,94.01453612654981,80.38395742254323,7600.0,2.5959136E7
7700.0,473.617109152,0.0031671742166495434,7700.0,84.72727272727273,67.41147760042928,-54.94071146245064,49.7221034630184,84.8109497781151,78.90204520990312,88.0317524933849,82.41988607943284,67.97527047913447,96.86450167973123,87.34489164096564,94.01453612654981,80.67524715538146,7700.0,2.596016E7
7800.0,480.094859722,0.003210678782231606,7800.0,84.92307692307692,67.637446827127,-54.94071146245057,49.72210346301838,84.91248572474393,78.90204520990312,88.27049670855776,82.45422888688377,67.97527047913447,96.93318729463309,87.5218258365765,94.01453612654981,81.02911554660318,7800.0,2.5960496E7
7900.0,486.674198607,0.003254866581604827,7900.0,85.11392405063292,67.85469981076957,-54.940711462450494,49.7221034630184,85.01014051036043,78.90204520990312,88.49990221005281,82.48709933388663,67.97527047913447,96.9989281886388,87.69239663727238,94.01453612654981,81.37025714799496,7900.0,2.5961064E7
8000.0,493.261420019,0.0032991090934624827,8000.0,85.2625,67.99308933063614,-55.33596837944661,49.59384352287302,85.07446227490978,78.85960193652501,88.6884774057373,82.48617516840523,67.91229153798642,97.06005879882402,87.83044418056866,94.01453612654981,81.64635223458752,8000.0,2.5962104E7
8100.0,499.801928004,0.003343039076828854,8100.0,85.44444444444444,68.19492061901926,-55.335968379446584,49.59384352287303,85.16522452065269,78.85960193652501,88.90144027110985,82.51640903513882,67.91229153798642,97.12052653229124,87.98973638474688,94.01453612654981,81.96493664294393,8100.0,2.5962824E7
8200.0,506.270514127,0.0033864869402421877,8200.0,85.6219512195122,68.38939111894845,-55.33596837944671,49.59384352287302,85.2527057084225,78.85960193652501,89.10653238473621,82.54542428572034,67.91229153798642,97.17855703345425,88.14359292251395,94.01453612654981,82.27264971847808,8200.0,2.5963392E7
8300.0,512.823010517,0.003430499438422559,8300.0,85.77108433734941,68.53091176661323,-55.59947299077723,49.50833689610947,85.31775946554403,78.83133177988887,89.28409400235914,82.55178597569902,67.87037037037037,97.23320158102767,88.2755116465663,94.01453612654981,82.53648716658279,8300.0,2.5964E7
8400.0,519.451049457,0.0034750366327210036,8400.0,85.91666666666666,68.66652431248416,-55.86297760210817,49.42283026934587,85.3801560503577,78.80308188496686,89.45538818076477,82.55713530176227,67.82850092535472,97.28576967816983,88.4030773356722,94.01453612654981,82.79161854479459,8400.0,2.597408E7
8500.0,526.038065564,0.0035192994550143227,8500.0,86.03529411764706,68.7512698329321,-56.38998682476942,49.2518170158187,85.42101849495374,78.74664279319606,89.60140166447657,82.54014017662452,67.7449168207024,97.33536353254662,88.51027082256722,94.01453612654981,83.00600551858464,8500.0,2.5974832E7
8600.0,532.51576294,0.0035628284247438712,8600.0,86.19767441860465,68.92122598490201,-56.38998682476944,49.25181701581874,85.49751457886113,78.74664279319606,89.78045630650021,82.56502471591713,67.7449168207024,97.38513261113187,88.64598392336116,94.01453612654981,83.2774317201725,8600.0,2.5975272E7
8700.0,539.037347645,0.003606653213794221,8700.0,86.35632183908046,69.08549907569926,-56.38998682476942,49.25181701581875,85.57147412616041,78.74664279319606,89.95344900550148,82.58899673084991,67.7449168207024,97.43307664099743,88.77742998750065,94.01453612654981,83.54032384845151,8700.0,2.5975808E7
8800.0,545.640248586,0.0036510259479006937,8800.0,86.48863636363636,69.23487662724486,-55.832241153342146,49.296375266524514,85.6397058458958,78.76406501160923,90.09249229230896,82.61920583304945,67.76275353411187,97.47565813198702,88.88944125229776,94.02985074626866,83.74903175832688,8800.0,2.5976688E7
8900.0,552.295380122,0.003695751403099847,8900.0,86.64044943820225,69.42418500418096,-55.42483660130717,49.42577626541897,85.72459512238132,78.80948137586883,90.24530314217738,82.66990819301223,67.82208588957054,97.51773049645391,89.01368728452768,94.04508719693747,83.98228737211788,8900.0,2.5977688E7
9000.0,559.005870442,0.0037408513938956382,9000.0,86.74444444444444,69.48647242136394,-55.947712418300696,49.2556358996172,85.7552943785065,78.75333926981301,90.36737989503432,82.64912267208138,67.73897058823529,97.55927475592748,89.10405961591496,94.04508719693747,84.16303203489247,9000.0,2.5979128E7
9100.0,565.519757178,0.0037846330538924954,9100.0,86.82417582417582,69.50180514295234,-56.73202614379084,49.00042535091449,85.76614681262467,78.6692759295499,90.4682407186581,82.60665334319481,67.61467889908258,97.59862778730704,89.17693684191221,94.04508719693747,84.30878648688694,9100.0,2.5980912E7
9200.0,572.078848926,0.003828719893354344,9200.0,86.86956521739131,69.44978663286324,-57.908496732025995,48.6176095278605,85.74862627442494,78.54351687388987,90.54032889584964,82.53231438706618,67.42909423604758,97.63553453808478,89.2257849475708,94.04508719693747,84.40648269820412,9200.0,2.5981704E7
9300.0,578.723449211,0.0038733851626560818,9300.0,86.82795698924731,69.37377495099804,-57.4550128534705,48.572628043660785,85.70103346619142,78.5050008773469,90.50461204557787,82.50846245046323,67.44045824540247,97.57646665552399,89.15061501300225,93.91267842149455,84.38855160450997,9300.0,2.5983848E7
9324.0,581.057638485,0.0038890757392657537,9324.0,86.85113685113686,69.40818645616615,-56.77749360613803,48.638458315877685,85.71244118433894,78.52137351086195,90.52550231839258,82.523778761026,67.47967479674797,97.56788272530402,89.15742309186533,93.8835358190197,84.43131036471097,9324.0,2.5983952E7
