learning evaluation instances,evaluation time (cpu seconds),model cost (RAM-Hours),classified instances,classifications correct (percent),Kappa Statistic (percent),Kappa Temporal Statistic (percent),Kappa M Statistic (percent),F1 Score (percent),F1 Score for class 0 (percent),F1 Score for class 1 (percent),Precision (percent),Precision for class 0 (percent),Precision for class 1 (percent),Recall (percent),Recall for class 0 (percent),Recall for class 1 (percent),model training instances,model serialized size (bytes)
100.0,5.762403905,2.713258861885672E-5,100.0,52.0,4.0000000000000036,51.515151515151516,4.0000000000000036,61.58770806658131,67.56756756756758,7.6923076923076925,75.51020408163265,51.02040816326531,100.0,52.0,100.0,4.0,100.0,1.8200776E7
200.0,11.768291874,5.5440136622171216E-5,200.0,55.50000000000001,11.00000000000001,55.276381909547744,11.00000000000001,64.31363900639548,69.20415224913495,19.819819819819816,76.45502645502646,52.910052910052904,100.0,55.50000000000001,100.0,11.0,200.0,1.821912E7
300.0,17.598532841,8.293545771213254E-5,300.0,58.333333333333336,16.666666666666675,58.19397993311037,16.666666666666675,66.48044692737432,70.58823529411764,28.57142857142857,77.27272727272727,54.54545454545454,100.0,58.333333333333336,100.0,16.666666666666664,300.0,1.8229496E7
400.0,23.3118488,1.0989719343739465E-4,400.0,60.5,20.999999999999996,60.40100250626567,20.999999999999996,67.28819103696434,71.48014440433212,35.77235772357724,75.792188651437,55.932203389830505,95.65217391304348,60.5,99.0,22.0,400.0,1.824156E7
500.0,29.450771106,1.388892628959753E-4,500.0,62.0,24.0,61.923847695390776,24.0,68.64200691155766,72.30320699708454,39.49044585987261,76.87786697247707,56.88073394495413,96.875,62.0,99.2,24.8,500.0,1.825532E7
600.0,35.719405568,1.6850754160995462E-4,600.0,63.0,26.0,62.93823038397329,26.0,69.29730884237506,72.79411764705883,42.1875,76.99335548172758,57.55813953488372,96.42857142857143,63.0,99.0,27.0,600.0,1.826372E7
700.0,41.866780685,1.9756409828069484E-4,700.0,64.28571428571429,28.57142857142858,64.2346208869814,28.57142857142858,70.22404209543399,73.46072186836517,45.414847161572055,77.37112112112112,58.445945945945944,96.29629629629629,64.28571428571428,98.85714285714286,29.714285714285715,700.0,1.8270768E7
800.0,48.132852011,2.2720465851759535E-4,800.0,64.625,29.25,64.58072590738423,29.25,70.5756600128783,73.67441860465117,46.09523809523809,77.73333333333333,58.666666666666664,96.8,64.625,99.0,30.25,800.0,1.8284936E7
900.0,54.509482253,2.573794160154669E-4,900.0,65.44444444444444,30.8888888888889,65.40600667408232,30.8888888888889,71.27842475629411,74.14796342477142,47.906197654941366,78.25432962029433,59.22974767596282,97.27891156462584,65.44444444444444,99.11111111111111,31.77777777777778,900.0,1.8291736E7
1000.0,60.962569974,2.8793360587538413E-4,1000.0,66.0,32.00000000000001,65.96596596596596,32.00000000000001,71.75820974911666,74.47447447447448,49.10179640718563,78.61721611721612,59.61538461538461,97.61904761904762,66.0,99.2,32.800000000000004,1000.0,1.8302296E7
1100.0,67.563179798,3.191958347072119E-4,1100.0,66.18181818181819,32.363636363636374,66.15104640582348,32.363636363636374,71.93907691646706,74.59016393442623,49.45652173913044,78.7934401543493,59.73741794310722,97.84946236559139,66.18181818181819,99.27272727272727,33.09090909090909,1100.0,1.8307888E7
1200.0,74.118618024,3.5025311397364895E-4,1200.0,66.83333333333333,33.666666666666664,66.80567139282736,33.666666666666664,72.47151120358883,74.96855345911949,50.864197530864196,79.14862914862914,60.2020202020202,98.09523809523809,66.83333333333333,99.33333333333333,34.333333333333336,1200.0,1.8313192E7
1300.0,80.625489542,3.810915869221419E-4,1300.0,66.92307692307692,33.84615384615384,66.89761354888375,33.84615384615384,72.56819455235896,75.02903600464576,51.025056947608206,79.25340403246923,60.26119402985075,98.24561403508771,66.92307692307692,99.38461538461539,34.46153846153846,1300.0,1.8319896E7
1400.0,87.392566605,4.131699087317037E-4,1400.0,66.85714285714286,33.71428571428572,66.83345246604718,33.71428571428572,72.54227949983233,75.0,50.847457627118644,79.28413409722617,60.207612456747405,98.36065573770492,66.85714285714286,99.42857142857143,34.285714285714285,1400.0,1.8323688E7
1500.0,94.256039666,4.4571283774931167E-4,1500.0,67.33333333333333,34.66666666666667,67.31154102735157,34.66666666666667,72.85308438226141,75.25252525252523,51.96078431372548,79.35862691960254,60.56910569105691,98.14814814814815,67.33333333333333,99.33333333333333,35.333333333333336,1500.0,1.8328E7
1600.0,100.951358299,4.7746408009606155E-4,1600.0,68.0,36.00000000000001,67.97998749218262,36.00000000000001,73.38279067215548,75.64224548049476,53.36976320582879,79.69102774255404,61.05990783410138,98.3221476510067,68.0,99.375,36.625,1600.0,1.833124E7
1700.0,107.787191319,5.098884894459777E-4,1700.0,68.41176470588235,36.823529411764696,68.39317245438494,36.823529411764696,73.65464990453178,75.86516853932585,54.297872340425535,79.76783216783217,61.38181818181818,98.15384615384616,68.41176470588235,99.29411764705883,37.529411764705884,1700.0,1.8335088E7
1800.0,114.621398069,5.423111112922983E-4,1800.0,68.44444444444444,36.888888888888886,68.42690383546415,36.888888888888886,73.64328776431567,75.87085811384877,54.41412520064206,79.6968299528508,61.416781292984865,97.97687861271676,68.44444444444444,99.22222222222223,37.666666666666664,1800.0,1.833844E7
1900.0,121.656802293,5.756949163794054E-4,1900.0,68.73684210526316,37.47368421052633,68.72037914691943,37.47368421052633,73.834718712962,76.02905569007264,55.0680786686838,79.74933851263863,61.64921465968587,97.84946236559139,68.73684210526315,99.1578947368421,38.315789473684205,1900.0,1.8342104E7
2000.0,128.713101846,6.091844146979606E-4,2000.0,69.1,38.19999999999999,69.08454227113556,38.19999999999999,74.13278704953622,76.24903920061492,55.793991416309005,79.95627325140057,61.92259675405742,97.98994974874373,69.10000000000001,99.2,39.0,2000.0,1.8345688E7
2100.0,135.620854113,6.419748199461445E-4,2100.0,69.61904761904762,39.23809523809523,69.60457360647926,39.23809523809523,74.50181506801391,76.54411764705881,56.89189189189189,80.12115304275171,62.33532934131737,97.90697674418605,69.61904761904762,99.14285714285714,40.095238095238095,2100.0,1.8349E7
2200.0,142.747520098,6.758109795726652E-4,2200.0,69.86363636363636,39.72727272727272,69.84993178717599,39.72727272727272,74.70691577558256,76.69595782073814,57.363344051446944,80.27173399666236,62.521489971346696,98.02197802197801,69.86363636363636,99.18181818181819,40.54545454545455,2200.0,1.8352576E7
2300.0,150.014213888,7.10317846971245E-4,2300.0,70.1304347826087,40.26086956521739,70.1174423662462,40.26086956521739,74.92699089828501,76.86089592455372,57.87860208461066,80.42783554053483,62.72677295217153,98.12889812889813,70.1304347826087,99.21739130434783,41.04347826086956,2300.0,1.8355704E7
2400.0,157.188833801,7.443941117407522E-4,2400.0,70.25,40.5,70.23759899958316,40.5,74.95657698311065,76.90815006468306,58.19672131147542,80.33909873316576,62.84355179704016,97.83464566929135,70.25,99.08333333333333,41.41666666666667,2400.0,1.8359272E7
2500.0,164.395544982,7.786278370974285E-4,2500.0,70.64,41.28000000000001,70.62825130052022,41.28000000000001,75.27135959915388,77.14819427148193,58.94854586129754,80.55261871468686,63.149847094801224,97.95539033457248,70.63999999999999,99.11999999999999,42.16,2500.0,1.8361976E7
2600.0,171.793628065,8.137754663540179E-4,2600.0,70.96153846153847,41.92307692307693,70.950365525202,41.92307692307693,75.4979758791891,77.33413389372559,59.604066345639374,80.6540364248697,63.41703594288528,97.89103690685414,70.96153846153845,99.07692307692308,42.84615384615385,2600.0,1.8364504E7
2700.0,179.231366086,8.491165416294666E-4,2700.0,71.22222222222221,42.44444444444444,71.21155983697666,42.44444444444444,75.71232816835384,77.49782797567333,60.092449922958394,80.80667244926487,63.62339514978602,97.98994974874373,71.22222222222223,99.11111111111111,43.333333333333336,2700.0,1.8367128E7
2800.0,186.663918936,8.844385936983292E-4,2800.0,71.64285714285714,43.285714285714285,71.63272597356199,43.285714285714285,76.0474841766125,77.75910364145659,60.88669950738917,81.02918586789554,63.963133640552996,98.09523809523809,71.64285714285714,99.14285714285714,44.142857142857146,2800.0,1.8370048E7
2900.0,193.923394175,9.18943920685982E-4,2900.0,71.75862068965517,43.51724137931035,71.74887892376681,43.51724137931035,76.11903120629671,77.82290820471161,61.12956810631229,81.0436460193085,64.06598305840392,98.02130898021308,71.75862068965517,99.10344827586208,44.41379310344827,2900.0,1.8373136E7
3000.0,201.277478798,9.539033534610883E-4,3000.0,71.86666666666667,43.733333333333334,71.85728576192064,43.733333333333334,76.1298125308592,77.85939139559285,61.425959780621575,80.93063490786191,64.18685121107266,97.67441860465115,71.86666666666667,98.93333333333332,44.800000000000004,3000.0,1.8375456E7
3100.0,208.90216655,9.901720294923232E-4,3100.0,71.41935483870968,42.83870967741936,71.11183567003587,42.24250325945243,75.77355285367341,77.58097165991903,60.58718861209964,80.69314253403921,63.8218151540383,97.56446991404012,71.41935483870967,98.90322580645162,43.93548387096774,3100.0,1.8387048E7
3200.0,216.603779107,0.001026819607540955,3200.0,71.375,42.75,70.76284711139482,41.54435226547544,75.75414087078823,77.56001959823615,60.48317515099224,80.70576114598929,63.77921031426269,97.63231197771589,71.375,98.9375,43.8125,3200.0,1.8393568E7
3300.0,224.150269619,0.0010627347021317914,3300.0,71.33333333333334,42.66666666666667,70.43750000000001,40.875000000000014,75.73599752407486,77.5403608736942,60.3852596314908,80.71787158152613,63.73926619828259,97.69647696476966,71.33333333333334,98.96969696969697,43.696969696969695,3300.0,1.8396464E7
3400.0,231.64001206,0.0010983850703100199,3400.0,71.5,42.99999999999999,70.33976124885216,40.69767441860465,75.85165822670346,77.63674128779137,60.72152411836239,80.76734912560516,63.881503987846564,97.65319426336376,71.5,98.94117647058823,44.05882352941177,3400.0,1.8399224E7
3500.0,239.377842434,0.0011352226359888156,3500.0,71.77142857142857,43.54285714285715,70.35703570357036,40.731853629274156,76.0727546878273,77.80772686433065,61.224489795918366,80.92251353773034,64.10066617320503,97.74436090225564,71.77142857142857,98.97142857142858,44.57142857142857,3500.0,1.8402384E7
3600.0,246.949067079,0.0011712716939504928,3600.0,72.0,43.99999999999999,70.35294117647058,40.70588235294117,76.26004382761138,77.95275590551181,61.64383561643836,81.05590062111801,64.28571428571429,97.82608695652173,72.0,99.0,45.0,3600.0,1.840476E7
3700.0,254.537616062,0.0012074105887908825,3700.0,72.18918918918918,44.37837837837837,70.32016152293048,40.65743944636677,76.41632847840152,78.07372682718943,61.98743997044699,81.1693114287954,64.43897291593387,97.89964994165695,72.18918918918918,99.02702702702703,45.35135135135135,3700.0,1.8408504E7
3800.0,262.097026976,0.0012434177754999036,3800.0,72.18421052631578,44.36842105263157,70.08208321539767,40.18109790605545,76.40126521087444,78.06598879435568,61.9920891765552,81.14161824424035,64.4398766700925,97.8433598183882,72.18421052631578,99.0,45.36842105263158,3800.0,1.8412112E7
3900.0,269.65187345,0.0012794098502218448,3900.0,71.94871794871794,43.89743589743589,69.61111111111109,39.222222222222214,76.23151449353193,77.92574656981436,61.533052039381154,81.05645532201815,64.23819028609448,97.87472035794184,71.94871794871794,99.02564102564102,44.871794871794876,3900.0,1.8415504E7
4000.0,277.308158529,0.0013158892454590027,4000.0,72.125,44.249999999999986,69.59367330242704,39.20392584514721,76.37675545086101,78.03821154224936,61.85425932261376,81.1611928011659,64.38089047773806,97.94149512459371,72.125,99.05000000000001,45.2,4000.0,1.8417552E7
4100.0,284.736531917,0.0013512863838982864,4100.0,72.21951219512195,44.4390243902439,69.4883471738548,38.993036957686115,76.45879713557765,78.10036531436263,62.020673557852625,81.22681042932496,64.45572834020946,97.99789251844047,72.21951219512195,99.07317073170732,45.36585365853659,4100.0,1.8419456E7
4200.0,292.400204714,0.0013878093058169397,4200.0,72.33333333333334,44.66666666666668,69.42105263157895,38.8421052631579,76.55509531432823,78.17430503380916,62.22366710013005,81.30021254525485,64.54714640198512,98.05327868852459,72.33333333333334,99.09523809523809,45.57142857142858,4200.0,1.8421752E7
4300.0,300.163260923,0.0014248094762460306,4300.0,72.37209302325581,44.74418604651162,69.27851047323507,38.57290589451913,76.59350217282716,78.20183486238533,62.28571428571429,81.3378787878788,64.57575757575758,98.1,72.37209302325581,99.11627906976744,45.627906976744185,4300.0,1.8423552E7
4400.0,307.794737307,0.0014611860190456851,4400.0,72.45454545454545,44.9090909090909,69.18382913806255,38.38332486019318,76.6648946286908,78.2561894510226,62.43025418474891,81.39476168521811,64.64137522228809,98.14814814814815,72.45454545454545,99.13636363636364,45.77272727272727,4400.0,1.8425328E7
4500.0,315.392053734,0.0014974035699606598,4500.0,72.62222222222222,45.24444444444444,69.2,38.4,76.80099916603422,78.36318932209343,62.73442226255295,81.4900419702249,64.77932636469221,98.20075757575758,72.62222222222222,99.15555555555555,46.08888888888889,4500.0,1.842728E7
4600.0,322.961747043,0.0015334998083921894,4600.0,72.67391304347825,45.34782608695651,69.07749077490774,38.682926829268276,76.83015534657608,78.39092315626611,62.843629914277265,81.49062816117258,64.82797839067386,98.15327793167128,72.67391304347827,99.1304347826087,46.21739130434783,4600.0,1.8432576E7
4700.0,330.686613206,0.0015703425945810291,4700.0,72.70212765957447,45.39201363746187,68.94966118102613,38.87565507384468,76.80259547004394,78.39703653813773,62.92978907830107,81.40729891003585,64.88294314381271,97.931654676259,72.69092307667235,99.02169289663972,46.36015325670498,4700.0,1.843588E7
4800.0,338.356333576,0.001606928909583015,4800.0,72.75,45.48812284621042,68.8423058599333,39.13448115402514,76.78033594608038,78.4015852047556,63.092550790067726,81.29702089020843,64.95212038303694,97.64192139737992,72.7391098505399,98.87546855476884,46.602751146310965,4800.0,1.8439176E7
4900.0,345.830530365,0.001642587420611042,4900.0,72.81632653061224,45.63265306122448,68.76905041031652,39.45454545454545,76.82860750299461,78.43264248704662,63.24503311258278,81.30883766268799,65.00268384326355,97.61499148211243,72.81632653061224,98.85714285714286,46.775510204081634,4900.0,1.8441704E7
5000.0,353.543028546,0.0016793872768528588,5000.0,73.06,46.10885962346137,68.90581717451522,40.10671409515341,77.02110001959845,78.59526457969173,63.66333962773132,81.4491819655182,65.21624472573839,97.68211920529801,73.04966768794682,98.88044782087165,47.21888755502201,5000.0,1.8443928E7
5100.0,361.144715295,0.0017156639861069338,5100.0,73.07843137254902,46.14599670091067,68.78126421100502,40.278381905176175,76.997645568364,78.59036332449712,63.744388698177964,81.37356321358266,65.25116519937856,97.49596122778675,73.06834649263307,98.78479027832223,47.351902706943896,5100.0,1.8446768E7
5200.0,368.818402406,0.0017522883923466255,5200.0,73.13461538461539,46.269230769230774,68.71220604703248,40.5531914893617,77.03910408339041,78.61625593142506,63.8738039824153,81.38400890528025,65.29366895499619,97.47434885556433,73.13461538461539,98.76923076923076,47.5,5200.0,1.8448832E7
5300.0,376.429620016,0.0017886215009881468,5300.0,73.33962264150944,46.668992971236925,68.82171226831422,41.100458524385175,77.20247176988424,78.75507442489851,64.21878956697898,81.50673076923077,65.47500000000001,97.53846153846155,73.33001400213799,98.7929083364768,47.867119667799166,5300.0,1.8452312E7
5400.0,384.022331309,0.0018248710601331316,5400.0,73.48148148148148,46.95301574383015,68.8560243584167,41.52715394038383,77.30633430385147,78.84160756501183,64.48412698412697,81.56278066320121,65.6011802311286,97.52438109527381,73.47210884391068,98.7782302850796,48.165987402741756,5400.0,1.8454752E7
5500.0,391.73311233,0.0018616877615550767,5500.0,73.70909090909092,47.41818181818183,69.00321543408361,42.16000000000001,77.49419301957035,78.98255813953489,64.90291262135922,81.68908290768985,65.78692493946731,97.5912408759124,73.7090909090909,98.8,48.61818181818182,5500.0,1.845648E7
5600.0,399.238746943,0.0018975285067023822,5600.0,73.98214285714285,47.95504507943245,69.20963651732882,42.84032954099646,77.709574730405,79.16487916487917,65.36724506774422,81.84339217557253,66.03053435114504,97.65625,73.9732683639373,98.82184933952159,49.12468738835298,5600.0,1.8458312E7
5700.0,406.851726179,0.0019338855599713954,5700.0,74.08771929824562,48.16644071177637,69.21634014172572,43.17045017314352,77.78569682521356,79.22936295879623,65.56306831429237,81.88282472613459,66.12676056338029,97.63888888888889,74.0790426690111,98.80743598737286,49.35064935064935,5700.0,1.84602E7
5800.0,414.534933488,0.0019705838348710474,5800.0,74.22413793103448,48.44827586206897,69.27029804727647,43.58490566037736,77.8891704733025,79.30795847750865,65.82857142857144,81.9349466052709,66.24277456647398,97.6271186440678,74.22413793103448,98.79310344827587,49.6551724137931,5800.0,1.8463136E7
5900.0,422.18274094,0.002007118216522378,5900.0,74.27118644067797,48.53382721980264,69.2214111922141,43.756947017413836,77.90467955942954,79.33569289409202,65.91827570722945,81.92207242449325,66.30261660978385,97.54152823920266,74.26288701670634,98.74618773297186,49.779586300440826,5900.0,1.846576E7
5995.0,429.438661177,0.0020417863982972696,5995.0,74.37864887406171,48.75313269538914,69.24924924924925,44.08445576993083,77.98443238112324,79.3991416309013,66.12262902514337,81.96256946566713,66.39748766262899,97.52765126870527,74.37458583778354,98.73248832555038,50.01668335001669,5995.0,1.8468896E7
