learning evaluation instances,evaluation time (cpu seconds),model cost (RAM-Hours),classified instances,classifications correct (percent),Kappa Statistic (percent),Kappa Temporal Statistic (percent),Kappa M Statistic (percent),F1 Score (percent),F1 Score for class 0 (percent),F1 Score for class 1 (percent),Precision (percent),Precision for class 0 (percent),Precision for class 1 (percent),Recall (percent),Recall for class 0 (percent),Recall for class 1 (percent),model training instances,model serialized size (bytes),tree size (nodes),tree size (leaves),active learning leaves,tree depth,active leaf byte size estimate,inactive leaf byte size estimate,byte size estimate overhead
100.0,0.795462035,2.797051431124823E-9,100.0,100.0,?,?,?,?,100.0,?,?,100.0,?,?,100.0,?,100.0,13592.0,1.0,1.0,1.0,0.0,0.0,0.0,1.0
200.0,1.244778397,6.846799523414423E-9,200.0,97.0,0.0,-50.0,0.0,?,98.47715736040608,?,?,97.0,?,50.0,100.0,0.0,200.0,34840.0,1.0,1.0,1.0,0.0,0.0,0.0,1.0
300.0,1.584682891,9.975826457322886E-9,300.0,98.0,0.0,-50.00000000000042,0.0,?,98.98989898989899,?,?,98.0,?,50.0,100.0,0.0,300.0,35584.0,1.0,1.0,1.0,0.0,0.0,0.0,1.0
400.0,1.841201014,1.2351565360426903E-8,400.0,98.5,0.0,-50.0,0.0,?,99.24433249370279,?,?,98.5,?,50.0,100.0,0.0,400.0,35800.0,1.0,1.0,1.0,0.0,0.0,0.0,1.0
500.0,2.033557633,1.4168106425572187E-8,500.0,98.4,0.0,-33.33333333333333,0.0,?,99.19354838709677,?,?,98.4,?,50.0,100.0,0.0,500.0,36504.0,1.0,1.0,1.0,0.0,0.0,0.0,1.0
600.0,2.136955279,1.5186924050282686E-8,600.0,98.33333333333333,0.0,-25.00000000000063,0.0,?,99.15966386554621,?,?,98.33333333333333,?,50.0,100.0,0.0,600.0,38088.0,1.0,1.0,1.0,0.0,0.0,0.0,1.0
700.0,2.245432028,1.6432472799111985E-8,700.0,96.85714285714285,0.0,-83.33333333333377,0.0,?,98.4034833091437,?,?,96.85714285714285,?,50.0,100.0,0.0,700.0,44384.0,1.0,1.0,1.0,0.0,0.0,0.0,1.0
800.0,2.358456981,1.7916442814177524E-8,800.0,84.75,0.0,-838.461538461539,0.0,?,91.74560216508796,?,?,84.75,?,50.0,100.0,0.0,800.0,50752.0,1.0,1.0,1.0,0.0,0.0,0.0,1.0
900.0,2.463392023,1.9346317505312875E-8,900.0,77.66666666666666,0.0,-617.8571428571435,0.0,?,87.4296435272045,?,?,77.66666666666666,?,50.0,100.0,0.0,900.0,52672.0,1.0,1.0,1.0,0.0,0.0,0.0,1.0
1000.0,2.568128166,2.0789305606190527E-8,1000.0,74.3,0.0,-301.56250000000034,0.0,?,85.25530694205393,?,?,74.3,?,50.0,100.0,0.0,1000.0,53256.0,1.0,1.0,1.0,0.0,0.0,0.0,1.0
1100.0,2.668235455,2.2180744069115152E-8,1100.0,70.45454545454545,0.0,-238.5416666666666,0.0,?,82.66666666666667,?,?,70.45454545454545,?,50.0,100.0,0.0,1100.0,53728.0,1.0,1.0,1.0,0.0,0.0,0.0,1.0
1200.0,2.765766487,2.3537383173849016E-8,1200.0,70.08333333333333,0.0,-206.83760683760676,0.0,?,82.41058304752573,?,?,70.08333333333333,?,50.0,100.0,0.0,1200.0,53768.0,1.0,1.0,1.0,0.0,0.0,0.0,1.0
1300.0,2.880610485,2.514862806436088E-8,1300.0,67.76923076923077,0.0,-235.20000000000005,0.0,?,80.7886290692343,?,?,67.76923076923077,?,50.0,100.0,0.0,1300.0,54232.0,1.0,1.0,1.0,0.0,0.0,0.0,1.0
1400.0,2.977769703,2.652824668154534E-8,1400.0,65.85714285714286,0.0,-229.6551724137932,0.0,?,79.41429801894918,?,?,65.85714285714286,?,50.0,100.0,0.0,1400.0,54888.0,1.0,1.0,1.0,0.0,0.0,0.0,1.0
1500.0,3.079933673,2.7980199234154486E-8,1500.0,64.33333333333333,0.0,-198.88268156424593,0.0,?,78.29614604462475,?,?,64.33333333333333,?,50.0,100.0,0.0,1500.0,54936.0,1.0,1.0,1.0,0.0,0.0,0.0,1.0
1600.0,3.175561693,2.9345794085628454E-8,1600.0,62.875,0.0,-166.36771300448424,0.0,?,77.20644666155026,?,?,62.875,?,50.0,100.0,0.0,1600.0,55200.0,1.0,1.0,1.0,0.0,0.0,0.0,1.0
1700.0,3.266523923,3.0663774003034664E-8,1700.0,61.588235294117645,0.0,-172.08333333333326,0.0,?,76.22861303239898,?,?,61.588235294117645,?,50.0,100.0,0.0,1700.0,56008.0,1.0,1.0,1.0,0.0,0.0,0.0,1.0
1800.0,3.360071761,3.202580023818546E-8,1800.0,61.111111111111114,0.0,-146.47887323943655,0.0,?,75.86206896551725,?,?,61.111111111111114,?,50.0,100.0,0.0,1800.0,56280.0,1.0,1.0,1.0,0.0,0.0,0.0,1.0
1900.0,3.451972284,3.3389328611913245E-8,1900.0,59.578947368421055,0.0,-154.30463576158942,0.0,?,74.67018469656993,?,?,59.578947368421055,?,50.0,100.0,0.0,1900.0,57352.0,1.0,1.0,1.0,0.0,0.0,0.0,1.0
2000.0,3.544892673,3.4769719518085736E-8,2000.0,59.599999999999994,0.0,-141.9161676646706,0.0,?,74.68671679197995,?,?,59.599999999999994,?,50.0,100.0,0.0,2000.0,57424.0,1.0,1.0,1.0,0.0,0.0,0.0,1.0
2100.0,3.637081354,3.614687220990451E-8,2100.0,57.99999999999999,0.0,-137.73584905660383,0.0,?,73.41772151898734,?,?,57.99999999999999,?,50.0,100.0,0.0,2100.0,57744.0,1.0,1.0,1.0,0.0,0.0,0.0,1.0
2200.0,3.729169036,3.752994895938577E-8,2200.0,56.59090909090909,0.0,-139.9497487437186,0.0,?,72.27866473149493,?,?,56.59090909090909,?,50.0,100.0,0.0,2200.0,58056.0,1.0,1.0,1.0,0.0,0.0,0.0,1.0
2300.0,3.823984814,3.8960278734703443E-8,2300.0,55.869565217391305,0.0,-149.38574938574936,0.0,?,71.68758716875871,?,?,55.869565217391305,?,50.0,100.0,0.0,2300.0,58312.0,1.0,1.0,1.0,0.0,0.0,0.0,1.0
2400.0,3.916536059,4.036276819465268E-8,2400.0,55.50000000000001,0.0,-147.79582366589327,0.0,?,71.38263665594855,?,?,55.50000000000001,?,50.0,100.0,0.0,2400.0,58576.0,1.0,1.0,1.0,0.0,0.0,0.0,1.0
2500.0,4.008669977,4.176484473341662E-8,2500.0,55.279999999999994,0.0,-143.5729847494554,0.0,?,71.20041215868109,?,?,55.279999999999994,?,50.0,100.0,0.0,2500.0,58824.0,1.0,1.0,1.0,0.0,0.0,0.0,1.0
2600.0,4.105483653,4.3253765503083254E-8,2600.0,53.15384615384615,0.0,-165.35947712418303,0.0,?,69.4123556002009,?,?,53.15384615384615,?,50.0,100.0,0.0,2600.0,59448.0,1.0,1.0,1.0,0.0,0.0,0.0,1.0
2700.0,4.198021552,4.4682099029647395E-8,2700.0,51.18518518518519,0.0,-187.14596949891057,0.0,?,67.71190592846644,?,?,51.18518518518519,?,50.0,100.0,0.0,2700.0,59664.0,1.0,1.0,1.0,0.0,0.0,0.0,1.0
2800.0,4.290496895,4.61194191468238E-8,2800.0,50.535714285714285,2.297987610639083,-201.74291938997823,-0.21707670043416166,60.82115544454096,66.61846228006749,4.548587181254306,74.97289483194795,49.945789663895916,100.0,51.163610719322996,100.0,2.32722143864598,2800.0,60080.0,1.0,1.0,1.0,0.0,0.0,0.0,1.0
2900.0,4.406618908,4.793652994916671E-8,2900.0,52.241379310344826,8.385096001197056,-201.74291938997828,-0.21707670043416083,63.03777325153208,66.61846228006749,16.1114476075106,74.97289483194795,49.945789663895916,100.0,54.38076416337287,100.0,8.761528326745719,2900.0,60488.0,1.0,1.0,1.0,0.0,0.0,0.0,1.0
3000.0,4.503663928,4.9460541267552315E-8,3000.0,53.833333333333336,13.419678883903604,-201.74291938997814,-0.21707670043415359,64.8916724314456,66.61846228006749,25.175580767152887,74.97289483194795,49.945789663895916,100.0,57.200247218788626,100.0,14.400494437577255,3000.0,60704.0,1.0,1.0,1.0,0.0,0.0,0.0,1.0
3100.0,4.596681319,5.092649977438359E-8,3100.0,55.32258064516129,17.653002198732924,-201.7429193899782,-0.2170767004341552,66.46515035148911,66.61846228006749,32.47196489517308,74.97289483194795,49.945789663895916,100.0,59.69150174621654,100.0,19.383003492433062,3100.0,60920.0,1.0,1.0,1.0,0.0,0.0,0.0,1.0
3200.0,4.691776226,5.2439960704468606E-8,3200.0,56.53125,20.723914335093905,-200.43196544276464,-0.21613832853026757,67.32831510866097,66.5222623345367,38.04008908685969,74.28005418529668,49.945789663895916,98.61431870669746,61.56642237787151,99.56772334293949,23.56512141280353,3200.0,61520.0,1.0,1.0,1.0,0.0,0.0,0.0,1.0
3300.0,4.780020973,5.3845130029662206E-8,3300.0,56.84848484848485,21.10917226746999,-201.05708245243133,-0.21111893033074142,66.2016672306703,65.99808978032475,40.96185737976783,71.31435824658212,49.945789663895916,92.6829268292683,61.77301700074792,97.25545390570021,26.290580095795633,3300.0,61552.0,1.0,1.0,1.0,0.0,0.0,0.0,1.0
3400.0,4.869560463,5.38573605847545E-8,3400.0,57.94117647058824,23.584481897443535,-199.79035639413001,-0.2102312543798118,67.12831098350294,65.90367191225562,45.126630851880286,71.41839246227971,49.945789663895916,92.89099526066352,63.32443132960701,96.84653118430273,29.802331474911302,3400.0,528.0,3.0,2.0,2.0,1.0,0.0,0.0,1.0
3500.0,4.975976872,5.427053084147681E-8,3500.0,57.99999999999999,23.13130637037532,-202.46913580246905,0.13586956521738763,65.92686041103235,65.36286522148916,46.66182873730044,69.18012543012543,50.03607503607503,88.32417582417582,62.96582893834148,94.22554347826086,31.70611439842209,3500.0,15008.0,3.0,2.0,2.0,1.0,0.0,0.0,1.0
3600.0,5.076581532,5.469299294875935E-8,3600.0,58.75,24.23147242654875,-201.21703853955378,1.9801980198019733,66.26947467007071,65.66473988439306,48.347826086956516,69.25424568674265,50.5338078291815,87.9746835443038,63.53135313531353,93.72937293729373,33.33333333333333,3600.0,16232.0,3.0,2.0,2.0,1.0,0.0,0.0,1.0
3700.0,5.209688466,5.5663229536507284E-8,3700.0,59.7027027027027,25.68099151286542,-200.00000000000009,4.484304932735433,66.86412601716081,66.1981410111086,50.11709601873536,69.67285861713106,51.2280701754386,88.11764705882354,64.27307569170097,93.52978859705317,35.01636278634876,3700.0,28176.0,3.0,2.0,2.0,1.0,0.0,0.0,1.0
3800.0,5.301747254,5.6349883057733796E-8,3800.0,60.44736842105263,27.067717178940377,-190.15444015444027,5.173501577287061,67.39021510969012,66.26262626262626,52.20985691573927,69.85407066052227,51.42857142857142,88.27956989247312,65.09424557255876,93.1230283911672,37.06546275395034,3800.0,28832.0,3.0,2.0,2.0,1.0,0.0,0.0,1.0
3900.0,5.391232527,5.7018637488020795E-8,3900.0,61.282051282051285,28.26245052740316,-182.24299065420567,7.7580940745265785,67.85300674489876,66.82776801405976,53.50985221674877,70.20086895194643,52.17838765008577,88.22335025380711,65.65711017130104,92.91386682956629,38.400353513035796,3900.0,28888.0,3.0,2.0,2.0,1.0,0.0,0.0,1.0
4000.0,5.479738006,5.772769415436727E-8,4000.0,62.150000000000006,30.12732840640236,-182.99065420560737,7.513744654856458,68.72914566057607,66.76909569798067,56.03948896631823,70.68804055473738,52.106885919835555,89.26919518963923,66.8758923652698,92.91386682956629,40.837917900973345,4000.0,30968.0,3.0,2.0,2.0,1.0,0.0,0.0,1.0
4100.0,5.577117837,5.848205034706742E-8,4100.0,62.97560975609756,31.719788491298928,-182.68156424581002,7.832422586520954,69.45667532095658,66.84141546526867,58.089453340695755,71.09602990247025,52.20061412487206,89.99144568006844,67.8912182918652,92.89617486338798,42.88626172034244,4100.0,29944.0,5.0,3.0,3.0,2.0,0.0,0.0,1.0
4200.0,5.678085653,5.9590811047723726E-8,4200.0,63.523809523809526,32.59415698697642,-180.0731261425959,8.153477218225424,69.68373596609756,66.75347222222221,59.59915611814346,70.99773242630386,52.31292517006803,89.68253968253968,68.41749349335697,92.20623501199042,44.62875197472354,4200.0,42448.0,5.0,3.0,3.0,2.0,0.0,0.0,1.0
4300.0,5.776101379,6.061684611091598E-8,4300.0,64.37209302325581,34.159027397424566,-179.56204379562038,8.263473053892222,70.40674933652282,66.78230702515178,61.584754262788366,71.38622098919814,52.34534330387491,90.42709867452136,69.45379203570047,92.21556886227546,46.69201520912548,4300.0,40464.0,7.0,4.0,4.0,3.0,0.0,0.0,1.0
4400.0,5.870092715,6.167895264774148E-8,4400.0,64.5909090909091,34.23577193343299,-179.2114695340502,8.782201405152216,70.14470952432015,66.59519725557462,62.33075435203095,70.90157021354754,52.537212449255755,89.26592797783933,69.4038368520136,90.92505854800936,47.882615156017835,4400.0,43680.0,7.0,4.0,4.0,3.0,0.0,0.0,1.0
4500.0,5.974601759,6.320554522141401E-8,4500.0,64.8,34.35846356811847,-182.3529411764705,9.017805858701887,69.97123744641199,66.383701188455,63.059701492537314,70.53300721009434,52.64220801077079,88.42380640941792,69.4183455576122,89.83342906375647,49.00326205146792,4500.0,56464.0,9.0,5.0,5.0,4.0,0.0,0.0,1.0
4600.0,6.064827896,6.453153291234334E-8,4600.0,65.47826086956522,35.519874104513804,-182.5622775800712,9.101316542644538,70.50075257978,66.38441998306521,64.52189454870421,70.82075745637482,52.67047363117232,88.97104128157733,70.18362659055401,89.75386376645679,50.613389414651245,4600.0,56808.0,9.0,5.0,5.0,4.0,0.0,0.0,1.0
4700.0,6.162316109,6.597372885626018E-8,4700.0,65.61702127659575,35.43803481103095,-186.0176991150443,9.670206819452195,70.20108078751758,66.19246861924687,65.02164502164501,70.38983148000663,52.89200936141759,87.88765359859568,70.01333965976666,88.42929010620459,51.597389213328746,4700.0,57184.0,9.0,5.0,5.0,4.0,0.0,0.0,1.0
4800.0,6.252756663,6.733562352776322E-8,4800.0,65.89583333333333,35.746282204134104,-183.70883882149042,9.807162534435268,70.21840290010776,66.04438913088572,65.74597196066122,70.26521093821276,52.96074517631404,87.56967670011149,70.17165718399158,87.71349862258954,52.629815745393635,4800.0,58208.0,9.0,5.0,5.0,4.0,0.0,0.0,1.0
4900.0,6.358786341,6.897505699022158E-8,4900.0,66.26530612244898,36.25148633984032,-183.53344768439118,9.721463681048604,70.37833911466383,65.89643078192697,66.62628709872803,70.26527310817889,52.95092838196287,87.57961783439491,70.49176958357558,87.2200983069361,53.76344086021505,4900.0,59768.0,9.0,5.0,5.0,4.0,0.0,0.0,1.0
5000.0,6.462943837,7.05984766259976E-8,5000.0,66.74,36.93493627053464,-181.38747884940784,9.570418705818382,70.64689073056299,65.76075766934323,67.66478708924753,70.35297465125159,52.91583830351227,87.79011099899093,70.94327291956638,86.84067427949972,55.04587155963303,5000.0,60248.0,9.0,5.0,5.0,4.0,0.0,0.0,1.0
5100.0,6.554398334,7.204567136630212E-8,5100.0,67.25490196078432,37.6933867934853,-181.6188870151769,9.827213822894187,70.96671003531146,65.76465764657645,68.62081924088689,70.52485020532436,53.00727032385988,88.04243008678881,71.41414154847907,86.60907127429806,56.2192118226601,5100.0,61168.0,9.0,5.0,5.0,4.0,0.0,0.0,1.0
5200.0,6.648715777,7.353934115152189E-8,5200.0,67.84615384615384,38.6110784747892,-180.06700167504198,9.913793103448267,71.40705424226698,65.79378068739771,69.66618287373004,70.7975932002064,53.03430079155673,88.56088560885608,72.02709948853325,86.63793103448276,57.41626794258373,5200.0,61216.0,9.0,5.0,5.0,4.0,0.0,0.0,1.0
5300.0,6.742672724,7.502730189750389E-8,5300.0,68.37735849056604,39.39339356058559,-177.9436152570481,9.989258861439318,71.76796042561169,65.79591836734694,70.59649122807016,71.00452913260796,53.06122448979592,88.94783377541998,72.54798677071636,86.57357679914071,58.522396742292024,5300.0,61216.0,9.0,5.0,5.0,4.0,0.0,0.0,1.0
5400.0,6.839804013,7.657236829897807E-8,5400.0,68.57407407407408,39.56323127184319,-178.65353037766835,9.925690021231436,71.778989735149,65.65472576401538,71.03601297149685,70.93815457649097,53.05855413804383,88.81775501493811,72.63999695658791,86.09341825902335,59.18657565415245,5400.0,61488.0,9.0,5.0,5.0,4.0,0.0,0.0,1.0
5500.0,6.937745799,7.814694873999602E-8,5500.0,68.98181818181818,40.109295588806745,-177.39837398373987,10.115911485774493,72.00388419442353,65.64639548932743,71.72688100762348,71.05466873670487,53.12907431551499,88.98026315789474,72.97880407149991,85.87987355110643,60.077734591893396,5500.0,62144.0,9.0,5.0,5.0,4.0,0.0,0.0,1.0
5600.0,7.036814064,7.974497008129752E-8,5600.0,69.5,40.82067019749542,-176.82333873581842,10.105263157894727,72.33036732446838,65.61996779388085,72.59306803594352,71.23278360325513,53.12907431551499,89.33649289099526,73.46230440967283,85.78947368421052,61.13513513513513,5600.0,62352.0,9.0,5.0,5.0,4.0,0.0,0.0,1.0
5700.0,7.148466827,8.155915715581846E-8,5700.0,69.82456140350877,41.18623124321291,-174.32216905901123,10.55642225689025,72.43077106641745,65.61375449820073,73.11659893716785,71.26863632595499,53.29652484572913,89.24074780618085,73.63143453458551,85.33541341653667,61.927455652634364,5700.0,62808.0,9.0,5.0,5.0,4.0,0.0,0.0,1.0
5800.0,7.249185328,8.319609604802608E-8,5800.0,70.1896551724138,41.633176837936226,-170.57902973395923,10.830324909747297,72.59809232183154,65.60572906305947,73.69542066027688,71.35352186406223,53.40025906735752,89.30678466076697,73.88684987962965,85.0438370293966,62.72986272986273,5800.0,62824.0,9.0,5.0,5.0,4.0,0.0,0.0,1.0
5900.0,7.349955932,8.48676677279775E-8,5900.0,70.55932203389831,42.17674485366654,-168.4698608964451,11.692933401118468,72.82435354587466,65.80035440047254,74.15563160244011,71.53922152596697,53.695372750642676,89.38307030129124,74.15650245320352,84.9517031011693,63.36130180523774,5900.0,64120.0,9.0,5.0,5.0,4.0,0.0,0.0,1.0
6000.0,7.476334632,8.718189823294063E-8,6000.0,70.93333333333334,42.69866297975496,-165.44901065448997,12.229491696024182,73.0472476418293,65.91086786551995,74.6658919233004,71.69943892924684,53.8830297219559,89.51584813653778,74.44669945977034,84.8515349773528,64.04186394218789,6000.0,70784.0,11.0,6.0,6.0,5.0,0.0,0.0,1.0
6100.0,7.581721621,8.927945744246663E-8,6100.0,71.18032786885246,43.10520841103635,-161.99701937406863,13.270843611248145,73.20965438972192,66.16628175519631,74.90005711022273,71.86794108182313,54.24424108551593,89.49164107813033,74.60241805597427,84.80513073507647,64.39970537687209,6100.0,76936.0,11.0,6.0,6.0,5.0,0.0,0.0,1.0
6200.0,7.673844228,9.113932110635569E-8,6200.0,71.3225806451613,43.21393781638748,-158.0551523947751,13.898305084745758,73.1769008603999,66.18486116394067,75.10501260151219,71.84304583802842,54.4942060757908,89.19188560026605,74.56122218936557,84.26150121065376,64.86094316807738,6200.0,78040.0,11.0,6.0,6.0,5.0,0.0,0.0,1.0
6300.0,7.764061535,9.297229494507533E-8,6300.0,71.63492063492065,43.73557293550169,-155.65092989985698,14.783023366714367,73.41655309220468,66.44131455399062,75.43642611683849,72.06232574349443,54.80173482032218,89.32291666666666,74.82265375539035,84.35860753457321,65.28669997620747,6300.0,78536.0,11.0,6.0,6.0,5.0,0.0,0.0,1.0
6400.0,7.860414116,9.49303199287608E-8,6400.0,72.03125,44.362048428524126,-153.18246110325316,15.526191599811229,73.71175437586113,66.66666666666667,75.9084791386272,72.30611017505521,55.05998154414027,89.55223880597015,75.17313405293251,84.47380840018877,65.87245970567625,6400.0,78552.0,11.0,6.0,6.0,5.0,0.0,0.0,1.0
6500.0,7.968726612,9.717622066199992E-8,6500.0,72.35384615384616,44.89051232644558,-151.6806722689076,16.612529002320205,73.93460519887289,66.94868493654589,76.23958746529155,72.52189940118218,55.45399146861669,89.58980733374767,75.40344263214244,84.45475638051045,66.35212888377445,6500.0,80152.0,11.0,6.0,6.0,5.0,0.0,0.0,1.0
6600.0,8.084769506,9.960018619793784E-8,6600.0,72.51515151515152,45.119804616163165,-151.24653739612197,17.168949771689476,74.01028830574063,67.05412277515438,76.42318689888225,72.59722542605225,55.66948130277443,89.52496954933008,75.47945205479452,84.29223744292239,66.66666666666666,6600.0,80744.0,11.0,6.0,6.0,5.0,0.0,0.0,1.0
6700.0,8.193854614,1.0189755215106538E-7,6700.0,72.86567164179104,45.7040804181917,-148.70041039671685,18.21862348178137,74.2694669708405,67.34913793103448,76.78753830439223,72.84061670888107,56.05381165919282,89.6274217585693,75.75549585118964,84.34547908232119,67.16551262005808,6700.0,81408.0,11.0,6.0,6.0,5.0,0.0,0.0,1.0
6800.0,8.284894828,1.0381488708196214E-7,6800.0,73.26470588235294,46.341444358937295,-146.00811907983766,18.947837717342843,74.57215724318287,67.58202567760343,77.25225225225226,73.09200153130413,56.315007429420504,89.86899563318778,76.11350006471747,84.48506464556398,67.74193548387096,6800.0,81408.0,11.0,6.0,6.0,5.0,0.0,0.0,1.0
6900.0,8.374652167,1.0570557579506816E-7,6900.0,73.65217391304347,46.85780155619768,-145.34412955465598,19.02004454342984,74.81821658762036,67.60513186029937,77.79677576941867,73.24548524661742,56.34095634095634,90.15001415227852,76.45996952291642,84.49888641425389,68.42105263157895,6900.0,81424.0,11.0,6.0,6.0,5.0,0.0,0.0,1.0
7000.0,8.464027779,1.0760394628362737E-7,7000.0,73.9,47.26384768311432,-143.92523364485984,19.833260201842922,74.98765743680885,67.81750924784217,78.04878048780488,73.41154887792047,56.650971159505595,90.17212659633536,76.6329273505485,84.46687143483985,68.79898326625715,7000.0,82104.0,11.0,6.0,6.0,5.0,0.0,0.0,1.0
7100.0,8.552445949,1.095011943848618E-7,7100.0,74.19718309859155,47.69472687955085,-143.61702127659575,20.069808027923187,75.19742287570045,67.90469516468114,78.4267545925577,73.56195027805536,56.733021077283375,90.39087947882736,76.90727060483836,84.55497382198953,69.2595673876872,7100.0,82944.0,11.0,6.0,6.0,5.0,0.0,0.0,1.0
7200.0,8.637403809,1.1132999465469899E-7,7200.0,74.54166666666666,48.20347178341974,-143.42629482071712,20.477223427331865,75.43968373500736,68.03836094158675,78.8459319099827,73.74527302395,56.880466472303205,90.61007957559681,77.213788916487,84.64208242950109,69.78549540347294,7200.0,83208.0,11.0,6.0,6.0,5.0,0.0,0.0,1.0
7300.0,8.742695096,1.139381767995739E-7,7300.0,74.54794520547945,48.23368054126973,-145.44253632760896,20.496362858365423,75.46314198323019,68.06462701959438,78.84308813482123,73.76610498964979,56.88020683711578,90.65200314218382,77.24010049203645,84.7240051347882,69.75619584928471,7300.0,95752.0,13.0,7.0,7.0,6.0,0.0,0.0,1.0
7400.0,8.82851406,1.1606613920936988E-7,7400.0,74.87837837837837,48.642060631383885,-145.5746367239102,20.4535729567822,75.65840450990642,68.05293005671076,79.30074601937423,73.87603980391829,56.86387133831131,90.88820826952528,77.52889966397716,84.7240051347882,70.33379419316611,7400.0,95848.0,13.0,7.0,7.0,6.0,0.0,0.0,1.0
7500.0,8.929718881,1.1858398666383706E-7,7500.0,75.21333333333334,49.067280068186456,-144.92753623188418,20.521590423257788,75.86034665419666,68.07487549373175,79.74283534924267,73.99959576161486,56.888633754305395,91.11055776892431,77.81709004265308,84.73706712270202,70.89711296260415,7500.0,96168.0,13.0,7.0,7.0,6.0,0.0,0.0,1.0
7600.0,9.016005467,1.2073265174337774E-7,7600.0,75.5,49.397495063008904,-145.32279314888004,20.393330483112447,76.02036464734647,68.03982148987299,80.13654789844252,74.0799472543324,56.83969027817608,91.3202042304887,78.06516918195545,84.73706712270202,71.3932712412089,7600.0,96256.0,13.0,7.0,7.0,6.0,0.0,0.0,1.0
7700.0,9.104268632,1.2293181528671755E-7,7700.0,75.80519480519482,49.75628905374923,-145.45454545454552,20.350577169730673,76.19178906191908,68.02814484297238,80.53901598245065,74.1738055098147,56.82339449541285,91.52421652421653,78.3226465999632,84.73706712270202,71.9082260772244,7700.0,96312.0,13.0,7.0,7.0,6.0,0.0,0.0,1.0
7800.0,9.189154097,1.2504682011333404E-7,7800.0,76.11538461538461,50.12174202443518,-145.45454545454538,20.350577169730652,76.36526655269982,68.02814484297238,80.93727616903715,74.27208685809603,56.82339449541285,91.72077922077922,78.57985017003072,84.73706712270202,72.42263321735946,7800.0,96312.0,13.0,7.0,7.0,6.0,0.0,0.0,1.0
7900.0,9.273022451,1.271364826192811E-7,7900.0,76.39240506329114,50.43044281038714,-145.71805006587613,20.265070542967063,76.51381145920212,68.00480356836506,81.29575769732223,74.34779642516031,56.79083094555873,91.9047619047619,78.80982109956356,84.73706712270202,72.8825750764251,7900.0,96312.0,13.0,7.0,7.0,6.0,0.0,0.0,1.0
8000.0,9.355956301,1.2920337596030085E-7,8000.0,76.625,50.66351959723491,-146.3768115942028,20.051303976058154,76.62949864071622,67.94652039766885,81.60535117056855,74.39252840985775,56.70958512160229,92.0754716981132,79.00517019798765,84.73706712270202,73.27327327327328,8000.0,96336.0,13.0,7.0,7.0,6.0,0.0,0.0,1.0
8100.0,9.44008938,1.3130137557293812E-7,8100.0,76.91358024691358,50.98976599530379,-146.3768115942028,20.051303976058165,76.78419675285764,67.94652039766885,81.96025467875748,74.47857106242981,56.70958512160229,92.24755700325733,79.23713276287852,84.73706712270202,73.73719840305503,8100.0,96392.0,13.0,7.0,7.0,6.0,0.0,0.0,1.0
8200.0,9.521332495,1.33328486068522E-7,8200.0,77.19512195121952,51.303923663962145,-146.37681159420296,20.05130397605816,76.93311758484207,67.94652039766885,82.3017225061518,74.56095621648659,56.70958512160229,92.41232731137087,79.46117986744213,84.73706712270202,74.18529261218222,8200.0,96448.0,13.0,7.0,7.0,6.0,0.0,0.0,1.0
8300.0,9.603322468,1.3537457091630754E-7,8300.0,77.46987951807229,51.60665228470792,-146.37681159420276,20.051303976058165,77.07657998497011,67.94652039766885,82.6305034367453,74.63991222781468,56.70958512160229,92.57023933402706,79.67770987405022,84.73706712270202,74.61835262539842,8300.0,96464.0,13.0,7.0,7.0,6.0,0.0,0.0,1.0
8400.0,9.685950439,1.374476926751746E-7,8400.0,77.69047619047619,51.817640162593726,-146.90382081686448,19.880290722531,77.1805701400999,67.89996574169236,82.9045794563036,74.68026396791947,56.644755644469846,92.7157722913691,79.85409699972752,84.73706712270202,74.97112687675302,8400.0,96984.0,13.0,7.0,7.0,6.0,0.0,0.0,1.0
8500.0,9.76764443,1.394978882575222E-7,8500.0,77.95294117647059,52.09997222044971,-146.90382081686417,19.880290722530994,77.31429073484743,67.89996574169236,83.2108941049991,74.75309167946348,56.644755644469846,92.86142771445711,80.05722046282804,84.73706712270202,75.37737380295407,8500.0,97008.0,13.0,7.0,7.0,6.0,0.0,0.0,1.0
8600.0,9.848925703,1.415419317575462E-7,8600.0,78.2093023255814,52.37256238297715,-146.9038208168643,19.88029072253102,77.44336656055712,67.89996574169236,83.50642492518922,74.82306396220748,56.644755644469846,93.0013722799451,80.25385539492392,84.73706712270202,75.77064366714582,8600.0,97208.0,13.0,7.0,7.0,6.0,0.0,0.0,1.0
8700.0,9.937346565,1.4378436868590618E-7,8700.0,78.45977011494253,52.63590631625251,-146.90382081686434,19.88029072253101,77.56803620973739,67.89996574169236,83.7917315343366,74.89034552075444,56.644755644469846,93.13593539703902,80.44430781068289,84.73706712270202,76.15154849866373,8700.0,98032.0,13.0,7.0,7.0,6.0,0.0,0.0,1.0
8800.0,10.027807782,1.4609371569559604E-7,8800.0,78.68181818181819,52.898977653776335,-145.87155963302757,20.000000000000018,77.69383922152497,67.94258373205741,84.03132448076269,74.9709347599907,56.68662674650699,93.25524277347441,80.62198688971871,84.77611940298507,76.46785437645237,8800.0,98680.0,13.0,7.0,7.0,6.0,0.0,0.0,1.0
8900.0,10.130272282,1.4874257108852066E-7,8900.0,78.91011235955057,53.174533054345844,-145.35947712418294,20.1616333475117,77.82450480173284,67.99658994032396,84.27314620863008,75.05807759360943,56.74445076835515,93.37170441886371,80.80266101194809,84.81497235219055,76.7903496717056,8900.0,99928.0,13.0,7.0,7.0,6.0,0.0,0.0,1.0
9000.0,10.221865995,1.5135702222557331E-7,9000.0,79.12222222222223,53.37567707416619,-145.6209150326798,20.076563164610832,77.921604095447,67.97341060167035,84.51331080524191,75.10116304832178,56.71217292377702,93.49015317286651,80.96215605126447,84.81497235219055,77.1093397503384,9000.0,110336.0,13.0,7.0,7.0,6.0,0.0,0.0,1.0
9100.0,10.337550096,1.546593488689844E-7,9100.0,79.32967032967034,53.56974604207251,-145.88235294117635,19.991492981709925,78.01533067036267,67.95024706082808,84.7457627118644,75.14218731572224,56.67993177942012,93.60444285202436,81.11692461141902,84.81497235219055,77.4188768706475,9100.0,110344.0,13.0,7.0,7.0,6.0,0.0,0.0,1.0
9200.0,10.424336517,1.5713999331284528E-7,9200.0,79.53260869565217,53.75707113524687,-146.14379084967305,19.90642279880901,78.10584340633451,67.92709930165218,84.9708675871977,75.18125800256081,56.64772727272728,93.71478873239437,81.26717372172237,84.81497235219055,77.7193750912542,9200.0,110488.0,13.0,7.0,7.0,6.0,0.0,0.0,1.0
9300.0,10.535279692,1.6040548724481844E-7,9300.0,79.44086021505376,53.44143165869535,-145.75835475578413,19.73131821998321,77.8873275598761,67.6917877661372,84.9235136413815,75.0353163338682,56.64592760180995,93.42470506592645,80.96470857246057,84.08900083963057,77.84041630529055,9300.0,113776.0,13.0,7.0,7.0,6.0,0.0,0.0,1.0
9324.0,10.575309573,1.6158372406292923E-7,9324.0,79.48305448305449,53.505639282953844,-144.62915601023016,19.857561793045654,77.91405066001083,67.72397502952589,84.96187406650421,75.06253369904118,56.69491525423729,93.43015214384509,80.99077284162405,84.08043569333891,77.90110998990917,9324.0,113776.0,13.0,7.0,7.0,6.0,0.0,0.0,1.0
