learning evaluation instances,evaluation time (cpu seconds),model cost (RAM-Hours),classified instances,classifications correct (percent),Kappa Statistic (percent),Kappa Temporal Statistic (percent),Kappa M Statistic (percent),F1 Score (percent),F1 Score for class 0 (percent),F1 Score for class 1 (percent),Precision (percent),Precision for class 0 (percent),Precision for class 1 (percent),Recall (percent),Recall for class 0 (percent),Recall for class 1 (percent),model training instances,model serialized size (bytes),tree size (nodes),tree size (leaves),active learning leaves,tree depth,active leaf byte size estimate,inactive leaf byte size estimate,byte size estimate overhead
100.0,12.820689252,8.796635238988847E-6,100.0,100.0,?,?,?,?,100.0,?,?,100.0,?,?,100.0,?,100.0,2652208.0,1.0,1.0,1.0,0.0,0.0,0.0,1.0
200.0,25.416905415,2.3761190849537998E-5,200.0,97.0,0.0,-50.0,0.0,?,98.47715736040608,?,?,97.0,?,50.0,100.0,0.0,200.0,4592256.0,1.0,1.0,1.0,0.0,0.0,0.0,1.0
300.0,39.11283181,4.096877679607438E-5,300.0,98.0,0.0,-50.00000000000042,0.0,?,98.98989898989899,?,?,98.0,?,50.0,100.0,0.0,300.0,4856584.0,1.0,1.0,1.0,0.0,0.0,0.0,1.0
400.0,52.976278423,5.923634427877155E-5,400.0,98.5,0.0,-50.0,0.0,?,99.24433249370279,?,?,98.5,?,50.0,100.0,0.0,400.0,5093448.0,1.0,1.0,1.0,0.0,0.0,0.0,1.0
500.0,67.005527415,7.860975411205266E-5,500.0,98.4,0.0,-33.33333333333333,0.0,?,99.19354838709677,?,?,98.4,?,50.0,100.0,0.0,500.0,5337944.0,1.0,1.0,1.0,0.0,0.0,0.0,1.0
600.0,81.230008334,9.874283770659116E-5,600.0,98.33333333333333,0.0,-25.00000000000063,0.0,?,99.15966386554621,?,?,98.33333333333333,?,50.0,100.0,0.0,600.0,5471120.0,1.0,1.0,1.0,0.0,0.0,0.0,1.0
700.0,95.568530773,1.1978066497189975E-4,700.0,96.85714285714285,0.0,-83.33333333333377,0.0,?,98.4034833091437,?,?,96.85714285714285,?,50.0,100.0,0.0,700.0,5671512.0,1.0,1.0,1.0,0.0,0.0,0.0,1.0
800.0,110.538733632,1.433290682598332E-4,800.0,84.75,0.0,-838.461538461539,0.0,?,91.74560216508796,?,?,84.75,?,50.0,100.0,0.0,800.0,6080456.0,1.0,1.0,1.0,0.0,0.0,0.0,1.0
900.0,125.61107803,1.6812618215920848E-4,900.0,77.66666666666666,0.0,-617.8571428571435,0.0,?,87.4296435272045,?,?,77.66666666666666,?,50.0,100.0,0.0,900.0,6359496.0,1.0,1.0,1.0,0.0,0.0,0.0,1.0
1000.0,140.784753872,1.9351175653349435E-4,1000.0,74.3,0.0,-301.56250000000034,0.0,?,85.25530694205393,?,?,74.3,?,50.0,100.0,0.0,1000.0,6466936.0,1.0,1.0,1.0,0.0,0.0,0.0,1.0
1100.0,156.134609936,2.19588960086861E-4,1100.0,70.45454545454545,0.0,-238.5416666666666,0.0,?,82.66666666666667,?,?,70.45454545454545,?,50.0,100.0,0.0,1100.0,6566880.0,1.0,1.0,1.0,0.0,0.0,0.0,1.0
1200.0,171.464796186,2.4590195478617826E-4,1200.0,70.08333333333333,0.0,-206.83760683760676,0.0,?,82.41058304752573,?,?,70.08333333333333,?,50.0,100.0,0.0,1200.0,6634760.0,1.0,1.0,1.0,0.0,0.0,0.0,1.0
1300.0,186.900080309,2.7263444924607985E-4,1300.0,67.76923076923077,0.0,-235.20000000000005,0.0,?,80.7886290692343,?,?,67.76923076923077,?,50.0,100.0,0.0,1300.0,6694640.0,1.0,1.0,1.0,0.0,0.0,0.0,1.0
1400.0,202.322774125,2.996162894666914E-4,1400.0,65.85714285714286,0.0,-229.6551724137932,0.0,?,79.41429801894918,?,?,65.85714285714286,?,50.0,100.0,0.0,1400.0,6762600.0,1.0,1.0,1.0,0.0,0.0,0.0,1.0
1500.0,217.811189786,3.2697631225830573E-4,1500.0,64.33333333333333,0.0,-198.88268156424593,0.0,?,78.29614604462475,?,?,64.33333333333333,?,50.0,100.0,0.0,1500.0,6828288.0,1.0,1.0,1.0,0.0,0.0,0.0,1.0
1600.0,233.367122893,3.5451397236685244E-4,1600.0,62.875,0.0,-166.36771300448424,0.0,?,77.20644666155026,?,?,62.875,?,50.0,100.0,0.0,1600.0,6842792.0,1.0,1.0,1.0,0.0,0.0,0.0,1.0
1700.0,248.927552997,3.821510846543501E-4,1700.0,61.588235294117645,0.0,-172.08333333333326,0.0,?,76.22861303239898,?,?,61.588235294117645,?,50.0,100.0,0.0,1700.0,6865520.0,1.0,1.0,1.0,0.0,0.0,0.0,1.0
1800.0,264.527650461,4.100645711653942E-4,1800.0,61.111111111111114,0.0,-146.47887323943655,0.0,?,75.86206896551725,?,?,61.111111111111114,?,50.0,100.0,0.0,1800.0,6916544.0,1.0,1.0,1.0,0.0,0.0,0.0,1.0
1900.0,280.206368287,4.3819690333273816E-4,1900.0,59.578947368421055,0.0,-154.30463576158942,0.0,?,74.67018469656993,?,?,59.578947368421055,?,50.0,100.0,0.0,1900.0,6935816.0,1.0,1.0,1.0,0.0,0.0,0.0,1.0
2000.0,295.894063262,4.664601152620338E-4,2000.0,59.599999999999994,0.0,-141.9161676646706,0.0,?,74.68671679197995,?,?,59.599999999999994,?,50.0,100.0,0.0,2000.0,6964096.0,1.0,1.0,1.0,0.0,0.0,0.0,1.0
2100.0,311.661893047,4.949605734573592E-4,2100.0,57.99999999999999,0.0,-137.73584905660383,0.0,?,73.41772151898734,?,?,57.99999999999999,?,50.0,100.0,0.0,2100.0,6986864.0,1.0,1.0,1.0,0.0,0.0,0.0,1.0
2200.0,327.468420773,5.235995454761789E-4,2200.0,56.59090909090909,0.0,-139.9497487437186,0.0,?,72.27866473149493,?,?,56.59090909090909,?,50.0,100.0,0.0,2200.0,7003632.0,1.0,1.0,1.0,0.0,0.0,0.0,1.0
2300.0,343.209186214,5.521789175353424E-4,2300.0,55.869565217391305,0.0,-149.38574938574936,0.0,?,71.68758716875871,?,?,55.869565217391305,?,50.0,100.0,0.0,2300.0,7018256.0,1.0,1.0,1.0,0.0,0.0,0.0,1.0
2400.0,359.019538667,5.809586163351598E-4,2400.0,55.50000000000001,0.0,-147.79582366589327,0.0,?,71.38263665594855,?,?,55.50000000000001,?,50.0,100.0,0.0,2400.0,7036344.0,1.0,1.0,1.0,0.0,0.0,0.0,1.0
2500.0,374.852604039,6.09820357733263E-4,2500.0,55.279999999999994,0.0,-143.5729847494554,0.0,?,71.20041215868109,?,?,55.279999999999994,?,50.0,100.0,0.0,2500.0,7046280.0,1.0,1.0,1.0,0.0,0.0,0.0,1.0
2600.0,390.794910267,6.39085334515688E-4,2600.0,53.15384615384615,0.0,-165.35947712418303,0.0,?,69.4123556002009,?,?,53.15384615384615,?,50.0,100.0,0.0,2600.0,7095768.0,1.0,1.0,1.0,0.0,0.0,0.0,1.0
2700.0,406.739241311,6.685714221908853E-4,2700.0,51.18518518518519,0.0,-187.14596949891057,0.0,?,67.71190592846644,?,?,51.18518518518519,?,50.0,100.0,0.0,2700.0,7148472.0,1.0,1.0,1.0,0.0,0.0,0.0,1.0
2800.0,422.60170934,6.979699390614519E-4,2800.0,50.535714285714285,2.297987610639083,-201.74291938997823,-0.21707670043416166,60.82115544454096,66.61846228006749,4.548587181254306,74.97289483194795,49.945789663895916,100.0,51.163610719322996,100.0,2.32722143864598,2800.0,7164024.0,1.0,1.0,1.0,0.0,0.0,0.0,1.0
2900.0,438.219070867,7.26975408158163E-4,2900.0,52.241379310344826,8.385096001197056,-201.74291938997828,-0.21707670043416083,63.03777325153208,66.61846228006749,16.1114476075106,74.97289483194795,49.945789663895916,100.0,54.38076416337287,100.0,8.761528326745719,2900.0,7179176.0,1.0,1.0,1.0,0.0,0.0,0.0,1.0
3000.0,453.889092106,7.561318988108154E-4,3000.0,53.833333333333336,13.419678883903604,-201.74291938997814,-0.21707670043415359,64.8916724314456,66.61846228006749,25.175580767152887,74.97289483194795,49.945789663895916,100.0,57.200247218788626,100.0,14.400494437577255,3000.0,7192304.0,1.0,1.0,1.0,0.0,0.0,0.0,1.0
3100.0,469.597109178,7.856614240079189E-4,3100.0,55.32258064516129,17.653002198732924,-201.7429193899782,-0.2170767004341552,66.46515035148911,66.61846228006749,32.47196489517308,74.97289483194795,49.945789663895916,100.0,59.69150174621654,100.0,19.383003492433062,3100.0,7266704.0,1.0,1.0,1.0,0.0,0.0,0.0,1.0
3200.0,485.233029469,8.152060510415917E-4,3200.0,56.53125,20.723914335093905,-200.43196544276464,-0.21613832853026757,67.32831510866097,66.5222623345367,38.04008908685969,74.28005418529668,49.945789663895916,98.61431870669746,61.56642237787151,99.56772334293949,23.56512141280353,3200.0,7303944.0,1.0,1.0,1.0,0.0,0.0,0.0,1.0
3300.0,500.861049675,8.447976566937378E-4,3300.0,56.84848484848485,21.10917226746999,-201.05708245243133,-0.21111893033074142,66.2016672306703,65.99808978032475,40.96185737976783,71.31435824658212,49.945789663895916,92.6829268292683,61.77301700074792,97.25545390570021,26.290580095795633,3300.0,7319256.0,1.0,1.0,1.0,0.0,0.0,0.0,1.0
3400.0,516.542514772,8.447997986874301E-4,3400.0,57.94117647058824,23.584481897443535,-199.79035639413001,-0.2102312543798118,67.12831098350294,65.90367191225562,45.126630851880286,71.41839246227971,49.945789663895916,92.89099526066352,63.32443132960701,96.84653118430273,29.802331474911302,3400.0,528.0,3.0,2.0,2.0,1.0,0.0,0.0,1.0
3500.0,532.514067353,8.588219493828233E-4,3500.0,58.77142857142857,24.86150594175068,-196.91358024691345,1.9701086956521867,67.69943726009106,66.40279394644935,46.6543438077634,71.85947777566739,50.51363797378675,93.205317577548,63.99469921104537,96.875,31.114398422090726,3500.0,3393672.0,3.0,2.0,2.0,1.0,0.0,0.0,1.0
3600.0,547.692301245,8.724216562659831E-4,3600.0,58.333333333333336,24.158475079738935,-204.25963488843814,0.9900990099009866,67.42893502094987,66.2009914375845,45.69152787834902,71.73095163858585,50.25658569962368,93.205317577548,63.61374266923095,96.96369636963696,30.26378896882494,3600.0,3463464.0,3.0,2.0,2.0,1.0,0.0,0.0,1.0
3700.0,562.820392318,8.862513924050087E-4,3700.0,57.97297297297297,23.479986827944536,-212.87726358148907,0.38436899423446114,67.05830745728018,66.0257810793096,44.916755224938,71.39476398777668,50.09946949602122,92.69005847953217,63.21847187418669,96.79692504804612,29.640018700327253,3700.0,3533720.0,3.0,2.0,2.0,1.0,0.0,0.0,1.0
3800.0,578.012242446,9.003949376792792E-4,3800.0,58.131578947368425,23.81497237791847,-207.1428571428572,-0.3785488958990441,66.73509275543483,65.57022289547716,46.592816381336014,70.36944105291477,49.90118577075099,90.83769633507853,63.45771232847448,95.58359621451105,31.331828442437924,3800.0,3598736.0,3.0,2.0,2.0,1.0,0.0,0.0,1.0
3900.0,593.131859739,9.145894230523155E-4,3900.0,57.87179487179487,22.657491349255437,-207.10280373831787,-0.366524129505207,65.17466686660359,64.84057350738284,47.45762711864406,67.89040770019031,49.90118577075099,85.87962962962963,62.667838384939955,92.54734270006108,32.78833406981882,3900.0,3628952.0,3.0,2.0,2.0,1.0,0.0,0.0,1.0
4000.0,608.368958429,9.292777905712725E-4,4000.0,58.925000000000004,24.90975917193244,-207.10280373831762,-0.36652412950517915,66.27899098451897,64.84057350738284,50.61617072437632,68.62279205549997,49.90118577075099,87.34439834024896,64.09000651719093,92.54734270006108,35.63267033432078,4000.0,3726264.0,3.0,2.0,2.0,1.0,0.0,0.0,1.0
4100.0,623.591776461,9.441788828270318E-4,4100.0,59.68292682926829,26.331421535186518,-207.82122905027936,-0.36429872495446297,66.81593101146962,64.70211402946829,52.999715666761446,68.7475853665785,49.90118577075099,87.59398496240601,64.98986037690734,91.98542805100182,37.994292702812885,4100.0,3783776.0,3.0,2.0,2.0,1.0,0.0,0.0,1.0
4200.0,638.806786274,9.592034208902189E-4,4200.0,60.14285714285714,26.980827326294378,-206.03290676416813,-0.35971223021583165,66.84462596087796,64.41326530612244,54.7077922077922,68.37842793692188,49.90118577075099,86.85567010309279,65.37812404105152,90.82733812949641,39.92890995260663,4200.0,3817080.0,3.0,2.0,2.0,1.0,0.0,0.0,1.0
4300.0,654.087684946,9.744020674722317E-4,4300.0,61.02325581395349,28.614163057819493,-205.8394160583941,-0.35928143712573885,67.61022359463749,64.38589035274119,56.95942475603491,68.81926377145145,49.90118577075099,87.7373417721519,66.44293162723982,90.71856287425149,42.167300380228134,4300.0,3844664.0,3.0,2.0,2.0,1.0,0.0,0.0,1.0
4400.0,669.297348597,9.897001270074998E-4,4400.0,61.04545454545455,28.193182960753425,-207.16845878136198,-0.3512880562060841,66.97600687446325,63.87015177065767,57.74161735700197,67.87581282672447,49.90118577075099,85.85043988269796,66.09974562499347,88.70023419203747,43.49925705794948,4400.0,3887936.0,3.0,2.0,2.0,1.0,0.0,0.0,1.0
4500.0,684.548730869,0.0010052113842129882,4500.0,61.17777777777778,28.04216473772254,-211.40819964349367,-0.3446295232625123,66.58236060553875,63.428930290977604,58.63130475964954,67.2320136504028,49.90118577075099,84.56284153005464,65.945142407939,87.01895462377944,44.87133019209858,4500.0,3931336.0,3.0,2.0,2.0,1.0,0.0,0.0,1.0
4600.0,699.848252135,0.0010209127586820602,4600.0,61.89130434782608,29.227763064401515,-211.92170818505346,-0.3434459072696206,67.11623887993674,63.34936232490068,60.31242925062259,67.53371308997907,49.90118577075099,85.16624040920716,66.70389437322928,86.72009158557528,46.68769716088328,4600.0,3967000.0,3.0,2.0,2.0,1.0,0.0,0.0,1.0
4700.0,715.069611226,0.0010366565245975596,4700.0,61.808510638297875,28.593144874195627,-217.6991150442478,-0.33538289547233435,66.46629199724859,62.79792746113989,60.765027322404364,66.71741980845242,49.90118577075099,83.53365384615384,66.21704761281153,84.68418110676356,47.7499141188595,4700.0,3998136.0,3.0,2.0,2.0,1.0,0.0,0.0,1.0
4800.0,730.572523742,0.0010554455800050615,4800.0,62.0625,28.7286817154431,-215.5979202772963,-0.3305785123966871,66.35253624368832,62.46134817563389,61.65508528111182,66.44719152483127,49.90118577075099,82.99319727891157,66.25815025540928,83.47107438016529,49.04522613065327,4800.0,4684832.0,3.0,2.0,2.0,1.0,0.0,0.0,1.0
4900.0,746.091351898,0.0010744054888413433,4900.0,62.51020408163265,29.293251434275625,-215.0943396226416,-0.32768978700164236,66.5324364290577,62.2560098623382,62.7609973646868,66.47419803559009,49.90118577075099,83.04721030042919,66.59077695793046,82.7416712179137,50.43988269794721,4900.0,4722584.0,3.0,2.0,2.0,1.0,0.0,0.0,1.0
5000.0,761.568710025,0.001093429951464219,5000.0,63.1,30.15909644267913,-212.18274111675134,-0.32626427406198444,66.91638095521328,62.153846153846146,64.0,66.70212038028384,49.90118577075099,83.5030549898167,67.13202246176252,82.38172920065253,51.882315722872505,5000.0,4751360.0,3.0,2.0,2.0,1.0,0.0,0.0,1.0
5100.0,777.039051733,0.0011125871149226078,5100.0,63.5686274509804,30.74995088959983,-213.32209106239443,-0.3239740820734146,67.13524893647283,61.9885433715221,65.0225903614458,66.78683319545303,49.90118577075099,83.67248062015504,67.48731899477598,81.80345572354211,53.17118226600985,5100.0,4786672.0,3.0,2.0,2.0,1.0,0.0,0.0,1.0
5200.0,792.6216938,0.0011319780274331144,5200.0,64.1923076923077,31.66378332964448,-211.89279731993307,-0.32327586206897063,67.56781136606327,61.93785772690107,66.19462599854756,67.07166497410007,49.90118577075099,84.24214417744916,68.07135270582411,81.6271551724138,54.51555023923444,5200.0,4810160.0,3.0,2.0,2.0,1.0,0.0,0.0,1.0
5300.0,808.173969759,0.0011513997110857734,5300.0,64.75471698113208,32.43586306899672,-209.7844112769486,-0.3222341568206292,67.91842606994992,61.86198448346264,67.23956506488952,67.28716532353805,49.90118577075099,84.6731448763251,68.56164345043612,81.3641245972073,55.75916230366492,5300.0,4827200.0,3.0,2.0,2.0,1.0,0.0,0.0,1.0
5400.0,824.446256207,0.0011721025445774673,5400.0,65.0,32.53726512973787,-210.34482758620695,-0.31847133757960394,67.85412201833559,61.58536585365854,67.85714285714286,67.14602435745671,49.90118577075099,84.39086294416244,68.57731353666225,80.4140127388535,56.74061433447098,5400.0,4917944.0,3.0,2.0,2.0,1.0,0.0,0.0,1.0
5500.0,840.316201739,0.0011925847219749323,5500.0,65.38181818181819,32.92487021807873,-209.59349593495932,-0.3161222339304358,67.97828726994518,61.410620186461294,68.61193537751402,67.1786773009599,49.90118577075099,84.45616883116884,68.79716162838933,79.82086406743942,57.77345918933926,5500.0,4988880.0,3.0,2.0,2.0,1.0,0.0,0.0,1.0
5600.0,856.198577197,0.0012132145871400547,5600.0,65.96428571428572,33.72410709850481,-208.91410048622353,-0.31578947368418975,68.36577317737998,61.38573743922204,69.57215836526181,67.44279257336301,49.90118577075099,84.98439937597504,69.31436699857753,79.73684210526316,58.89189189189189,5600.0,5020920.0,3.0,2.0,2.0,1.0,0.0,0.0,1.0
5700.0,872.036320513,0.001233938535524616,5700.0,66.15789473684211,33.722704083293365,-207.65550239234454,-0.31201248049923413,68.2606229472157,61.10102843315184,70.05123428039126,67.29293522771785,49.90118577075099,84.68468468468468,69.25654786318538,78.78315132605304,59.72994440031771,5700.0,5058032.0,3.0,2.0,2.0,1.0,0.0,0.0,1.0
5800.0,888.498608485,0.0012555861810356831,5800.0,66.46551724137932,33.95737302908335,-204.3818466353676,-0.3094378545641857,68.30908680429279,60.904522613065325,70.64150943396226,67.28054947003541,49.90118577075099,84.65991316931982,69.36955944176161,78.13305827746261,60.60606060606061,5800.0,5083032.0,3.0,2.0,2.0,1.0,0.0,0.0,1.0
5900.0,904.554449636,0.0012768456971388974,5900.0,66.55932203389831,33.76209366569258,-204.94590417310667,-0.30503304524656355,68.10037466045016,60.563661802918254,70.97248786229218,67.05953143286153,49.90118577075099,84.21787709497207,69.17403752301999,77.02084392475852,61.327231121281464,5900.0,5118264.0,3.0,2.0,2.0,1.0,0.0,0.0,1.0
6000.0,920.906133565,0.0012985645197902407,6000.0,66.78333333333333,33.834768185977076,-203.34855403348547,-0.3019627579265226,68.06262643293424,60.322516424447535,71.43471406048445,66.98837966000437,49.90118577075099,84.07557354925777,69.17188864424139,76.2455963764469,62.098180912035886,6000.0,5134240.0,3.0,2.0,2.0,1.0,0.0,0.0,1.0
6100.0,936.839642276,0.0013197788239882246,6100.0,66.67213114754098,33.24148180622722,-202.98062593144567,-0.2960039467192926,67.63078113402639,59.84594114161565,71.51464200644529,66.59550150156348,49.90118577075099,83.28981723237598,68.69875754166289,74.74099654662062,62.65651853670513,6100.0,5146592.0,3.0,2.0,2.0,1.0,0.0,0.0,1.0
6200.0,952.705805224,0.0013409488097018488,6200.0,66.59677419354838,32.72986747361627,-200.58055152394783,-0.29055690072639473,67.25970385787275,59.4001176239953,71.62625017125633,66.25906317614667,49.90118577075099,82.61694058154235,68.2910312076381,73.36561743341404,63.21644498186215,6200.0,5157640.0,3.0,2.0,2.0,1.0,0.0,0.0,1.0
6300.0,969.078547352,0.0013628330405675917,6300.0,66.61904761904762,32.42052146512641,-200.8583690987125,-0.2861230329041411,67.01715923752113,59.02980713033313,71.83607874648452,66.0351517089049,49.90118577075099,82.16911764705883,68.02881448873123,72.24606580829757,63.811563169164884,6300.0,5166688.0,3.0,2.0,2.0,1.0,0.0,0.0,1.0
6400.0,986.362871882,0.001397837509519289,6400.0,66.796875,32.42381082801104,-200.56577086280055,-0.28315243039170496,66.96323528381897,58.777885548011646,72.2040549378679,65.97318503757525,49.90118577075099,82.04518430439953,67.98345334185679,71.49598867390279,64.4709180098108,6400.0,7828408.0,3.0,2.0,2.0,1.0,0.0,0.0,1.0
6500.0,1002.525088667,0.0014306152950170562,6500.0,66.75384615384615,31.999085994905197,-202.66106442577038,-0.2784222737819002,66.66628527099225,58.370256212675784,72.32680240747857,65.71271759669189,49.90118577075099,81.5242494226328,67.64793519499972,70.30162412993039,64.99424626006905,6500.0,7839368.0,3.0,2.0,2.0,1.0,0.0,0.0,1.0
6600.0,1018.659389085,0.0014633868861007992,6600.0,66.72727272727272,31.61434977578474,-204.15512465373968,-0.27397260273974455,66.399450867484,57.97933409873708,72.46049661399547,65.48089591567852,49.90118577075099,81.06060606060606,67.34414313670673,69.17808219178082,65.51020408163265,6600.0,7851448.0,3.0,2.0,2.0,1.0,0.0,0.0,1.0
6700.0,1034.69921834,0.0014960236538343376,6700.0,66.73134328358209,31.296258164098457,-204.92476060191515,-0.2699055330634205,66.17665237591888,57.615516257843694,72.6200712443189,65.28902083297375,49.90118577075099,80.67685589519651,67.08875201698167,68.15114709851552,66.02635693544785,6700.0,7865200.0,3.0,2.0,2.0,1.0,0.0,0.0,1.0
6800.0,1050.854825121,0.0015289769458224558,6800.0,66.9264705882353,31.35199210834295,-204.33017591339654,-0.26749888542130307,66.16929534255391,57.3972343246827,72.97199855786565,65.28002965476975,49.90118577075099,80.65887353878853,67.08312335619821,67.54346856888095,66.62277814351548,6800.0,7884568.0,3.0,2.0,2.0,1.0,0.0,0.0,1.0
6900.0,1067.746996515,0.0015544312100372211,6900.0,67.3623188405797,31.8906537029756,-203.91363022941982,-0.31180400890868865,66.43988252843333,57.38077214231643,73.55565993424142,65.50185582762089,49.884830536360646,81.11888111888112,67.40516579389933,67.52783964365257,67.28249194414609,6900.0,5824752.0,5.0,3.0,3.0,2.0,0.0,0.0,1.0
7000.0,1083.47626386,0.0015783154634163644,7000.0,67.32857142857142,31.545825171911517,-205.34045393858486,-0.3510311540149093,66.21653348515841,57.03550629344355,73.64296415811916,65.31599566320192,49.86859395532194,80.76339737108191,67.14225061642829,66.60816147433086,67.67633975852574,7000.0,5869560.0,5.0,3.0,3.0,2.0,0.0,0.0,1.0
7100.0,1099.380188181,0.0016025342779119852,7100.0,67.6056338028169,31.764727119079183,-205.8510638297872,-0.34904013961607605,66.30639549393346,56.896551724137936,74.0523465703971,65.39287685931777,49.86859395532194,80.9171597633136,67.2457988866723,66.2303664921466,68.261231281198,7100.0,5886416.0,5.0,3.0,3.0,2.0,0.0,0.0,1.0
7200.0,1115.119750261,0.0016265625076976147,7200.0,67.875,31.970477075942927,-207.17131474103581,-0.3470715835141194,66.39033420944584,56.75827257431296,74.44481272787536,65.46605828661188,49.86859395532194,81.06352261790182,67.34108247159992,65.85683297180044,68.82533197139938,7200.0,5901080.0,5.0,3.0,3.0,2.0,0.0,0.0,1.0
7300.0,1131.010171907,0.0016510248090300475,7300.0,67.87671232876711,31.672614171415542,-209.77542932628793,-0.3423192126658164,66.19606336504471,56.42073963947223,74.56340167046318,65.31258645134518,49.86859395532194,80.75657894736842,67.10376943424991,64.95507060333762,69.25246826516221,7300.0,5950648.0,5.0,3.0,3.0,2.0,0.0,0.0,1.0
7400.0,1146.768701893,0.0016753102930859845,7400.0,68.3108108108108,32.19297598475509,-209.775429326288,-0.34231921266580734,66.45723696860064,56.42073963947223,75.10351417347914,65.53347053137998,49.86859395532194,81.19834710743802,67.40741876996823,64.95507060333762,69.85976693659886,7400.0,5957080.0,5.0,3.0,3.0,2.0,0.0,0.0,1.0
7500.0,1162.554105438,0.00169969243623519,7500.0,68.70666666666668,32.64178001266461,-209.2226613965745,-0.3420265070542947,66.67974041247469,56.39977707597993,75.59529998960174,65.72199895252632,49.86859395532194,81.5754039497307,67.66580825921778,64.8995297135528,70.43208680488277,7500.0,5970608.0,5.0,3.0,3.0,2.0,0.0,0.0,1.0
7600.0,1178.831339171,0.0017248762688257203,7600.0,69.11842105263158,33.12128753632039,-209.2226613965744,-0.34202650705431215,66.92022995019296,56.39977707597993,76.09249261485179,65.92420040171716,49.86859395532194,81.97980684811237,67.94681864883114,64.8995297135528,70.99410758410949,7600.0,5980584.0,5.0,3.0,3.0,2.0,0.0,0.0,1.0
7700.0,1194.872462576,0.0017497437973482976,7700.0,69.51948051948051,33.581822193820116,-209.2226613965746,-0.3420265070543041,67.15112249028522,56.39977707597993,76.56983128681243,66.11771622164723,49.86859395532194,82.3668384879725,68.21734553202356,64.8995297135528,71.53516135049432,7700.0,5992392.0,5.0,3.0,3.0,2.0,0.0,0.0,1.0
7800.0,1210.90362969,0.0017746711394158513,7800.0,69.91025641025641,34.024488200191094,-209.2226613965744,-0.34202650705431037,67.37298234790303,56.39977707597993,77.0284819418616,66.30309428632371,49.86859395532194,82.73759461732548,68.47796482015308,64.8995297135528,72.05639992675334,7800.0,6010536.0,5.0,3.0,3.0,2.0,0.0,0.0,1.0
7900.0,1228.067992725,0.0018014352986651086,7900.0,70.29113924050633,34.45030571450025,-209.22266139657438,-0.34202650705430604,67.58633035167372,56.39977707597993,77.46952097532879,66.4808373400992,49.86859395532194,83.09308072487644,68.72921099955647,64.8995297135528,72.55889228556015,7900.0,6027376.0,5.0,3.0,3.0,2.0,0.0,0.0,1.0
8000.0,1244.528180104,0.0018271841247529332,8000.0,70.6625,34.86021868870594,-209.22266139657438,-0.34202650705429694,67.79164796330605,56.39977707597993,77.89394367523784,66.65140755070375,49.86859395532194,83.43422114608555,68.97158079035704,64.8995297135528,73.04363186716128,8000.0,6046792.0,5.0,3.0,3.0,2.0,0.0,0.0,1.0
8100.0,1261.292437444,0.0018534258192633762,8100.0,71.0246913580247,35.255101853154855,-209.22266139657432,-0.34202650705426896,67.9893809363636,56.39977707597993,78.30267172044005,66.81523052196478,49.86859395532194,83.7618670886076,69.20553642421261,64.8995297135528,73.51154313487241,8100.0,6050760.0,5.0,3.0,3.0,2.0,0.0,0.0,1.0
8200.0,1277.338116634,0.0018785649138759138,8200.0,71.3780487804878,35.63576694752456,-209.22266139657455,-0.342026507054297,68.1799425734201,56.39977707597993,78.6965598620314,66.97269883956943,49.86859395532194,84.07680372381692,69.43150858651535,64.8995297135528,73.9634874594779,8200.0,6056112.0,5.0,3.0,3.0,2.0,0.0,0.0,1.0
8300.0,1293.348629794,0.0019036874496760805,8300.0,71.72289156626506,36.00296829061915,-209.22266139657438,-0.3420265070542993,68.36371663224426,56.39977707597993,79.07640188998842,67.12417521205975,49.86859395532194,84.37975646879757,69.64989906244658,64.8995297135528,74.40026841134038,8300.0,6065416.0,5.0,3.0,3.0,2.0,0.0,0.0,1.0
8400.0,1309.746545162,0.001929469724989067,8400.0,72.05952380952381,36.35740776943993,-209.22266139657464,-0.34202650705428744,68.54105992447062,56.39977707597993,79.44293597267233,67.26999525996119,49.86859395532194,84.67139656460044,69.86108312108922,64.8995297135528,74.82263652862564,8400.0,6077640.0,5.0,3.0,3.0,2.0,0.0,0.0,1.0
8500.0,1326.394558688,0.001955674031321415,8500.0,72.38823529411764,36.69973931696449,-209.22266139657438,-0.3420265070543327,68.712304644152,56.39977707597993,79.79684944477921,67.41046999818883,49.86859395532194,84.95234604105572,70.06541166735909,64.8995297135528,75.23129362116539,8500.0,6084328.0,5.0,3.0,3.0,2.0,0.0,0.0,1.0
8600.0,1342.291400861,0.0019807253916917958,8600.0,72.70930232558139,37.030572938738814,-209.2226613965745,-0.34202650705428744,68.87776045846853,56.39977707597993,80.13878310908014,67.54588805037515,49.86859395532194,85.22318214542837,70.26321318771394,64.8995297135528,75.6268966618751,8600.0,6091480.0,5.0,3.0,3.0,2.0,0.0,0.0,1.0
8700.0,1358.582369933,0.002006417231542727,8700.0,73.02298850574712,37.35047834044566,-209.22266139657455,-0.34202650705429455,69.03771638852253,56.39977707597993,80.46933510859616,67.67651762829746,49.86859395532194,85.48444130127298,70.4547955123337,64.8995297135528,76.01006131111461,8700.0,6096080.0,5.0,3.0,3.0,2.0,0.0,0.0,1.0
8800.0,1374.80224234,0.0020321267244206467,8800.0,73.26136363636364,37.53130011789963,-208.38794233289653,-0.3411513859274867,69.12020312272524,56.336982742623874,80.73048890344772,67.750488777522,49.86859395532194,85.63238359972203,70.54644339440344,64.73347547974414,76.35941130906274,8800.0,6127008.0,5.0,3.0,3.0,2.0,0.0,0.0,1.0
8900.0,1390.848868957,0.0020576949842165994,8900.0,73.49438202247191,37.704828337934146,-208.36601307189548,-0.3402807316036125,69.19917039204039,56.274328081557,80.98347440548166,67.82193358968283,49.86859395532194,85.77527322404372,70.63350072635698,64.56826882177796,76.69873263093602,8900.0,6159136.0,5.0,3.0,3.0,2.0,0.0,0.0,1.0
9000.0,1407.22476709,0.002083812433875336,9000.0,73.78888888888889,37.99739922584215,-208.36601307189554,-0.3402807316035496,69.34540837982904,56.274328081557,81.28520428401428,67.94134869021974,49.86859395532194,86.01410342511753,70.80872457482342,64.56826882177796,77.04918032786885,9000.0,6164928.0,5.0,3.0,3.0,2.0,0.0,0.0,1.0
9100.0,1423.626950872,0.002110187906336739,9100.0,74.07692307692308,38.28089393901581,-208.36601307189534,-0.34028073160358036,69.48708464246214,56.274328081557,81.5775087856306,68.05682009523032,49.86859395532194,86.2450462351387,70.97875583628533,64.56826882177796,77.38924285079271,9100.0,6215856.0,5.0,3.0,3.0,2.0,0.0,0.0,1.0
9200.0,1440.002259399,0.0021370761346818034,9200.0,74.3586956521739,38.555728370046786,-208.36601307189525,-0.3402807316035884,69.62440955585507,56.274328081557,81.86082276047674,68.16853999260573,49.86859395532194,86.46848602988953,71.14382195651608,64.56826882177796,77.7193750912542,9200.0,6347096.0,5.0,3.0,3.0,2.0,0.0,0.0,1.0
9300.0,1456.434935207,0.00216462977785245,9300.0,74.3010752688172,38.18997144174791,-207.19794344473016,-0.33585222502098877,69.40350610572264,55.95281975672687,81.85820555639897,68.02892613367119,49.86859395532194,86.18925831202046,70.834780658349,63.72795969773299,77.94160161896502,9300.0,6481464.0,5.0,3.0,3.0,2.0,0.0,0.0,1.0
9324.0,1460.464407977,0.0021713872931907172,9324.0,74.31359931359931,38.152616359097664,-206.26598465473148,-0.3351487222455199,69.37898349789047,55.901307309887684,81.87939774532799,68.01550716874377,49.86859395532194,86.1624203821656,70.7982441047771,63.594470046082954,78.00201816347125,9324.0,6482480.0,5.0,3.0,3.0,2.0,0.0,0.0,1.0
