learning evaluation instances,evaluation time (cpu seconds),model cost (RAM-Hours),classified instances,classifications correct (percent),Kappa Statistic (percent),Kappa Temporal Statistic (percent),Kappa M Statistic (percent),F1 Score (percent),F1 Score for class 0 (percent),F1 Score for class 1 (percent),Precision (percent),Precision for class 0 (percent),Precision for class 1 (percent),Recall (percent),Recall for class 0 (percent),Recall for class 1 (percent),model training instances,model serialized size (bytes),tree size (nodes),tree size (leaves),active learning leaves,tree depth,active leaf byte size estimate,inactive leaf byte size estimate,byte size estimate overhead
100.0,10.268361946,9.016272196715152E-6,100.0,50.0,0.0,49.494949494949495,0.0,?,66.66666666666666,?,?,50.0,?,50.0,100.0,0.0,100.0,3394128.0,1.0,1.0,1.0,0.0,0.0,0.0,1.0
200.0,18.924931839,1.734341165541043E-5,200.0,50.0,0.0,49.74874371859296,0.0,?,66.66666666666666,?,?,50.0,?,50.0,100.0,0.0,200.0,3718368.0,1.0,1.0,1.0,0.0,0.0,0.0,1.0
300.0,27.638936919,2.623596205942164E-5,300.0,50.0,0.0,49.832775919732434,0.0,?,66.66666666666666,?,?,50.0,?,50.0,100.0,0.0,300.0,3944672.0,1.0,1.0,1.0,0.0,0.0,0.0,1.0
400.0,36.574563252,3.580420789188544E-5,400.0,50.0,0.0,49.87468671679198,0.0,?,66.66666666666666,?,?,50.0,?,50.0,100.0,0.0,400.0,4139136.0,1.0,1.0,1.0,0.0,0.0,0.0,1.0
500.0,45.625179391,4.5869047318663017E-5,500.0,50.0,0.0,49.899799599198396,0.0,?,66.66666666666666,?,?,50.0,?,50.0,100.0,0.0,500.0,4298640.0,1.0,1.0,1.0,0.0,0.0,0.0,1.0
600.0,54.77772635,5.63231137297177E-5,600.0,50.0,0.0,49.91652754590986,0.0,?,66.66666666666666,?,?,50.0,?,50.0,100.0,0.0,600.0,4415152.0,1.0,1.0,1.0,0.0,0.0,0.0,1.0
700.0,63.990018031,6.70394535046263E-5,700.0,50.0,0.0,49.92846924177396,0.0,?,66.66666666666666,?,?,50.0,?,50.0,100.0,0.0,700.0,4496568.0,1.0,1.0,1.0,0.0,0.0,0.0,1.0
800.0,73.300404037,7.83191942754504E-5,800.0,50.0,0.0,49.93742177722153,0.0,?,66.66666666666666,?,?,50.0,?,50.0,100.0,0.0,800.0,4683104.0,1.0,1.0,1.0,0.0,0.0,0.0,1.0
900.0,82.66995451,8.988917318412686E-5,900.0,50.0,0.0,49.94438264738598,0.0,?,66.66666666666666,?,?,50.0,?,50.0,100.0,0.0,900.0,4773272.0,1.0,1.0,1.0,0.0,0.0,0.0,1.0
1000.0,92.148900386,1.0190333505949597E-4,1000.0,50.0,0.0,49.94994994994995,0.0,?,66.66666666666666,?,?,50.0,?,50.0,100.0,0.0,1000.0,4899320.0,1.0,1.0,1.0,0.0,0.0,0.0,1.0
1100.0,101.730212365,1.142072263421609E-4,1100.0,50.0,0.0,49.95450409463148,0.0,?,66.66666666666666,?,?,50.0,?,50.0,100.0,0.0,1100.0,4963864.0,1.0,1.0,1.0,0.0,0.0,0.0,1.0
1200.0,111.357967837,1.267019687329974E-4,1200.0,50.0,0.0,49.9582985821518,0.0,?,66.66666666666666,?,?,50.0,?,50.0,100.0,0.0,1200.0,5016544.0,1.0,1.0,1.0,0.0,0.0,0.0,1.0
1300.0,121.059204446,1.394683160884886E-4,1300.0,50.0,0.0,49.96150885296382,0.0,?,66.66666666666666,?,?,50.0,?,50.0,100.0,0.0,1300.0,5086768.0,1.0,1.0,1.0,0.0,0.0,0.0,1.0
1400.0,130.798058227,1.523873019222773E-4,1400.0,50.0,0.0,49.96426018584703,0.0,?,66.66666666666666,?,?,50.0,?,50.0,100.0,0.0,1400.0,5127704.0,1.0,1.0,1.0,0.0,0.0,0.0,1.0
1500.0,140.56131148,1.6546950925364718E-4,1500.0,50.0,0.0,49.96664442961975,0.0,?,66.66666666666666,?,?,50.0,?,50.0,100.0,0.0,1500.0,5179512.0,1.0,1.0,1.0,0.0,0.0,0.0,1.0
1600.0,150.376026261,1.7871254596678855E-4,1600.0,50.0,0.0,49.96873045653534,0.0,?,66.66666666666666,?,?,50.0,?,50.0,100.0,0.0,1600.0,5215696.0,1.0,1.0,1.0,0.0,0.0,0.0,1.0
1700.0,160.226654922,1.9209861634210122E-4,1700.0,50.0,0.0,49.97057092407298,0.0,?,66.66666666666666,?,?,50.0,?,50.0,100.0,0.0,1700.0,5252808.0,1.0,1.0,1.0,0.0,0.0,0.0,1.0
1800.0,170.108924688,2.056086754912066E-4,1800.0,50.0,0.0,49.9722067815453,0.0,?,66.66666666666666,?,?,50.0,?,50.0,100.0,0.0,1800.0,5284488.0,1.0,1.0,1.0,0.0,0.0,0.0,1.0
1900.0,180.033350362,2.1927082785878405E-4,1900.0,50.0,0.0,49.97367035281727,0.0,?,66.66666666666666,?,?,50.0,?,50.0,100.0,0.0,1900.0,5321280.0,1.0,1.0,1.0,0.0,0.0,0.0,1.0
2000.0,189.976173533,2.330432514127315E-4,2000.0,50.0,0.0,49.974987493746866,0.0,?,66.66666666666666,?,?,50.0,?,50.0,100.0,0.0,2000.0,5354304.0,1.0,1.0,1.0,0.0,0.0,0.0,1.0
2100.0,199.98152308,2.46960305518371E-4,2100.0,50.0,0.0,49.97617913292044,0.0,?,66.66666666666666,?,?,50.0,?,50.0,100.0,0.0,2100.0,5376720.0,1.0,1.0,1.0,0.0,0.0,0.0,1.0
2200.0,210.003131466,2.6093094102162633E-4,2200.0,50.0,0.0,49.97726239199637,0.0,?,66.66666666666666,?,?,50.0,?,50.0,100.0,0.0,2200.0,5388664.0,1.0,1.0,1.0,0.0,0.0,0.0,1.0
2300.0,220.066840746,2.749864271833143E-4,2300.0,50.0,0.0,49.97825141365811,0.0,?,66.66666666666666,?,?,50.0,?,50.0,100.0,0.0,2300.0,5398712.0,1.0,1.0,1.0,0.0,0.0,0.0,1.0
2400.0,230.157996627,2.8911879984022275E-4,2400.0,50.0,0.0,49.9791579824927,0.0,?,66.66666666666666,?,?,50.0,?,50.0,100.0,0.0,2400.0,5413480.0,1.0,1.0,1.0,0.0,0.0,0.0,1.0
2500.0,240.246177812,3.0328897242178277E-4,2500.0,50.0,0.0,49.97999199679872,0.0,?,66.66666666666666,?,?,50.0,?,50.0,100.0,0.0,2500.0,5429560.0,1.0,1.0,1.0,0.0,0.0,0.0,1.0
2600.0,250.370997894,3.175390651914957E-4,2600.0,50.0,0.0,49.98076183147365,0.0,?,66.66666666666666,?,?,50.0,?,50.0,100.0,0.0,2600.0,5440424.0,1.0,1.0,1.0,0.0,0.0,0.0,1.0
2700.0,260.470462937,3.3177713318790646E-4,2700.0,50.0,0.0,49.98147462022972,0.0,?,66.66666666666666,?,?,50.0,?,50.0,100.0,0.0,2700.0,5449480.0,1.0,1.0,1.0,0.0,0.0,0.0,1.0
2800.0,270.595992261,3.460926634235692E-4,2800.0,50.0,0.0,49.982136477313325,0.0,?,66.66666666666666,?,?,50.0,?,50.0,100.0,0.0,2800.0,5465024.0,1.0,1.0,1.0,0.0,0.0,0.0,1.0
2900.0,280.763344447,3.605069248725566E-4,2900.0,50.0,0.0,49.98275267333563,0.0,?,66.66666666666666,?,?,50.0,?,50.0,100.0,0.0,2900.0,5480080.0,1.0,1.0,1.0,0.0,0.0,0.0,1.0
3000.0,290.936438043,3.749629496274914E-4,3000.0,50.0,0.0,49.983327775925304,0.0,?,66.66666666666666,?,?,50.0,?,50.0,100.0,0.0,3000.0,5492856.0,1.0,1.0,1.0,0.0,0.0,0.0,1.0
3100.0,301.18065797,3.8967443460469306E-4,3100.0,50.0,0.0,49.46201499836974,-1.0430247718383248,?,66.66666666666666,?,?,50.0,?,50.0,100.0,0.0,3100.0,5551112.0,1.0,1.0,1.0,0.0,0.0,0.0,1.0
3200.0,311.467710242,4.0453444292350117E-4,3200.0,50.0,0.0,48.930737312480055,-2.105934907466485,?,66.66666666666666,?,?,50.0,?,50.0,100.0,0.0,3200.0,5583808.0,1.0,1.0,1.0,0.0,0.0,0.0,1.0
3300.0,321.769894036,4.1946620147024534E-4,3300.0,50.0,0.0,48.4375,-3.1249999999999973,?,66.66666666666666,?,?,50.0,?,50.0,100.0,0.0,3300.0,5602528.0,1.0,1.0,1.0,0.0,0.0,0.0,1.0
3400.0,332.112523115,4.1946759280592585E-4,3400.0,50.0,0.0,47.964493419038874,-4.039167686658506,?,66.66666666666666,?,?,50.0,?,50.0,100.0,0.0,3400.0,520.0,3.0,2.0,2.0,1.0,0.0,0.0,1.0
3500.0,342.375378313,4.261226782872644E-4,3500.0,50.0,0.0,47.4947494749475,-4.979004199160162,50.0,66.65396341463415,0.11415525114155253,50.0,50.0,50.0,50.0,99.94285714285715,0.05714285714285715,3500.0,2506616.0,3.0,2.0,2.0,1.0,0.0,0.0,1.0
3600.0,352.096202078,4.326008827356046E-4,3600.0,50.0,0.0,47.05882352941176,-5.882352941176474,50.0,66.65431641348648,0.11098779134295228,50.0,50.0,50.0,50.0,99.94444444444444,0.05555555555555555,3600.0,2576048.0,3.0,2.0,2.0,1.0,0.0,0.0,1.0
3700.0,362.487957915,4.447020273648778E-4,3700.0,50.0,0.0,46.63974617825209,-6.689734717416382,50.0,66.65465032444125,0.10799136069114472,50.0,50.0,50.0,50.0,99.94594594594595,0.05405405405405406,3700.0,4501320.0,3.0,2.0,2.0,1.0,0.0,0.0,1.0
3800.0,372.352466415,4.5638567541337737E-4,3800.0,50.0,0.0,46.221341636003395,-7.526881720430115,50.0,66.65496665496666,0.10515247108307045,50.0,50.0,50.0,50.0,99.94736842105263,0.05263157894736842,3800.0,4578312.0,3.0,2.0,2.0,1.0,0.0,0.0,1.0
3900.0,382.266496878,4.683195351988629E-4,3900.0,50.0,0.0,45.83333333333333,-8.333333333333327,50.0,66.65526675786593,0.10245901639344263,50.0,50.0,50.0,50.0,99.94871794871794,0.05128205128205128,3900.0,4653000.0,3.0,2.0,2.0,1.0,0.0,0.0,1.0
4000.0,392.218922695,4.8046023285844313E-4,4000.0,50.0,0.0,45.459503681483504,-9.051254089422024,50.0,66.65555185061687,0.09990009990009992,50.0,50.0,50.0,50.0,99.95,0.05,4000.0,4715384.0,3.0,2.0,2.0,1.0,0.0,0.0,1.0
4100.0,402.191338765,4.927733800583293E-4,4100.0,50.0,0.0,45.08438253415484,-9.801821103374406,50.0,66.65582303188029,0.09746588693957114,50.0,50.0,50.0,50.0,99.95121951219512,0.04878048780487805,4100.0,4772776.0,3.0,2.0,2.0,1.0,0.0,0.0,1.0
4200.0,412.222297371,5.05325224127959E-4,4200.0,50.0,0.0,44.73684210526316,-10.526315789473697,50.0,66.65608129564941,0.09514747859181731,50.0,50.0,50.0,50.0,99.95238095238095,0.047619047619047616,4200.0,4836904.0,3.0,2.0,2.0,1.0,0.0,0.0,1.0
4300.0,422.258038082,5.180284215106312E-4,4300.0,50.0,0.0,44.40134471166279,-11.16856256463288,50.0,66.65632754342431,0.0929368029739777,50.0,50.0,50.0,50.0,99.95348837209302,0.046511627906976744,4300.0,4892896.0,3.0,2.0,2.0,1.0,0.0,0.0,1.0
4400.0,432.313357574,5.308865924104691E-4,4400.0,50.0,0.0,44.06305619120265,-11.845449923741743,50.0,66.65656259472567,0.09082652134423251,50.0,50.0,50.0,50.0,99.95454545454545,0.045454545454545456,4400.0,4942944.0,3.0,2.0,2.0,1.0,0.0,0.0,1.0
4500.0,442.461202739,5.439662838974177E-4,4500.0,50.0,0.0,43.75000000000001,-12.500000000000005,50.0,66.65678719620628,0.08880994671403197,50.0,50.0,50.0,50.0,99.95555555555555,0.044444444444444446,4500.0,4982256.0,3.0,2.0,2.0,1.0,0.0,0.0,1.0
4600.0,452.583766871,5.571306458915146E-4,4600.0,50.0,0.0,43.419434194341946,-12.195121951219518,50.0,66.65700202957379,0.08688097306689835,50.0,50.0,50.0,50.0,99.95652173913044,0.043478260869565216,4600.0,5027032.0,3.0,2.0,2.0,1.0,0.0,0.0,1.0
4700.0,462.73464814,5.704281573870637E-4,4700.0,50.02127659574468,3.623088640156961E-5,43.15101645692159,-11.910433539780852,50.00532990287645,66.67612427294651,0.08507018290089324,50.010642826734774,50.02128565346956,50.0,50.00001810774434,99.95746490854955,0.04257130693912303,4700.0,5063712.0,3.0,2.0,2.0,1.0,0.0,0.0,1.0
4800.0,472.932730959,5.838562867366973E-4,4800.0,50.020833333333336,3.473668378767269E-5,42.8537398761315,-11.633317822242887,50.005218643810956,66.6759272121128,0.08329862557267806,50.010421008753646,50.02084201750729,50.0,50.000017361114125,99.95835068721365,0.041684035014589414,4800.0,5089784.0,3.0,2.0,2.0,1.0,0.0,0.0,1.0
4900.0,483.121500082,5.973598310999027E-4,4900.0,50.0,0.0,42.555685814771394,-11.36363636363635,50.0,66.65759390310288,0.08156606851549755,50.0,50.0,50.0,50.0,99.95918367346938,0.04081632653061225,4900.0,5123048.0,3.0,2.0,2.0,1.0,0.0,0.0,1.0
5000.0,493.32819959,6.109577562605784E-4,5000.0,50.019999999999996,3.20127948792184E-5,42.313019390581715,-11.116051578479334,50.00500950205069,66.67555674089878,0.07996801279488205,50.01000400160064,50.020008003201276,50.0,50.00001600000255,99.96001599360255,0.040016006402561026,5000.0,5149792.0,3.0,2.0,2.0,1.0,0.0,0.0,1.0
5100.0,503.574029502,6.246972126483973E-4,5100.0,50.01960784313726,3.076945799411889E-5,42.041837198726704,-10.874293170943874,50.00491109382015,66.67538240292849,0.07840062720501764,50.00980776775206,50.019615535504116,50.0,50.00001537870287,99.9607996863975,0.03923107100823853,5100.0,5183520.0,3.0,2.0,2.0,1.0,0.0,0.0,1.0
5200.0,513.811408058,6.384841096075286E-4,5200.0,50.0,0.0,41.76931690929451,-10.638297872340438,50.0,66.65811746601693,0.07686395080707148,50.0,50.0,50.0,50.0,99.96153846153845,0.038461538461538464,5200.0,5205712.0,3.0,2.0,2.0,1.0,0.0,0.0,1.0
5300.0,524.074647018,6.523864636238276E-4,5300.0,50.0188679245283,2.8490629138394386E-5,41.54898499558693,-10.42100875364735,50.00472543782003,66.67505346584477,0.07544322897019992,50.00943752359382,50.01887504718761,50.0,50.00001423994507,99.9622783855149,0.03775009437523594,5300.0,5236080.0,3.0,2.0,2.0,1.0,0.0,0.0,1.0
5400.0,534.372634778,6.66412911954281E-4,5400.0,50.01851851851852,2.744499952758283E-5,41.30056546324489,-10.208248264597792,50.00463777597628,66.67489813557229,0.07404664938911515,50.00926268988515,50.01852537977028,50.0,50.00001371742301,99.96297667530544,0.037050759540570584,5400.0,5264992.0,3.0,2.0,2.0,1.0,0.0,0.0,1.0
5500.0,544.715876421,6.805768202441449E-4,5500.0,50.0,0.0,41.05037513397642,-9.999999999999991,50.0,66.65858389912707,0.07267441860465117,50.0,50.0,50.0,50.0,99.96363636363637,0.03636363636363636,5500.0,5293328.0,3.0,2.0,2.0,1.0,0.0,0.0,1.0
5600.0,555.04834478,6.948119613403627E-4,5600.0,50.017857142857146,2.5519311612312574E-5,40.849535080304314,-9.80776775205962,50.00447186051571,66.67460411953805,0.07140307033202427,50.008931761343334,50.01786352268668,50.0,50.000012755103675,99.96429846483399,0.03572704537334762,5600.0,5325496.0,3.0,2.0,2.0,1.0,0.0,0.0,1.0
5700.0,565.3767271,7.091296904891456E-4,5700.0,50.01754385964913,2.463159751542158E-5,40.62109212171738,-9.619084263178125,50.0043932762379,66.67446484969003,0.07015082427218519,50.00877500877501,50.017550017550015,50.0,50.00001231148198,99.96492458786392,0.0351000351000351,5700.0,5358512.0,3.0,2.0,2.0,1.0,0.0,0.0,1.0
5800.0,575.754103477,7.2360736697007E-4,5800.0,50.0,0.0,40.39054470709147,-9.433962264150951,50.0,66.65900206944124,0.06891798759476223,50.0,50.0,50.0,50.0,99.9655172413793,0.034482758620689655,5800.0,5392792.0,3.0,2.0,2.0,1.0,0.0,0.0,1.0
5900.0,586.148815643,7.38182093323355E-4,5900.0,50.01694915254238,2.298968959107013E-5,40.20681265206814,-9.262689885142645,50.00424411213572,66.67420047462991,0.06777363605557438,50.00847744998305,50.016954899966095,50.0,50.000011490952204,99.96611318197222,0.0339097999321804,5900.0,5419888.0,3.0,2.0,2.0,1.0,0.0,0.0,1.0
5995.0,596.068020062,7.521764613607737E-4,5995.0,50.00834028356964,1.1131508359195967E-5,40.0,-9.100837277029477,50.00208846236828,66.66666666666667,0.06668889629876626,50.0041715334557,50.0083430669114,50.0,50.00000556482655,99.96664442961975,0.033366700033366704,5995.0,5453544.0,3.0,2.0,2.0,1.0,0.0,0.0,1.0
