learning evaluation instances,evaluation time (cpu seconds),model cost (RAM-Hours),classified instances,classifications correct (percent),Kappa Statistic (percent),Kappa Temporal Statistic (percent),Kappa M Statistic (percent),F1 Score (percent),F1 Score for class 0 (percent),F1 Score for class 1 (percent),Precision (percent),Precision for class 0 (percent),Precision for class 1 (percent),Recall (percent),Recall for class 0 (percent),Recall for class 1 (percent),model training instances,model serialized size (bytes)
100.0,0.080881253,6.389866419072366E-9,100.0,100.0,?,?,?,?,100.0,?,?,100.0,?,?,100.0,?,100.0,305384.0
200.0,0.183804804,1.509605895984711E-8,200.0,96.0,53.703703703703674,-100.0,-33.33333333333333,79.05462887005133,97.90575916230367,55.55555555555556,70.56737588652481,99.46808510638297,41.66666666666667,89.86254295532646,96.3917525773196,83.33333333333334,200.0,326976.0
300.0,0.236806962,1.9582196869301714E-8,300.0,91.66666666666666,26.122931442080354,-525.0000000000014,-316.66666666666646,70.10125559906784,95.57522123893806,28.571428571428577,58.43618781015396,99.63099630996311,17.24137931034483,87.58503401360545,91.83673469387756,83.33333333333334,300.0,327176.0
400.0,0.278518806,2.3113146726983702E-8,400.0,91.5,20.671955202986478,-749.999999999999,-466.6666666666659,68.61297448902498,95.5026455026455,22.727272727272727,56.440825821459725,99.72375690607734,13.157894736842104,87.47884940778341,91.6243654822335,83.33333333333334,400.0,327216.0
500.0,0.309722964,2.5754868639432308E-8,500.0,89.60000000000001,13.7244491637909,-766.6666666666657,-549.9999999999993,63.432183995863724,94.45628997867803,16.129032258064516,54.29330675967448,99.32735426008968,9.25925925925926,76.27032520325203,90.04065040650406,62.5,500.0,327248.0
600.0,0.337091669,2.8072960023929676E-8,600.0,88.66666666666667,14.572864321608103,-750.0000000000013,-579.9999999999976,64.71929069851893,93.91771019677996,17.073170731707314,54.5770202020202,99.43181818181817,9.722222222222223,79.49152542372882,88.98305084745762,70.0,600.0,327400.0
700.0,0.363430745,3.0309185386275254E-8,700.0,88.28571428571429,20.07352122089791,-583.3333333333337,-272.72727272727207,64.34631071717402,93.65325077399382,24.074074074074076,56.825240512082416,98.53420195439739,15.11627906976744,74.16197371949585,89.23303834808259,59.09090909090909,700.0,328184.0
800.0,0.389789589,3.255254432163305E-8,800.0,88.5,62.344466273739364,-607.6923076923082,24.590163934426222,82.03319721774031,92.93394777265745,69.1275167785235,77.73892773892774,96.9551282051282,58.52272727272727,86.82963392813966,89.23303834808259,84.42622950819673,800.0,328984.0
900.0,0.416057346,3.478907517482009E-8,900.0,88.55555555555556,69.44708115804461,-267.8571428571432,48.75621890547264,85.05122430984204,92.38728750923873,76.95749440715885,82.74222421123294,95.565749235474,69.91869918699187,87.49279354301453,89.4134477825465,85.57213930348259,900.0,329120.0
1000.0,0.442623478,3.705150557627281E-8,1000.0,89.0,72.59195399434897,-71.87500000000013,57.19844357976655,86.48328592906515,92.39280774550484,80.14440433212998,84.88440593703753,95.02133712660029,74.74747474747475,88.14355515289263,89.90578734858681,86.38132295719845,1000.0,329192.0
1100.0,0.469689057,3.9356750061325734E-8,1100.0,84.81818181818181,62.9711751662971,-73.95833333333336,48.6153846153846,81.50889592469254,89.3426930440332,73.61769352290678,82.01659451659451,88.38383838383838,75.64935064935064,81.0074441687345,90.32258064516128,71.6923076923077,1100.0,329232.0
1200.0,0.493441273,4.1380032746423453E-8,1200.0,83.58333333333333,59.65897843700725,-68.37606837606835,45.12534818941504,79.91953885191698,88.53984874927285,71.071953010279,80.91476959209949,86.67425968109339,75.15527950310559,78.94849280767357,90.48751486325803,67.40947075208913,1200.0,329272.0
1300.0,0.517030261,4.338941119681216E-8,1300.0,80.92307692307692,53.785861111031465,-98.40000000000005,40.81145584725536,77.28178463549204,86.5945945945946,66.93333333333334,79.24667720483009,82.6625386996904,75.83081570996978,75.41197218391989,90.91940976163451,59.90453460620525,1300.0,329272.0
1400.0,0.541672781,4.54890425631942E-8,1400.0,80.07142857142857,52.96084164687633,-92.41379310344834,41.63179916317991,77.01769710637626,85.75803981623277,66.82520808561236,79.20668064001106,81.00289296046287,77.41046831955923,74.94645077555614,91.1062906724512,58.78661087866108,1400.0,329352.0
1500.0,0.563099446,4.731471585786177E-8,1500.0,78.2,49.127756228090206,-82.68156424581011,38.87850467289721,75.39321374386148,84.34657730971757,64.10537870472008,78.02017869311729,78.38078291814946,77.6595744680851,72.9373880199506,91.29533678756476,54.57943925233645,1500.0,329360.0
1600.0,0.584167176,4.9109936661931374E-8,1600.0,76.875,46.75799349584137,-65.9192825112107,37.710437710437716,74.49070426684409,83.28816621499547,62.474645030425954,77.44796594134343,76.32450331125827,78.57142857142857,71.75097562771519,91.65009940357854,51.85185185185185,1600.0,329384.0
1700.0,0.604867405,5.087397054016176E-8,1700.0,76.94117647058823,47.99803353908341,-63.33333333333327,39.96937212863706,75.11925697541983,83.04498269896193,63.970588235294116,77.94466403162055,75.8893280632411,80.0,72.49152029206176,91.69054441260745,53.29249617151608,1700.0,329408.0
1800.0,0.625331109,5.261797526619086E-8,1800.0,77.77777777777779,50.358521787093224,-40.84507042253519,42.857142857142854,76.25346962718716,83.4983498349835,65.98639455782312,78.97382517961867,76.43504531722054,81.5126050420168,73.71428571428571,92.0,55.42857142857143,1800.0,329432.0
1900.0,0.645535814,5.433999061684434E-8,1900.0,78.63157894736842,53.452054530006954,-34.437086092715255,47.135416666666664,77.68035052855058,83.68167202572349,69.0548780487805,80.0209851639771,76.76991150442478,83.27205882352942,75.47275287102472,91.96113074204946,58.984375,1900.0,329448.0
2000.0,0.666006506,5.608476035528505E-8,2000.0,79.55,55.540385418116045,-22.455089820359262,49.38118811881188,78.66291998070245,84.32349559218092,70.59669302659955,80.92417362799915,77.6287932251235,84.21955403087479,76.52460296365207,92.28187919463086,60.76732673267327,2000.0,329464.0
2100.0,0.686392628,5.782236416631067E-8,2100.0,80.38095238095238,58.282705548805204,-11.051212938005378,53.28798185941045,79.92083598287115,84.49962377727614,73.28145265888458,81.79608585858587,77.98611111111111,85.60606060606061,78.12964266166237,92.20032840722496,64.05895691609977,2100.0,329472.0
2200.0,0.707134797,5.959031551592672E-8,2200.0,81.04545454545455,60.37183264075472,-4.773869346733683,56.3350785340314,80.85759498344134,84.59549316586627,75.36916715888955,82.38361897982864,78.31737346101231,86.44986449864498,79.38707710422844,91.96787148594377,66.80628272251309,2200.0,329472.0
2300.0,0.727517727,6.132768944260353E-8,2300.0,81.47826086956522,61.55551457461127,-4.6683046683046285,58.02955665024632,81.4215289242614,84.74212034383955,76.43805309734513,82.81889224811326,78.50033178500333,87.1374527112232,80.07053727166434,92.06225680933852,68.07881773399015,2300.0,329480.0
2400.0,0.7479589,6.307002781107607E-8,2400.0,81.875,62.566154640506,-0.9280742459396967,59.269662921348306,81.82707271019193,84.8800834202294,77.37909516380655,83.02333503662068,79.02912621359224,87.01754385964912,80.66479400749064,91.66666666666666,69.66292134831461,2400.0,329480.0
2500.0,0.768070994,6.478435819182544E-8,2500.0,82.39999999999999,63.75904376589659,4.139433551198224,60.64400715563506,82.36165840420966,85.19515477792731,78.30374753451676,83.43769438109061,79.62264150943396,87.25274725274726,81.31302278981745,91.60636758321273,71.01967799642217,2500.0,329488.0
2600.0,0.788350575,6.651317481401272E-8,2600.0,82.84615384615385,65.19239635762862,2.8322440087145995,63.38259441707718,83.06259374710272,85.02350570852921,79.92799279927992,83.88476170505946,79.32330827067669,88.44621513944223,82.25638576204972,91.60636758321273,72.9064039408867,2600.0,329528.0
2700.0,0.808741421,6.82515610825912E-8,2700.0,83.22222222222221,66.29471716332195,1.3071895424836684,65.6297420333839,83.60580497859642,84.82412060301507,81.24223602484471,84.20131237521261,78.97691827822833,89.4257064721969,83.01866178857146,91.60636758321273,74.4309559939302,2700.0,329544.0
2800.0,0.830084465,7.007112534291007E-8,2800.0,83.60714285714286,67.27709366002601,0.0,66.78726483357454,84.08828720907438,84.65396188565695,82.40705251054044,84.4713484550328,78.68241143567433,90.26028547439127,83.70868449682499,91.60636758321273,75.81100141043724,2800.0,329544.0
2900.0,0.852051178,7.19439958112335E-8,2900.0,84.13793103448276,68.4391827309807,-0.21786492374728417,66.71490593342982,84.64620782407827,84.62566844919786,83.61823361823363,84.82064615532765,78.63354037267081,91.0077519379845,84.47248550438634,91.60636758321273,77.33860342555995,2900.0,329568.0
3000.0,0.873330928,7.375834021394658E-8,3000.0,84.5,69.18584360103729,-1.307189542483661,66.35311143270621,85.0127921206142,84.48448448448448,84.5154845154845,85.00732080785953,78.39009287925697,91.6245487364621,85.01826413771268,91.60636758321273,78.43016069221261,3000.0,329576.0
3100.0,0.896075308,7.569760830799945E-8,3100.0,85.0,70.13574098167744,-1.307189542483671,66.35311143270621,85.4673012426175,84.48448448448448,85.48236028723072,85.28932253390458,78.39009287925697,92.18855218855218,85.64602430382988,91.60636758321273,79.68568102444704,3100.0,329584.0
3200.0,0.917949748,7.75627927144389E-8,3200.0,85.34375,70.73354893160293,-1.2958963282937859,66.21037463976944,85.74026883649148,84.40305952776853,86.17742410845858,85.42741769444831,78.38171710932674,92.47311827956989,86.05541983955824,91.4265129682997,80.68432671081678,3200.0,329600.0
3300.0,0.93882968,7.934317765567243E-8,3300.0,85.51515151515152,71.0376114457068,-1.0570824524313354,66.36171710063336,85.87529998405844,84.45022771633052,86.4435621100397,85.52788604259848,78.52389594676346,92.53187613843352,86.22554782497316,91.34412385643913,81.10697179350718,3300.0,329600.0
3400.0,0.959820361,8.113300591558423E-8,3400.0,85.76470588235294,71.40244455574212,-1.4675052410901577,66.08269096005607,86.0243142219541,84.28571428571429,86.98924731182795,85.56990447023347,78.52389594676346,92.61591299370349,86.48357592743807,90.96005606166784,82.00709579320831,3400.0,329600.0
3500.0,0.980383121,8.288634631220043E-8,3500.0,85.82857142857144,71.5019272314188,-2.057613168724224,66.30434782608697,86.03518076896178,84.31372549019608,87.07660239708181,85.59809081696035,78.87573964497041,92.32044198895028,86.47675746076666,90.55706521739131,82.39644970414201,3500.0,329600.0
3600.0,1.000481991,8.46001318496155E-8,3600.0,85.88888888888889,71.58532094696953,-3.042596348884371,66.46864686468648,86.03779504514874,84.3113032736257,87.17819283190309,85.61540547501896,79.2222867092281,92.0085242408098,86.46437305601064,90.0990099009901,82.82973621103118,3600.0,329600.0
3700.0,1.020864391,8.633809335380997E-8,3700.0,85.67567567567568,71.10983888983995,-6.639839034205249,66.04740550928892,85.74751032107214,83.99758454106279,87.03522504892368,85.35894903125063,79.44031981724729,91.27757824525398,86.13962531660127,89.10954516335681,83.16970546984572,3700.0,329600.0
3800.0,1.041201822,8.807226254276101E-8,3800.0,85.89473684210527,71.47334940245015,-3.4749034749034706,66.18296529968455,85.91731599326333,84.03811792733771,87.36445073078735,85.4992569293667,79.58262831359278,91.41588554514061,86.33948344738698,89.02208201892743,83.6568848758465,3800.0,329608.0
3900.0,1.061456972,8.97994156452144E-8,3900.0,86.0,71.68535560847764,-2.056074766355182,66.64630421502748,85.99669592317895,84.18308227114717,87.442502299908,85.61507818538558,80.05509641873279,91.17505995203837,86.38173091276602,88.7599266951741,84.00353513035793,3900.0,329608.0
4000.0,1.081595807,9.151665058793498E-8,4000.0,86.125,71.79958293869686,-3.7383177570093484,66.0965180207697,86.06343805109702,83.96417220456516,87.77263714474554,85.60210268317854,79.66008771929825,91.54411764705883,86.52977291170046,88.7599266951741,84.29961912822684,4000.0,329608.0
4100.0,1.104061757,9.343231822021924E-8,4100.0,86.36585365853658,72.14403088112323,-4.096834264432033,66.0595021250759,86.22350537412483,83.92292205924647,88.16430235020114,85.72241881514648,79.72677595628416,91.71806167400881,86.73048453611565,88.58530661809351,84.8756624541378,4100.0,329608.0
4200.0,1.128787316,9.554066231723872E-8,4200.0,86.59523809523809,72.50915198999976,-2.9250457038391287,66.24700239808152,86.3944449490049,83.98293029871977,88.47492323439099,85.87678851612901,79.91337303735789,91.84020399490012,86.91837998795278,88.48920863309353,85.34755134281201,4200.0,329608.0
4300.0,1.153489982,9.764705433214701E-8,4300.0,86.90697674418605,72.96908008450164,-2.7372262773722325,66.28742514970061,86.62072313867735,84.00113668655868,88.91950403463885,86.05078136119097,79.93510005408328,92.16646266829865,87.19826506682453,88.50299401197604,85.89353612167301,4300.0,329608.0
4400.0,1.178458664,9.977618116023637E-8,4400.0,86.93181818181817,72.98202418247662,-3.0465949820788834,66.33489461358313,86.61000591751748,83.96989127404517,88.96988298484558,86.06816102904838,80.14901543374135,91.98730662435541,87.15871643276462,88.17330210772833,86.1441307578009,4400.0,329616.0
4500.0,1.198629526,1.0149631402257827E-7,4500.0,87.0,73.07973919303642,-4.278074866310133,66.39862148190694,86.65148349118475,83.97699260476581,89.06337633202469,86.11544603691202,80.26178010471205,91.96911196911198,87.19423602229995,88.05284319356691,86.335628851033,4500.0,329640.0
4600.0,1.219267415,1.0325627406187974E-7,4600.0,87.19565217391305,73.32032468576001,-4.804270462633489,66.28506010303377,86.76873819668037,83.92028392028391,89.3624706519776,86.19753180526992,80.21920668058455,92.17585692995529,87.34756553270128,87.97939324556381,86.71573781983876,4600.0,329640.0
4700.0,1.24018131,1.0503977136948454E-7,4700.0,87.25531914893617,73.42541350936327,-6.017699115044248,66.51760760201229,86.80497608208184,83.97109981268397,89.42256754370476,86.27498089871544,80.54414784394251,92.00581395348837,87.34152313299009,87.70262716601454,86.98041909996564,4700.0,329640.0
4800.0,1.260365116,1.0676109161664213E-7,4800.0,87.22916666666667,73.3089499923802,-6.239168110918502,66.22589531680441,86.74548653925926,83.83012397784225,89.44740919263212,86.20607344794762,80.41497975708502,91.9971671388102,87.29169262289409,87.54820936639118,87.03517587939699,4800.0,329656.0
4900.0,1.28083197,1.085065931904233E-7,4900.0,87.24489795918367,73.21360785456612,-7.204116638078896,65.86564718732933,86.69058023540641,83.6344592825347,89.55024243437552,86.14813883299799,80.33199195171025,91.96428571428571,87.23989600912137,87.2200983069361,87.25969371130662,4900.0,329664.0
5000.0,1.301053918,1.1023120812435116E-7,5000.0,87.3,73.15187666268102,-7.445008460236914,65.47036432843937,86.65134245614892,83.41603551841212,89.70993356020095,86.10569458588624,80.25125628140704,91.96013289036546,87.20394992051544,86.84067427949972,87.56722556153116,5000.0,329664.0
5100.0,1.32093165,1.1192646683334475E-7,5100.0,87.45098039215686,73.32114475829154,-7.925801011804334,65.4427645788337,86.72928595585144,83.37662337662337,89.92125984251969,86.18386277960745,80.33033033033034,92.03739522888459,87.28165663003118,86.66306695464363,87.90024630541872,5100.0,329664.0
5200.0,1.340965093,1.1363500524793233E-7,5200.0,87.65384615384615,73.5742908816422,-7.5376884422111265,65.40948275862067,86.85628679306467,83.36787564766838,90.18348623853211,86.28050532227161,80.28942115768463,92.27158948685857,87.4398046939449,86.69181034482759,88.1877990430622,5200.0,329664.0
5300.0,1.361105561,1.1535267121607229E-7,5300.0,87.84905660377359,73.81151286774524,-6.799336650082889,65.41353383458647,86.97168771079392,83.35917312661498,90.43090638930163,86.38244712522933,80.32868525896414,92.43620899149452,87.56902228145782,86.62728249194414,88.5107620709715,5300.0,329664.0
5400.0,1.381323868,1.170769756298181E-7,5400.0,87.79629629629629,73.59775641025641,-8.210180623973766,65.02123142250531,86.85841520924907,83.141468406242,90.43680162530838,86.28641975308642,80.24691358024691,92.32592592592593,87.4380448251125,86.25265392781316,88.62343572241184,5400.0,329664.0
5500.0,1.401481624,1.1879611599315371E-7,5500.0,87.89090909090909,73.66974339393053,-8.292682926829311,64.91043203371969,86.89211485733206,83.07926829268291,90.57191392978483,86.31447330302531,80.22571148184494,92.40323512420566,87.47753999212473,86.14330874604848,88.811771238201,5500.0,329664.0
5600.0,1.421457261,1.204997244627691E-7,5600.0,88.10714285714286,73.9407490217999,-7.941653160453738,64.94736842105264,87.02669913675994,83.09644670050761,90.82644628099175,86.42872879488874,80.24509803921569,92.61235955056179,87.6330014224751,86.1578947368421,89.10810810810811,5600.0,329664.0
5700.0,1.442188909,1.222678088108119E-7,5700.0,88.21052631578948,74.07473736661221,-7.17703349282299,65.05460218408736,87.08763006677141,83.11557788944724,90.94339622641509,86.51216876793436,80.40836169178415,92.61597584408455,87.67079833312475,86.0114404576183,89.33015620863118,5700.0,329664.0
5800.0,1.462290972,1.2398219943492777E-7,5800.0,88.25862068965517,74.04359267484925,-6.572769953051563,64.87880350696237,87.06586604764512,82.99625468164793,91.03357472021067,86.51349338980229,80.44530493707647,92.58168184252811,87.62533762533762,85.71428571428571,89.53638953638954,5800.0,329664.0
5900.0,1.48197364,1.2566082224477496E-7,5900.0,88.30508474576271,74.08383392722159,-6.6460587326121034,64.92119979664463,87.08014687485105,82.97977306364085,91.09217660728117,86.55986235272341,80.59415428845233,92.5255704169945,87.6067237566297,85.510930350788,89.7025171624714,5900.0,329664.0
6000.0,1.501912182,1.2736126709281571E-7,6000.0,88.33333333333333,74.05281980980716,-6.544901065448997,64.77101157523904,87.06241303080544,82.89345063538612,91.1482043500253,86.54947722123802,80.57007125890736,92.52888318356868,87.5814649194346,85.35480624056366,89.80812359830551,6000.0,329664.0
6100.0,1.521452466,1.2902778722178605E-7,6100.0,88.22950819672131,73.83802993997882,-7.004470938897224,64.57819437592501,86.95026150487973,82.76524243879021,91.06298232511824,86.47441351682883,80.59841047218328,92.35041656147438,87.4313754251317,85.05180069067588,89.81095015958753,6100.0,329672.0
6200.0,1.542204036,1.307976135514718E-7,6200.0,88.04838709677419,73.40426763612787,-7.547169811320787,64.11622276029055,86.7238195977196,82.46153846153848,90.93577981651376,86.32654932159882,80.64814814814815,92.00495049504951,87.1247632125217,84.3583535108959,89.89117291414752,6200.0,329672.0
6300.0,1.562150207,1.324987503142427E-7,6300.0,88.07936507936508,73.4417689186349,-7.439198855507905,64.1869337148307,86.73937126939728,82.46556152229746,90.97030179151136,86.37056381685548,80.7868252516011,91.95430238210986,87.11134188843243,84.21554601812112,90.00713775874375,6300.0,329672.0
6400.0,1.582135434,1.3420321802195573E-7,6400.0,88.234375,73.71006840226475,-6.506364922206519,64.46436998584237,86.87231818985384,82.58959537572255,91.11504424778761,86.5105506247106,80.96101541251133,92.06008583690986,87.2371241211014,84.28504011326096,90.18920812894183,6400.0,329672.0
6500.0,1.602023677,1.358994143151802E-7,6500.0,88.35384615384615,73.97761456090099,-6.022408963585503,64.87238979118328,87.00410869664093,82.76804006373777,91.20483327524107,86.66307904632622,81.23324396782841,92.09291412482402,87.34783293595594,84.36194895591647,90.3337169159954,6500.0,329672.0
6600.0,1.62295524,1.376845915966522E-7,6600.0,88.2121212121212,73.64677189892282,-7.756232686980661,64.47488584474884,86.83578936551909,82.54039497307001,91.1024702653248,86.528734190259,81.15622241835834,91.90124596215968,87.14503152859318,83.97260273972603,90.31746031746032,6600.0,329672.0
6700.0,1.64894559,1.3990121451953217E-7,6700.0,88.26865671641791,73.74515742186641,-7.523939808481482,64.64237516869098,86.88224723942952,82.5875055383252,91.1546252532073,86.6097073968478,81.36185072020952,91.85756407348606,87.15650773067041,83.8506522717049,90.46236318963592,6700.0,329672.0
6800.0,1.673914112,1.420307411040862E-7,6800.0,88.38235294117646,73.92239845584871,-6.901217861975701,64.77931341952741,86.97066644444863,82.6526130873957,91.2668582799027,86.69736368886338,81.43660752920813,91.9581198485186,87.2456977556098,83.90548372715114,90.58591178406846,6800.0,329680.0
6900.0,1.695529283,1.4387426557358352E-7,6900.0,88.55072463768116,74.12274392909887,-6.61268556005404,64.81069042316257,87.07072650717377,82.66783677051338,91.45206665223978,86.79129565113385,81.4526588845655,92.1299324177022,87.3519624706054,83.91982182628063,90.78410311493018,6900.0,329680.0
7000.0,1.716519663,1.4566450258600627E-7,7000.0,88.5142857142857,74.01656531680538,-7.343124165554109,64.72136902150065,87.01489834780341,82.58232235701905,91.43222506393862,86.77920511724278,81.55755241762944,92.0008578168561,87.25187535568533,83.63317244405441,90.87057826731625,7000.0,329680.0
7100.0,1.738146547,1.4750902603913924E-7,7100.0,88.61971830985915,74.13028365777802,-7.4468085106383075,64.74694589877834,87.07078169417322,82.57869771453214,91.54988496130517,86.84906971147552,81.62830349531117,92.06983592763989,87.29362856553794,83.55148342059337,91.03577371048253,7100.0,329680.0
7200.0,1.760254174,1.4939455131844511E-7,7200.0,88.77777777777777,74.3783639517815,-7.304116865869827,64.94577006507592,87.19473466854643,82.67581475128645,91.70090386195562,86.97094961881953,81.72954641797372,92.21235281966536,87.41967433234585,83.64425162689805,91.19509703779367,7200.0,329680.0
7300.0,1.780899566,1.5115545029410884E-7,7300.0,88.72602739726028,74.24347081695515,-8.718626155878418,64.78391099700471,87.12618138976627,82.57463476603854,91.66751037764502,86.92564071859965,81.72673931265717,92.12454212454212,87.32764951009744,83.4403080872914,91.21499093290349,7300.0,329696.0
7400.0,1.80922379,1.5357129674682186E-7,7400.0,88.87837837837837,74.40881255915403,-8.718626155878487,64.7839109970047,87.20880850166809,82.57463476603854,91.8328867718567,87.00417540024561,81.72673931265717,92.28161148783407,87.41440646315982,83.4403080872914,91.38850483902824,7400.0,329696.0
7500.0,1.835770727,1.558355537863738E-7,7500.0,88.97333333333334,74.46766365105864,-8.959156785243746,64.64300983326208,87.23891684447067,82.51955189177764,91.94663550491772,87.01450017416448,81.60535117056857,92.42364917776038,87.46449408151162,83.45446772124839,91.47452044177486,7500.0,329696.0
7600.0,1.857689655,1.577050759471953E-7,7600.0,89.11842105263158,74.62147837277693,-8.959156785243701,64.64300983326208,87.315777252749,82.51955189177764,92.10048715254561,87.08723779726584,81.60535117056857,92.56912442396313,87.54551935767797,83.45446772124839,91.63657099410759,7600.0,329696.0
7700.0,1.884150482,1.5996204320521614E-7,7700.0,89.22077922077922,74.68709390331666,-9.354413702239812,64.51474989311673,87.34911137586705,82.46725813265738,92.21826364147759,87.10406340573651,81.50313152400835,92.70499528746466,87.59554201208847,83.45446772124839,91.73661630292855,7700.0,329704.0
7800.0,1.904244233,1.616759328768361E-7,7800.0,89.35897435897436,74.83028716566253,-9.354413702239732,64.51474989311673,87.42065977799321,82.46725813265738,92.36149457021902,87.17154726061658,81.50313152400835,92.83996299722479,87.67120016716146,83.45446772124839,91.88793261307453,7800.0,329704.0
7900.0,1.924397153,1.6339486934822881E-7,7900.0,89.49367088607595,74.96830476594772,-9.354413702239768,64.5147498931167,87.48962221656002,82.46725813265738,92.49954816555214,87.23657938598237,81.50313152400835,92.9700272479564,87.74413729525826,83.45446772124839,92.03380686926812,7900.0,329704.0
8000.0,1.944763477,1.6513200804137108E-7,8000.0,89.55,74.94016251874147,-10.144927536231874,64.25823001282599,87.4767080093047,82.36286919831223,92.57548845470693,87.19375499834527,81.29945855893378,93.08805143775675,87.76150342430553,83.45446772124839,92.06853912736265,8000.0,329704.0
8100.0,1.965173178,1.6687284656100597E-7,8100.0,89.67901234567901,75.0696944811602,-10.144927536231874,64.25823001282599,87.54142157347088,82.36286919831223,92.70506108202444,87.25439676499067,81.29945855893378,93.20933497104755,87.83034096008609,83.45446772124839,92.2062141989238,8100.0,329704.0
8200.0,1.986116546,1.686592473707907E-7,8200.0,89.8048780487805,75.1947831175445,-10.144927536231895,64.258230012826,87.60391539706323,82.36286919831223,92.83018867924527,87.31294707563863,81.29945855893378,93.3264355923435,87.89682949276887,83.45446772124839,92.33919126428937,8200.0,329712.0
8300.0,2.006568423,1.7040372560535248E-7,8300.0,89.9277108433735,75.31565320136285,-10.144927536231792,64.25823001282602,87.66430176426258,82.36286919831223,92.95109612141653,87.36951229353707,81.29945855893378,93.43956602814036,87.96108724092952,83.45446772124839,92.46770676061064,8300.0,329712.0
8400.0,2.027415594,1.7218192112558211E-7,8400.0,90.02380952380953,75.38015231484698,-10.4084321475626,64.17272338606244,87.69691780812603,82.3281315900464,93.05025709072814,87.38928348901875,81.23179359134414,93.54677338669335,88.00672569365504,83.45446772124839,92.5589836660617,8400.0,329712.0
8500.0,2.047724463,1.739142012453514E-7,8500.0,90.11764705882352,75.44147728113076,-10.671936758893294,64.08721675929883,87.72795489271333,82.29342327150084,93.1462140992167,87.40738719409762,81.16424116424116,93.65053322395406,88.05088261894265,83.45446772124839,92.64729751663691,8500.0,329712.0
8600.0,2.068829556,1.757143966688278E-7,8600.0,90.23255813953487,75.5514875721754,-10.671936758893342,64.08721675929884,87.78291057835995,82.29342327150084,93.25626204238921,87.45863389931186,81.16424116424116,93.75302663438256,88.10960089464433,83.45446772124839,92.76473406804024,8600.0,329712.0
8700.0,2.089489162,1.7747659350785737E-7,8700.0,90.3448275862069,75.658021178321,-10.671936758893267,64.08721675929885,87.83612958837551,82.29342327150084,93.36283185840708,87.50825243279571,81.16424116424116,93.85226370135028,88.16647297397115,83.45446772124839,92.87847822669391,8700.0,329712.0
8800.0,2.112260061,1.7941887673628207E-7,8800.0,90.45454545454545,75.79980625440128,-10.0917431192661,64.17910447761194,87.90695546529636,82.33809924306141,93.45998131423234,87.57691487968712,81.21111571961842,93.94271403975583,88.23949302948574,83.49680170575692,92.98218435321456,8800.0,329712.0
8900.0,2.138468722,1.8165438982251412E-7,8900.0,90.56179775280899,75.93856493816348,-9.80392156862741,64.27052318162485,87.9762696703176,82.38255033557046,93.55432780847146,87.6441494833469,81.25775755068267,94.0305414160111,88.31091651528682,83.53891960867715,93.08291342189648,8900.0,329712.0
9000.0,2.171547155,1.8447587199756878E-7,9000.0,90.64444444444445,75.98544447938075,-10.065359477124167,64.18545299872397,88.00008478395232,82.34800838574424,93.63567649281936,87.65500467698641,81.19057461761058,94.11943473636225,88.34789265138325,83.53891960867715,93.15686569408935,9000.0,329712.0
9100.0,2.204371754,1.8727577089638763E-7,9100.0,90.72527472527473,76.02995450485116,-10.326797385620822,64.10038281582308,88.02272314673665,82.31349538977368,93.71462615430444,87.66461105195785,81.12350268484097,94.20571941907471,88.38377303592844,83.53891960867715,93.22862646317974,9100.0,329720.0
9200.0,2.241349885,1.90429961089763E-7,9200.0,90.73913043478261,75.92247567965467,-11.372549019607751,63.76010208421948,87.97075488938341,82.17573221757323,93.74449339207048,87.5703839279216,80.85631947303416,94.28444838280903,88.37480365015549,83.53891960867715,93.21068769163382,9200.0,329720.0
9300.0,2.261797827,1.921741460008692E-7,9300.0,90.65591397849462,75.74206464124299,-11.69665809768636,63.5180520570949,87.88053629220792,82.05657650216807,93.68321581740206,87.48191928608891,80.73953677366924,94.22430179850856,88.28280257467287,83.41729638958859,93.14830875975716,9300.0,329720.0
9324.0,2.273020893,1.9313146006081465E-7,9324.0,90.66924066924066,75.76527678034789,-11.253196930946283,63.55257645580225,87.89186717764231,82.06924979389942,93.69382429689765,87.49867735703258,80.77079107505071,94.22656363901444,88.28860667667998,83.41013824884793,93.16707510451204,9324.0,329720.0
