learning evaluation instances,evaluation time (cpu seconds),model cost (RAM-Hours),classified instances,classifications correct (percent),Kappa Statistic (percent),Kappa Temporal Statistic (percent),Kappa M Statistic (percent),F1 Score (percent),F1 Score for class 0 (percent),F1 Score for class 1 (percent),Precision (percent),Precision for class 0 (percent),Precision for class 1 (percent),Recall (percent),Recall for class 0 (percent),Recall for class 1 (percent),model training instances,model serialized size (bytes)
100.0,2.165403847,1.3331245178766195E-5,100.0,100.0,?,?,?,?,100.0,?,?,100.0,?,?,100.0,?,100.0,2.3797656E7
200.0,5.33315521,3.415867527853098E-5,200.0,98.0,59.01639344262287,0.0,33.33333333333333,80.29315960912052,98.97435897435899,60.0,86.73469387755102,98.46938775510205,75.0,74.74226804123711,99.48453608247422,50.0,200.0,2.5414816E7
300.0,8.406815476,5.437861088463727E-5,300.0,98.66666666666667,59.3495934959351,0.0,33.33333333333352,80.45446476122848,99.3220338983051,60.0,86.99324324324324,98.98648648648648,75.0,74.82993197278911,99.65986394557824,50.0,300.0,2.5428824E7
400.0,11.449266243,7.439846244642846E-5,400.0,99.0,59.51417004048588,0.0,33.33333333333333,80.53412462908013,99.49367088607595,60.0,87.12121212121212,99.24242424242425,75.0,74.8730964467005,99.74619289340102,50.0,400.0,2.5435464E7
500.0,14.479347873,9.434106185929271E-5,500.0,98.8,49.46091644204845,0.0,25.0,76.74074961429301,99.39271255060727,50.0,86.99596774193547,98.99193548387096,75.0,68.64837398373984,99.79674796747967,37.5,500.0,2.5440744E7
600.0,17.544665454,1.1452065593318226E-4,600.0,98.66666666666667,42.3076923076929,0.0,20.0000000000004,74.320456725006,99.32546374367622,42.85714285714285,86.91275167785236,98.8255033557047,75.0,64.91525423728814,99.83050847457628,30.0,600.0,2.544716E7
700.0,20.621573959,1.3478813872962314E-4,700.0,97.28571428571429,28.800856531049252,-58.333333333333435,13.636363636363779,70.87789907651263,98.61616897305171,29.629629629629626,88.70503597122303,97.41007194244604,80.0,59.01716277822473,99.85250737463127,18.181818181818183,700.0,2.5461712E7
800.0,23.703290469,1.5512368419251914E-4,800.0,85.125,5.16039051603899,-815.3846153846164,2.459016393442571,63.48713214678303,91.92124915139172,6.299212598425196,82.57861635220127,85.15723270440252,80.0,51.56559794961072,99.85250737463127,3.278688524590164,800.0,2.550736E7
900.0,26.798274761,1.755607380879109E-4,900.0,78.0,2.8300343530181626,-607.1428571428576,1.4925373134328699,61.92635985458001,87.57841907151818,3.8834951456310676,78.99441340782123,77.98882681564245,80.0,50.92349411739585,99.85693848354794,1.9900497512437811,900.0,2.5524792E7
1000.0,29.892323202,1.9599928364079724E-4,1000.0,74.6,2.0930501484022837,-296.87500000000034,1.1673151750972772,61.23979591706661,85.385500575374,3.053435114503817,77.28643216080403,74.57286432160805,80.0,50.7109153657221,99.86541049798116,1.556420233463035,1000.0,2.5534376E7
1100.0,33.000055695,2.165361017069204E-4,1100.0,70.72727272727273,1.5427380125086922,-235.41666666666666,0.9230769230769104,60.505619312376744,82.7807486631016,2.424242424242424,75.34246575342466,70.68493150684931,80.0,50.55086848635235,99.87096774193547,1.2307692307692308,1100.0,2.5544176E7
1200.0,36.143174392,2.3731266235452086E-4,1200.0,70.33333333333334,1.3873179289490187,-204.27350427350413,0.8356545961002979,60.40425297575186,82.5147347740668,2.1978021978021975,75.14644351464435,70.29288702928869,80.0,50.497650031962216,99.88109393579072,1.1142061281337048,1200.0,2.5551432E7
1300.0,39.26797513,2.5797203777532267E-4,1300.0,68.0,1.135262609458715,-232.79999999999998,0.7159904534606317,59.96836205516228,80.88235294117648,1.886792452830189,73.97683397683397,67.95366795366795,80.0,50.42057327998396,99.88649262202043,0.9546539379474941,1300.0,2.5556256E7
1400.0,42.402817956,2.7870573387461225E-4,1400.0,66.07142857142857,0.9561824193500471,-227.58620689655186,0.6276150627614976,59.60897590495039,79.4993526111351,1.6563146997929605,73.01075268817205,66.02150537634408,80.0,50.36418010691692,99.89154013015184,0.8368200836820083,1400.0,2.5566032E7
1500.0,45.542577239,2.994762164063264E-4,1500.0,64.53333333333333,0.826446280991717,-197.20670391061466,0.5607476635514024,59.32146413552957,78.3739837398374,1.4814814814814816,72.24080267558529,64.48160535117057,80.0,50.322018304198345,99.89637305699482,0.7476635514018692,1500.0,2.5571288E7
1600.0,48.682268181,3.2024983369423614E-4,1600.0,63.0625,0.7202402200617422,-165.02242152466366,0.5050505050504943,59.047649938081356,77.27797001153404,1.335559265442404,71.50470219435736,63.00940438871473,80.0,50.28699854743592,99.90059642147118,0.6734006734006733,1600.0,2.5575704E7
1700.0,51.833859011,3.4110501029513006E-4,1700.0,61.76470588235294,0.6357513465879275,-170.8333333333332,0.4594180704441198,58.805608225230266,76.2946754194019,1.21580547112462,70.85545722713864,61.71091445427729,80.0,50.25852322174783,99.90448901623687,0.6125574272588056,1700.0,2.5579168E7
1800.0,55.003423958,3.6208825251407003E-4,1800.0,61.27777777777778,0.5863708399366021,-145.4225352112676,0.42857142857140995,58.70940628001298,75.92400690846284,1.1347517730496455,70.61281337047353,61.22562674094707,80.0,50.24025974025974,99.90909090909092,0.5714285714285714,1800.0,2.5590296E7
1900.0,58.164569691,3.8301853810603824E-4,1900.0,59.73684210526316,0.5147089019999624,-153.31125827814574,0.39062499999999023,58.42491746169118,74.72745292368681,1.034928848641656,69.84168865435356,59.68337730870712,80.0,50.21624705535924,99.91166077738515,0.5208333333333333,1900.0,2.5593696E7
2000.0,61.333590136,4.040037766615678E-4,2000.0,59.8,0.6367159693110868,-140.71856287425146,0.4950495049504955,59.04322713126899,74.76459510357816,1.2285012285012287,71.5312604480107,59.72918756268807,83.33333333333334,50.26745963186923,99.91610738255034,0.6188118811881188,2000.0,2.5597128E7
2100.0,64.488478865,4.24899992564166E-4,2100.0,58.333333333333336,0.9553563343294584,-135.8490566037736,0.7936507936508118,59.820389631268014,73.55696585071018,1.7957351290684622,73.54535310058982,58.20181731229077,88.88888888888889,50.412463836109154,99.91789819376025,0.9070294784580499,2100.0,2.5602712E7
2200.0,67.661504088,4.459182716836464E-4,2200.0,57.09090909090909,1.3288862916138149,-137.1859296482412,1.1518324607329853,60.289485162337186,72.49417249417249,2.4793388429752072,74.59463261932397,56.88157293095565,92.3076923076923,50.588111608738615,99.91967871485944,1.256544502617801,2200.0,2.5605072E7
2300.0,70.826184559,4.6688355401998437E-4,2300.0,56.913043478260875,2.657248283166495,-143.48894348894345,2.36453201970444,61.27702232166118,72.15509974711998,4.803073967339098,76.30911305053785,56.464379947229546,96.15384615384616,51.19261658775949,99.92217898832685,2.4630541871921183,2300.0,2.5607856E7
2400.0,74.011102965,4.8798725844108787E-4,2400.0,56.791666666666664,3.2315258064817014,-140.60324825986083,2.902621722846422,61.562948189894804,71.9653960529873,5.812897366030882,76.60060682874371,56.23151668779045,96.96969696969697,51.46058980328644,99.92492492492492,2.9962546816479403,2400.0,2.5613136E7
2500.0,77.188121696,5.090408146453697E-4,2500.0,57.199999999999996,4.7432519051349615,-133.1154684095861,4.293381037567082,62.2478203932072,72.07724425887265,8.39041095890411,77.18367346938774,56.36734693877551,98.0,52.15523378785251,99.92764109985528,4.382826475849732,2500.0,2.5615808E7
2600.0,80.359006122,5.300568632946249E-4,2600.0,56.230769230769226,6.963230540511319,-147.93028322440088,6.568144499178982,62.924183655402764,70.82051282051283,12.46153846153846,76.81280148782426,54.845115170770455,98.78048780487805,53.288943702637006,99.92764109985528,6.65024630541872,2600.0,2.561964E7
2700.0,83.521947778,5.510239344840518E-4,2700.0,55.2962962962963,8.607584429103778,-162.96296296296288,8.421851289833079,63.36964719005117,69.58931720836483,15.653389238294901,76.24867017182578,53.382296095863936,99.11504424778761,54.2126824619155,99.92764109985528,8.49772382397572,2700.0,2.562412E7
2800.0,86.691796704,5.720395950796213E-4,2800.0,55.07142857142857,11.152993213888621,-174.0740740740741,8.972503617945003,64.19832002966172,68.70646766169153,20.37974683544304,75.86649070096125,52.35026535253981,99.38271604938271,55.64083042298829,99.92764109985528,11.354019746121297,2800.0,2.5627536E7
2900.0,89.879123731,5.93176377296592E-4,2900.0,54.48275862068965,12.502857142857144,-187.5816993464053,4.486251808972494,64.58010417225118,67.66291033806958,23.166472642607687,75.32407407407408,51.14814814814815,99.5,56.518497756778764,99.92764109985528,13.10935441370224,2900.0,2.5633896E7
3000.0,93.061612776,6.14284178641301E-4,3000.0,54.06666666666666,13.819126066733256,-200.21786492374724,0.2894356005788634,64.97332075723736,66.71497584541063,25.913978494623652,74.82964658783764,50.07251631617113,99.58677685950413,57.4112865573442,99.92764109985528,14.894932014833126,3000.0,2.5637664E7
3100.0,96.226789081,6.352798393228455E-4,3100.0,54.12903225806451,15.64338519524378,-209.80392156862746,-2.8943560057887194,65.59548923299356,66.01338432122371,29.464285714285715,74.47532682791295,49.28622412562456,99.66442953020133,58.607592377634276,99.92764109985528,17.28754365541327,3100.0,2.5640944E7
3200.0,99.404849812,6.563621374262164E-4,3200.0,54.03125,16.73046795948605,-217.7105831533478,-5.979827089337189,65.95239034908519,65.34746760895172,31.740139211136885,74.1279410909321,48.54742737136857,99.70845481049562,59.40106303796019,99.92795389048992,18.874172185430464,3200.0,2.5642368E7
3300.0,102.576911658,6.774066692919797E-4,3300.0,54.81818181818182,18.29567192730752,-215.2219873150106,-4.926108374384216,66.5698261561142,65.57377049180327,34.288232701630676,74.27042030134814,48.797250859106526,99.74358974358975,60.31606417685901,99.92962702322308,20.702501330494943,3300.0,2.564484E7
3400.0,105.75511429,6.984927502584475E-4,3400.0,55.17647058823529,19.78661778979747,-219.49685534591202,-6.79747722494745,67.02059051503083,65.14181152790485,37.232289950576615,73.84690012873375,48.35314091680815,99.34065934065934,61.34952198051409,99.78976874562018,22.90927521540801,3400.0,2.5645824E7
3500.0,108.931932835,7.195704439171622E-4,3500.0,55.800000000000004,20.692556334723267,-218.31275720164592,-5.095108695652155,67.3992816254746,65.5072463768116,38.489065606361834,74.06968843430691,48.755393295718555,99.38398357289527,61.831036682102734,99.7961956521739,23.86587771203156,3500.0,2.5646792E7
3600.0,112.123661894,7.407483545978019E-4,3600.0,56.25,21.354860186418108,-219.47261663286008,-3.960396039603973,67.59347604050735,65.72361262241566,39.53934740882917,74.03221778221778,49.02597402597403,99.03846153846155,62.18510340242657,99.66996699669967,24.700239808153476,3600.0,2.5648352E7
3700.0,115.309006284,7.618860109928109E-4,3700.0,56.99999999999999,22.45951408471481,-220.1207243460766,-1.9218449711723322,68.05353906209672,66.1705294492877,41.008527994067485,74.31326986212923,49.52259707192871,99.10394265232975,62.766447467923584,99.67969250480462,25.853202431042543,3700.0,2.5650912E7
3800.0,118.484501375,7.829593335687503E-4,3800.0,57.23684210526315,23.18696355268067,-213.70656370656383,-2.5236593059936983,68.33247655244175,66.03970741901777,42.27353463587922,74.27083333333333,49.375,99.16666666666667,63.27342253491038,99.6845425867508,26.86230248306998,3800.0,2.565216E7
3900.0,121.684533192,8.0419622930839E-4,3900.0,57.692307692307686,23.717077725125886,-208.41121495327118,-0.7941356139279354,68.56240340398122,66.42246642246641,42.82744282744283,74.49953981517174,49.80164784864205,99.19743178170144,63.50172262021832,99.69456322541234,27.308882015024306,3900.0,2.5653056E7
4000.0,124.878490774,8.253941092121739E-4,4000.0,58.175,25.17721773742705,-212.7102803738317,-2.1991447770311567,69.11479068914235,66.1130241037067,45.380346065948416,74.37012987012987,49.45454545454545,99.28571428571429,64.55316396564734,99.69456322541234,29.411764705882355,4000.0,2.5654624E7
4100.0,128.053584382,8.464690190148834E-4,4100.0,58.21951219512195,25.70137948544346,-218.99441340782127,-4.0072859744990925,69.30383070203021,65.7194316589954,46.518888541991885,74.17412935323384,49.014925373134325,99.33333333333333,65.03369602318362,99.69641772920461,30.37097431716266,4100.0,2.5657336E7
4200.0,131.248816276,8.676782197340114E-4,4200.0,58.738095238095234,26.740922179063514,-216.81901279707492,-3.89688249400481,69.71210139630902,65.74421822494564,48.129302604010775,74.21176684155215,49.041580654674135,99.38195302843016,65.72689715526158,99.70023980815348,31.753554502369667,4200.0,2.5658088E7
4300.0,134.437647297,8.88846219884261E-4,4300.0,59.0,27.57387924808064,-221.71532846715328,-5.568862275449109,70.0259690448597,65.3838602002749,49.7291132021671,74.03570853948955,48.64154250657318,99.42987457240594,66.42824616925844,99.7005988023952,33.155893536121674,4300.0,2.5659648E7
4400.0,137.633655008,9.10062607553433E-4,4400.0,59.63636363636363,28.52867706347103,-218.27956989247315,-3.9812646370023534,70.41255942727382,65.7275183326901,50.91210613598673,74.24067214519212,49.02130109383995,99.46004319654428,66.95987068980517,99.7072599531616,34.21248142644874,4400.0,2.5660552E7
4500.0,140.821572793,9.312264654287843E-4,4500.0,60.28888888888889,29.55830433265264,-218.53832442067724,-2.6421596783457844,70.82475793105021,66.02015592317932,52.23202352312216,74.41852723670758,49.34621944286526,99.4908350305499,67.562094832868,99.71280873061458,35.41138093512142,4500.0,2.5661976E7
4600.0,144.007863248,9.523805023924174E-4,4600.0,60.76086956521739,30.540055875811007,-221.17437722419933,-3.3199771036061865,71.20475242770465,65.8725657024012,53.848120685246734,74.35433186850956,49.18125352907962,99.52741020793951,68.31115621371653,99.71379507727532,36.90851735015773,4600.0,2.5663168E7
4700.0,147.208932025,9.736334090611495E-4,4700.0,61.38297872340426,31.43108206824531,-221.23893805309737,-1.4533258803801057,71.5639859547948,66.28274196544677,54.81702763256161,74.59310323313619,49.638286032276014,99.54792043399638,68.77128426532693,99.72051425377306,37.8220542768808,4700.0,2.566408E7
4800.0,150.406631897,9.948844311472734E-4,4800.0,61.75000000000001,32.06274760117393,-218.19757365684563,-1.1570247933884048,71.81300097394907,66.34897360703812,55.694980694980686,74.640105651317,49.7116176874485,99.5685936151855,69.19224220274928,99.72451790633609,38.65996649916248,4800.0,2.568884E7
4900.0,153.612671148,0.0010161923540797694,4900.0,62.04081632653061,32.633492345098055,-219.03945111492285,-1.583833970507908,72.03477937967988,66.25544267053701,56.623134328358205,74.59795651527621,49.60608530290681,99.58982772764561,69.64189204459814,99.72692517749864,39.556858911697624,4900.0,2.5690624E7
5000.0,156.820327366,0.0010375118468549062,5000.0,62.519999999999996,33.500662793287276,-217.0896785109984,-1.9032082653616111,72.37285253713924,66.18549260194875,57.96321220278151,74.57095259818718,49.52741020793951,99.61449498843486,70.30062725794713,99.72811310494835,40.8731414109459,5000.0,2.5691616E7
5100.0,160.027572778,0.0010588301491870065,5100.0,62.66666666666667,33.828592175768016,-221.07925801011788,-2.8077753779697465,72.49925646160335,65.98785280457305,58.62668405041287,74.46832505139899,49.3059263214095,99.63072378138847,70.63163641489962,99.73002159827213,41.533251231527096,5100.0,2.5693472E7
5200.0,163.229129859,0.0010801116885422108,5200.0,63.11538461538462,34.60805747063736,-221.2730318257957,-3.3405172413793114,72.80386507834655,65.87188612099644,59.8744769874477,74.4141093307363,49.17640807651434,99.65181058495823,71.2618328246164,99.73060344827587,42.79306220095694,5200.0,2.5694736E7
5300.0,166.430437608,0.0011013923390777317,5300.0,63.50943396226415,35.27008204941151,-220.7296849087894,-3.8668098818474883,73.06333213534523,65.75779036827197,60.94507269789984,74.3594386884587,49.04912836767036,99.66974900924703,71.81163454635092,99.73147153598282,43.89179755671902,5300.0,2.5695664E7
5400.0,169.63479003,0.0011226950593983098,5400.0,63.81481481481481,35.71729353210553,-220.85385878489333,-3.7154989384288717,73.20696593969882,65.76734407848633,61.626080125687345,74.32028279846229,49.0847280334728,99.55583756345177,72.12651174249835,99.6284501061571,44.624573378839585,5400.0,2.5697872E7
5500.0,172.834188469,0.0011439673813851822,5500.0,64.29090909090908,36.44383922986077,-219.34959349593498,-3.477344573234987,73.49480048663929,65.81970066132963,62.61895698515416,74.35934141442615,49.142411642411645,99.57627118644068,72.65013173222464,99.63119072708115,45.669072737368126,5500.0,2.5700936E7
5600.0,176.033621041,0.001165241804219869,5600.0,64.71428571428571,37.097250960685784,-220.25931928687191,-3.9999999999999987,73.75307011873879,65.70635196112461,63.663111438028686,74.30664603146887,49.016053858104605,99.59723820483313,73.20768136557611,99.63157894736842,46.78378378378378,5600.0,2.57032E7
5700.0,179.253421373,0.0011866525674412024,5700.0,65.21052631578948,37.803331946673005,-216.26794258373207,-3.12012480499221,74.01827007609486,65.88680543609152,64.50689099695722,74.39340141175134,49.228791773778916,99.55801104972376,73.64690298493592,99.58398335933437,47.70982261053746,5700.0,2.5704288E7
5800.0,182.46952579,0.0012080395193190166,5800.0,65.6896551724138,38.49838221225295,-211.42410015649435,-2.630221763795744,74.29410584992199,65.99453178400546,65.37926235212248,74.46218636369115,49.34832609251214,99.57604663487017,74.12678243003153,99.5874161939144,48.666148666148665,5800.0,2.5705208E7
5900.0,185.679262116,0.0012293853725368993,5900.0,66.0677966101695,39.04184250750559,-209.42812982998453,-1.7793594306049705,74.51006838737244,66.18243243243242,65.95238095238095,74.57320485400425,49.55729825449026,99.58911145351823,74.4470387376973,99.59328927300457,49.30078820239003,5900.0,2.5706712E7
6000.0,188.887567255,0.0012507244235977972,6000.0,66.41666666666667,39.506081415107374,-206.69710806697097,-1.4091595369904164,74.6529591424438,66.23093681917211,66.600364661031,74.55184337529231,49.64824120603015,99.45544554455445,74.75434957174288,99.44640161046804,50.0622975330177,6000.0,2.5709984E7
6100.0,192.096686262,0.0012720703357216243,6100.0,66.65573770491802,39.82922662171421,-203.12965722801795,-0.3453379378391802,74.75555954476604,66.44671725503134,66.86217008797655,74.64185951615855,49.913258983890955,99.37046004842614,74.86960649449955,99.35865811544153,50.38055487355757,6100.0,2.5711728E7
6200.0,195.326166838,0.0012935531561469127,6200.0,66.74193548387096,39.81656489688776,-199.27431059506546,0.14527845036316403,74.59616765534889,66.42787365678932,67.05017577500799,74.42960643042996,50.03679175864606,98.82242110221385,74.7634760255423,98.78934624697337,50.73760580411124,6200.0,2.5713488E7
6300.0,198.533117995,0.0013148870511467709,6300.0,67.17460317460318,40.42489445954811,-195.85121602288993,1.3829279923700544,74.8169009141554,66.68814432989691,67.64705882352942,74.55963615427927,50.35271223546582,98.76656007309273,75.07594718262757,98.71244635193133,51.43944801332382,6300.0,2.5714624E7
6400.0,201.755465379,0.0013363240481149257,6400.0,67.453125,40.828003154608865,-194.6251768033946,1.6989145823501626,74.98187739844833,66.76240625498643,68.11572018980561,74.61750489439581,50.43394406943105,98.80106571936057,75.34982597579061,98.72581406323737,51.973837888343844,6400.0,2.571544E7
6500.0,204.971229304,0.0013577184592219794,6500.0,67.81538461538462,41.36308616970034,-192.99719887955195,2.923433874709969,75.19829103641841,67.04473850031506,68.55081178592904,74.79045049073987,50.75125208681135,98.8296488946684,75.61060396914607,98.74709976798144,52.47410817031071,6500.0,2.5716896E7
6600.0,208.18506646,0.0013791027852900317,6600.0,67.92424242424242,41.484803940044976,-193.21329639889206,3.333333333333313,75.2040792859364,67.1017871017871,68.70657797487065,74.77174345239435,50.85983510011779,98.68365180467092,75.64144379212873,98.58447488584476,52.6984126984127,6600.0,2.5720184E7
6700.0,211.399724359,0.0014004935704036328,6700.0,68.31343283582089,42.06124943157369,-190.4240766073871,4.498425551057142,75.4371542051669,67.37359766405409,69.2006383287393,74.94201046864661,51.16713352007469,98.71688741721854,75.93888431209007,98.60548807917229,53.272280545007824,6700.0,2.5721384E7
6800.0,214.612996548,0.0014218768838126015,6800.0,68.38235294117648,42.154756679246226,-190.9336941813262,4.146232724030315,75.47964967332285,67.29540614542135,69.39937375462567,74.90904299436308,51.073655045024246,98.7444309437019,76.05901607331556,98.61792242532323,53.50010972130788,6800.0,2.5723488E7
6900.0,217.826906487,0.0014432653059451965,6900.0,68.73913043478261,42.646021757309285,-191.0931174089069,3.9198218262806526,75.67951262860993,67.24373576309796,70.1039501039501,74.90144369239631,51.013824884792626,98.7890625,76.47391625739499,98.61915367483296,54.328678839957036,6900.0,2.5724528E7
7000.0,221.032771199,0.0014646014746298023,7000.0,68.97142857142858,42.97324536019987,-189.98664886515357,4.695041684949557,75.79157788973683,67.40696278511406,70.39258451472192,74.97905906412221,51.220068415051315,98.73804971319312,76.62189953694336,98.55199648968846,54.69180258419827,7000.0,2.572608E7
7100.0,224.250643605,0.0014860183046736862,7100.0,69.35211267605635,43.50869176929948,-189.36170212765947,5.06108202443281,76.00831148365359,67.49327756199581,71.00985877964295,75.04722733685645,51.317582916855976,98.77687175685693,76.99433100155935,98.56020942408377,55.42845257903494,7100.0,2.5726976E7
7200.0,227.459272613,0.0015073741722873139,7200.0,69.69444444444444,43.98423469116703,-189.7742363877821,5.336225596529286,76.20116798788757,67.55872732679154,71.56632786030754,75.10180523962353,51.391087989142726,98.81252249010434,77.3331944810655,98.56832971800435,56.09805924412667,7200.0,2.5727648E7
7300.0,230.677649472,0.0015287973770914082,7300.0,69.87671232876713,44.23786785353914,-190.48877146631435,5.905006418485237,76.28516949491437,67.67602528296338,71.79684494036168,75.1550015944195,51.545006717420506,98.76499647141848,77.44984688147144,98.50235344458707,56.39734031835584,7300.0,2.57306E7
7400.0,233.894429788,0.001550210207451457,7400.0,70.25675675675676,44.73896068504499,-190.75297225891677,5.819426615318795,76.48864114100039,67.65613519470978,72.47029393370858,75.16410466546404,51.521933751119064,98.806275579809,77.86069676969628,98.50235344458707,57.21904009480545,7400.0,2.5730904E7
7500.0,237.109626941,0.0015716130516213135,7500.0,70.6,45.18221349365793,-190.51383399209502,5.7289439931594455,76.66911780039236,67.63540290620871,73.06705753023085,75.17044945888426,51.497541350022345,98.84335756774621,78.22875946883171,98.50363403163746,57.95388490602596,7500.0,2.5731568E7
7600.0,240.313020494,0.0015929377461860038,7600.0,70.98684210526316,45.678085182000785,-190.51383399209476,5.7289439931594766,76.8702023551628,67.63540290620871,73.70931203052344,75.18894981768551,51.497541350022345,98.88035828534869,78.62836139901583,98.50363403163746,58.75308876639422,7600.0,2.573208E7
7700.0,243.53350715,0.001614377081093847,7700.0,71.18181818181817,45.88325303908055,-192.3583662714099,5.130397605814451,76.95717833765649,67.4967042624872,74.11641199113497,75.12361731741264,51.33689839572193,98.91033623910336,78.88248293635594,98.50363403163746,59.26133184107443,7700.0,2.5733104E7
7800.0,246.737741765,0.0016357085018858617,7800.0,71.55128205128204,46.34070665756936,-192.35836627140975,5.130397605814433,77.1429253214765,67.4967042624872,74.70648580873134,75.14006755534889,51.33689839572193,98.94323671497585,79.25547934872479,98.50363403163746,60.00732466581212,7800.0,2.573344E7
7900.0,249.951905673,0.001657106496852052,7900.0,71.81012658227847,46.62908975345747,-193.4123847167325,4.788371098760135,77.26232674577237,67.41770299926847,75.15895147796988,75.10867474313243,51.245551601423486,98.97179788484137,79.54313152759718,98.50363403163746,60.58262902355691,7900.0,2.5734008E7
8000.0,253.157857045,0.0016784506801867409,8000.0,72.0625,46.903108983328764,-194.46640316205523,4.446344591705861,77.37601240007017,67.33888645330994,75.59244293982746,75.07669257126135,51.15452930728242,98.99885583524028,79.82062111403458,98.50363403163746,61.13760819643173,8000.0,2.5735048E7
8100.0,256.377176399,0.0016998844628502616,8100.0,72.25925925925925,47.09045312435137,-196.04743083003945,3.93330483112442,77.45572465241568,67.22100656455142,75.9550561797753,75.02101901572188,51.01860053144376,99.0234375,80.0537611227446,98.50363403163746,61.60388821385177,8100.0,2.5735768E7
8200.0,259.59914706,0.001721336370991646,8200.0,72.53658536585365,47.39331338086729,-196.7061923583664,3.7195382642154793,77.58048882579247,67.17201166180759,76.39412997903564,75.00541551765406,50.96217650962177,99.04865452568633,80.33866226406987,98.50363403163746,62.173690496502296,8200.0,2.5736336E7
8300.0,262.814262668,0.001742743143837335,8300.0,72.75903614457832,47.61142513852071,-197.8919631093543,3.3347584437794087,77.67204597528364,67.08400058232638,76.76497790566232,74.96627259472658,50.86092715231788,99.07161803713528,80.58045315069542,98.50363403163746,62.65727226975339,8300.0,2.5736944E7
8400.0,266.028156405,0.0017641501621443077,8400.0,72.91666666666666,47.73028542819919,-199.73649538866954,2.7362120564343795,77.72479539727514,66.94755193956125,77.05959463547443,74.89827450178248,50.70422535211267,99.09232365145229,80.7730181377458,98.50363403163746,63.04240224385415,8400.0,2.5747024E7
8500.0,269.237127225,0.0017855250142986847,8500.0,73.14117647058823,47.94556456134141,-200.790513833992,2.3941855493800466,77.81508203427126,66.86983021332172,77.41616381442279,74.86429470640292,50.61511423550088,99.11347517730496,81.00802542354475,98.50363403163746,63.512416815452035,8500.0,2.5747776E7
8600.0,272.46846094,0.0018070491927997744,8600.0,73.43023255813954,48.25441668868923,-201.0540184453229,2.308678922616502,77.94171941287608,66.85042797040477,77.83060056272437,74.86391673618994,50.59288537549407,99.13494809688581,81.28344135697829,98.50363403163746,64.06324868231911,8600.0,2.5748216E7
8700.0,275.693087761,0.0018285291432689886,8700.0,73.6896551724138,48.51735099934915,-201.58102766798422,2.137665669089372,78.0503252731255,66.81165724227925,78.20622679234505,74.85174188192785,50.54848617814831,99.15499758570738,81.53447697494465,98.50363403163746,64.56531991825184,8700.0,2.5748752E7
8800.0,278.919809522,0.0018500237831801968,8800.0,73.94318181818181,48.79940564032713,-200.52424639580616,2.2174840085287677,78.16560222763317,66.83060899754085,78.54402545148311,74.87107237327805,50.56917688266199,99.17296786389413,81.76341376001479,98.50746268656717,65.01936483346243,8800.0,2.5749632E7
8900.0,282.141458197,0.001871485462434548,8900.0,74.12359550561798,48.97197069513755,-201.04575163398692,2.0416843896214227,78.23815080102356,66.79163662581111,78.80349746893695,74.85631207876209,50.523560209424076,99.1890639481001,81.94001519416597,98.51127179923436,65.36875858909758,8900.0,2.5750632E7
9000.0,285.351933587,0.0018928739045342396,9000.0,74.21111111111112,48.97455190965469,-203.3986928104576,1.276052743513428,78.24517475556783,66.61872572990076,78.9897709785462,74.76506448053608,50.32594524119948,99.20418371987267,82.0650809289449,98.51127179923436,65.61889005865544,9000.0,2.5752072E7
9100.0,288.57418899,0.0019143423131583856,9100.0,74.4065934065934,49.137341824402284,-204.44444444444437,0.9357720119098136,78.31440389732819,66.54216348225829,79.27751579322003,74.72955084569712,50.23861171366595,99.22048997772829,82.26052551289322,98.51127179923436,66.00977922655208,9100.0,2.5753856E7
9200.0,291.822679581,0.0019359861803836986,9200.0,74.55434782608695,49.227416158002555,-206.01307189542473,0.42535091450444207,78.35531280215939,66.42764950523447,79.51343309705085,74.67182614195902,50.10817827780182,99.2354740061162,82.42106150919523,98.51127179923436,66.33085121915609,9200.0,2.5754648E7
9300.0,295.051964958,0.0019575038792861363,9300.0,74.53763440860214,49.14994062136158,-204.37017994858624,0.5877413937867195,78.26428404122667,66.39227930740846,79.50493335641336,74.61128101797108,50.150085763293305,99.07247627264883,82.29340755288835,98.19479429051218,66.39202081526453,9300.0,2.5756792E7
9324.0,296.540707901,0.0019674238609532833,9324.0,74.57099957099958,49.18455140029324,-203.1969309462915,0.6702974444909965,78.27087437375968,66.40215388975486,79.54447416098697,74.61294145902906,50.17130620985011,99.054576708208,82.30596102247416,98.15668202764977,66.45524001729855,9324.0,2.5756896E7
