learning evaluation instances,evaluation time (cpu seconds),model cost (RAM-Hours),classified instances,classifications correct (percent),Kappa Statistic (percent),Kappa Temporal Statistic (percent),Kappa M Statistic (percent),F1 Score (percent),F1 Score for class 0 (percent),F1 Score for class 1 (percent),Precision (percent),Precision for class 0 (percent),Precision for class 1 (percent),Recall (percent),Recall for class 0 (percent),Recall for class 1 (percent),model training instances,model serialized size (bytes),tree size (nodes),tree size (leaves),active learning leaves,tree depth,active leaf byte size estimate,inactive leaf byte size estimate,byte size estimate overhead
100.0,6.384207072,1.7244542675610382E-6,100.0,100.0,?,?,?,?,100.0,?,?,100.0,?,?,100.0,?,100.0,1044112.0,1.0,1.0,1.0,0.0,0.0,0.0,1.0
200.0,11.171511679,3.318040035850255E-6,200.0,97.0,0.0,-50.0,0.0,?,98.47715736040608,?,?,97.0,?,50.0,100.0,0.0,200.0,1286728.0,1.0,1.0,1.0,0.0,0.0,0.0,1.0
300.0,15.784739544,4.855550903796943E-6,300.0,98.0,0.0,-50.00000000000042,0.0,?,98.98989898989899,?,?,98.0,?,50.0,100.0,0.0,300.0,1288296.0,1.0,1.0,1.0,0.0,0.0,0.0,1.0
400.0,20.406221716,6.39681708056464E-6,400.0,98.5,0.0,-50.0,0.0,?,99.24433249370279,?,?,98.5,?,50.0,100.0,0.0,400.0,1289136.0,1.0,1.0,1.0,0.0,0.0,0.0,1.0
500.0,25.007457349,7.931988097680707E-6,500.0,98.4,0.0,-33.33333333333333,0.0,?,99.19354838709677,?,?,98.4,?,50.0,100.0,0.0,500.0,1289688.0,1.0,1.0,1.0,0.0,0.0,0.0,1.0
600.0,29.586622749,9.460439972008449E-6,600.0,98.33333333333333,0.0,-25.00000000000063,0.0,?,99.15966386554621,?,?,98.33333333333333,?,50.0,100.0,0.0,600.0,1290232.0,1.0,1.0,1.0,0.0,0.0,0.0,1.0
700.0,34.199036396,1.1001784202258281E-5,700.0,96.85714285714285,0.0,-83.33333333333377,0.0,?,98.4034833091437,?,?,96.85714285714285,?,50.0,100.0,0.0,700.0,1291736.0,1.0,1.0,1.0,0.0,0.0,0.0,1.0
800.0,38.752593914,1.2529095894799684E-5,800.0,84.75,0.0,-838.461538461539,0.0,?,91.74560216508796,?,?,84.75,?,50.0,100.0,0.0,800.0,1296520.0,1.0,1.0,1.0,0.0,0.0,0.0,1.0
900.0,43.316927351,1.4062071807769729E-5,900.0,77.66666666666666,0.0,-617.8571428571435,0.0,?,87.4296435272045,?,?,77.66666666666666,?,50.0,100.0,0.0,900.0,1298256.0,1.0,1.0,1.0,0.0,0.0,0.0,1.0
1000.0,47.893501755,1.560039976222439E-5,1000.0,74.3,0.0,-301.56250000000034,0.0,?,85.25530694205393,?,?,74.3,?,50.0,100.0,0.0,1000.0,1299304.0,1.0,1.0,1.0,0.0,0.0,0.0,1.0
1100.0,52.457775761,1.7138485027158307E-5,1100.0,70.45454545454545,0.0,-238.5416666666666,0.0,?,82.66666666666667,?,?,70.45454545454545,?,50.0,100.0,0.0,1100.0,1302600.0,1.0,1.0,1.0,0.0,0.0,0.0,1.0
1200.0,57.053062663,1.869115816587885E-5,1200.0,70.08333333333333,0.0,-206.83760683760676,0.0,?,82.41058304752573,?,?,70.08333333333333,?,50.0,100.0,0.0,1200.0,1306080.0,1.0,1.0,1.0,0.0,0.0,0.0,1.0
1300.0,61.574765356,2.0219473729885005E-5,1300.0,67.76923076923077,0.0,-235.20000000000005,0.0,?,80.7886290692343,?,?,67.76923076923077,?,50.0,100.0,0.0,1300.0,1306512.0,1.0,1.0,1.0,0.0,0.0,0.0,1.0
1400.0,66.119607778,2.175685201642678E-5,1400.0,65.85714285714286,0.0,-229.6551724137932,0.0,?,79.41429801894918,?,?,65.85714285714286,?,50.0,100.0,0.0,1400.0,1307568.0,1.0,1.0,1.0,0.0,0.0,0.0,1.0
1500.0,70.705004121,2.3308593745667444E-5,1500.0,64.33333333333333,0.0,-198.88268156424593,0.0,?,78.29614604462475,?,?,64.33333333333333,?,50.0,100.0,0.0,1500.0,1308112.0,1.0,1.0,1.0,0.0,0.0,0.0,1.0
1600.0,75.232271647,2.484111387405584E-5,1600.0,62.875,0.0,-166.36771300448424,0.0,?,77.20644666155026,?,?,62.875,?,50.0,100.0,0.0,1600.0,1308496.0,1.0,1.0,1.0,0.0,0.0,0.0,1.0
1700.0,79.776126018,2.6379690783676028E-5,1700.0,61.588235294117645,0.0,-172.08333333333326,0.0,?,76.22861303239898,?,?,61.588235294117645,?,50.0,100.0,0.0,1700.0,1308872.0,1.0,1.0,1.0,0.0,0.0,0.0,1.0
1800.0,84.323106808,2.7920681423784956E-5,1800.0,61.111111111111114,0.0,-146.47887323943655,0.0,?,75.86206896551725,?,?,61.111111111111114,?,50.0,100.0,0.0,1800.0,1310024.0,1.0,1.0,1.0,0.0,0.0,0.0,1.0
1900.0,88.874417667,2.9463629352016776E-5,1900.0,59.578947368421055,0.0,-154.30463576158942,0.0,?,74.67018469656993,?,?,59.578947368421055,?,50.0,100.0,0.0,1900.0,1310440.0,1.0,1.0,1.0,0.0,0.0,0.0,1.0
2000.0,93.44021692,3.101177249840098E-5,2000.0,59.599999999999994,0.0,-141.9161676646706,0.0,?,74.68671679197995,?,?,59.599999999999994,?,50.0,100.0,0.0,2000.0,1310680.0,1.0,1.0,1.0,0.0,0.0,0.0,1.0
2100.0,97.996671905,3.255733191187658E-5,2100.0,57.99999999999999,0.0,-137.73584905660383,0.0,?,73.41772151898734,?,?,57.99999999999999,?,50.0,100.0,0.0,2100.0,1311176.0,1.0,1.0,1.0,0.0,0.0,0.0,1.0
2200.0,102.540072614,3.409873597501431E-5,2200.0,56.59090909090909,0.0,-139.9497487437186,0.0,?,72.27866473149493,?,?,56.59090909090909,?,50.0,100.0,0.0,2200.0,1311408.0,1.0,1.0,1.0,0.0,0.0,0.0,1.0
2300.0,107.069936935,3.5635913279840086E-5,2300.0,55.869565217391305,0.0,-149.38574938574936,0.0,?,71.68758716875871,?,?,55.869565217391305,?,50.0,100.0,0.0,2300.0,1311720.0,1.0,1.0,1.0,0.0,0.0,0.0,1.0
2400.0,111.615851816,3.717929929664383E-5,2400.0,55.50000000000001,0.0,-147.79582366589327,0.0,?,71.38263665594855,?,?,55.50000000000001,?,50.0,100.0,0.0,2400.0,1312368.0,1.0,1.0,1.0,0.0,0.0,0.0,1.0
2500.0,116.176263985,3.872784325190534E-5,2500.0,55.279999999999994,0.0,-143.5729847494554,0.0,?,71.20041215868109,?,?,55.279999999999994,?,50.0,100.0,0.0,2500.0,1312568.0,1.0,1.0,1.0,0.0,0.0,0.0,1.0
2600.0,120.733680553,4.027778462024376E-5,2600.0,53.15384615384615,0.0,-165.35947712418303,0.0,?,69.4123556002009,?,?,53.15384615384615,?,50.0,100.0,0.0,2600.0,1314616.0,1.0,1.0,1.0,0.0,0.0,0.0,1.0
2700.0,125.318384412,4.1837433164484803E-5,2700.0,51.18518518518519,0.0,-187.14596949891057,0.0,?,67.71190592846644,?,?,51.18518518518519,?,50.0,100.0,0.0,2700.0,1314976.0,1.0,1.0,1.0,0.0,0.0,0.0,1.0
2800.0,129.909190027,4.340109567214764E-5,2800.0,50.535714285714285,2.297987610639083,-201.74291938997823,-0.21707670043416166,60.82115544454096,66.61846228006749,4.548587181254306,74.97289483194795,49.945789663895916,100.0,51.163610719322996,100.0,2.32722143864598,2800.0,1316608.0,1.0,1.0,1.0,0.0,0.0,0.0,1.0
2900.0,134.45907383,4.495139431094368E-5,2900.0,52.241379310344826,8.385096001197056,-201.74291938997828,-0.21707670043416083,63.03777325153208,66.61846228006749,16.1114476075106,74.97289483194795,49.945789663895916,100.0,54.38076416337287,100.0,8.761528326745719,2900.0,1317096.0,1.0,1.0,1.0,0.0,0.0,0.0,1.0
3000.0,139.00158649,4.649967021601045E-5,3000.0,53.833333333333336,13.419678883903604,-201.74291938997814,-0.21707670043415359,64.8916724314456,66.61846228006749,25.175580767152887,74.97289483194795,49.945789663895916,100.0,57.200247218788626,100.0,14.400494437577255,3000.0,1317512.0,1.0,1.0,1.0,0.0,0.0,0.0,1.0
3100.0,143.555888378,4.805236025242346E-5,3100.0,55.32258064516129,17.653002198732924,-201.7429193899782,-0.2170767004341552,66.46515035148911,66.61846228006749,32.47196489517308,74.97289483194795,49.945789663895916,100.0,59.69150174621654,100.0,19.383003492433062,3100.0,1317848.0,1.0,1.0,1.0,0.0,0.0,0.0,1.0
3200.0,148.099867634,4.960226454342845E-5,3200.0,56.53125,20.723914335093905,-200.43196544276464,-0.21613832853026757,67.32831510866097,66.5222623345367,38.04008908685969,74.28005418529668,49.945789663895916,98.61431870669746,61.56642237787151,99.56772334293949,23.56512141280353,3200.0,1318472.0,1.0,1.0,1.0,0.0,0.0,0.0,1.0
3300.0,152.666422725,5.1160162198101824E-5,3300.0,56.84848484848485,21.10917226746999,-201.05708245243133,-0.21111893033074142,66.2016672306703,65.99808978032475,40.96185737976783,71.31435824658212,49.945789663895916,92.6829268292683,61.77301700074792,97.25545390570021,26.290580095795633,3300.0,1318720.0,1.0,1.0,1.0,0.0,0.0,0.0,1.0
3400.0,157.215511021,5.116076474652835E-5,3400.0,57.94117647058824,23.584481897443535,-199.79035639413001,-0.2102312543798118,67.12831098350294,65.90367191225562,45.126630851880286,71.41839246227971,49.945789663895916,92.89099526066352,63.32443132960701,96.84653118430273,29.802331474911302,3400.0,512.0,3.0,2.0,2.0,1.0,0.0,0.0,1.0
3500.0,163.553511617,5.483492125698862E-5,3500.0,58.885714285714286,25.00775756146341,-196.09053497942378,2.2418478260869623,67.68007294352934,66.41773628938157,46.99815837937385,71.72705120901036,50.58656238890864,92.86754002911208,64.06538086356231,96.6711956521739,31.45956607495069,3500.0,2240824.0,3.0,2.0,2.0,1.0,0.0,0.0,1.0
3600.0,168.139526714,5.768701132970988E-5,3600.0,59.69444444444445,26.311512873901798,-194.32048681541582,4.224422442244226,68.28375219438401,66.89482089892768,48.49130280440184,72.21088552026889,51.115760111576016,93.30601092896174,64.76173516632238,96.76567656765677,32.75779376498801,3600.0,2403976.0,3.0,2.0,2.0,1.0,0.0,0.0,1.0
3700.0,174.466444833,6.332137818534982E-5,3700.0,60.5945945945946,27.71425301914194,-193.36016096579482,6.598334401024995,68.89615571508384,67.45535714285714,50.06849315068494,72.68112709393489,51.76430284343954,93.59795134443021,65.48588655394359,96.79692504804612,34.17484805984105,3700.0,3442352.0,5.0,3.0,3.0,2.0,0.0,0.0,1.0
3800.0,179.051578534,6.759796512999274E-5,3800.0,61.44736842105263,29.29841985079895,-182.81853281853293,7.570977917981068,69.45558556457759,67.60999336723414,52.388690282742935,72.77284293022544,52.042205582028586,93.50348027842227,66.42756941131232,96.46687697160883,36.3882618510158,3800.0,3605352.0,5.0,3.0,3.0,2.0,0.0,0.0,1.0
3900.0,183.709236857,7.194453870992618E-5,3900.0,62.128205128205124,30.165721689979115,-176.07476635514027,9.773976786805123,69.60038246889621,67.99566630552546,53.62637362637363,72.6555477696892,52.68636668905305,92.62472885032538,66.7917882182657,95.84605986560783,37.73751657092355,3900.0,3607296.0,5.0,3.0,3.0,2.0,0.0,0.0,1.0
4000.0,188.321887386,7.62514494240857E-5,4000.0,62.949999999999996,31.968870019915858,-177.0093457943925,9.46854001221746,70.39265034135975,67.92207792207793,56.15384615384615,72.95586164931333,52.59805564867583,93.31366764995084,68.00343619602862,95.84605986560783,40.16081252644943,4000.0,3609256.0,5.0,3.0,3.0,2.0,0.0,0.0,1.0
4100.0,192.967065906,8.059144313997272E-5,4100.0,63.609756097560975,33.313841596717715,-177.83985102420854,9.411050394656959,70.98599865151157,67.91397849462365,57.971830985915496,73.19101439429608,52.58075258075257,93.80127620783956,68.90995772124936,95.87128111718276,41.94863432531594,4100.0,3611512.0,5.0,3.0,3.0,2.0,0.0,0.0,1.0
4200.0,197.603518472,8.4924128605935E-5,4200.0,64.28571428571429,34.523631356820026,-174.22303473491766,10.071942446043176,71.4830965780287,68.05792163543441,59.50323974082073,73.40070603829558,52.77410832232496,94.02730375426621,69.66313205359883,95.80335731414868,43.52290679304897,4200.0,3612216.0,5.0,3.0,3.0,2.0,0.0,0.0,1.0
4300.0,202.199325264,8.921975390893813E-5,4300.0,64.93023255813954,35.781997092343836,-175.18248175182478,9.700598802395206,72.03166646372529,67.9694137638063,61.25385405960946,73.55973829642282,52.66622778143516,94.45324881141046,70.56578857494137,95.80838323353294,45.32319391634981,4300.0,3612992.0,5.0,3.0,3.0,2.0,0.0,0.0,1.0
4400.0,206.829998742,9.354971275966559E-5,4400.0,65.45454545454545,36.534735844816794,-172.40143369175624,11.00702576112412,72.23891204232456,68.2008368200837,62.18905472636816,73.59320092871486,53.059895833333336,94.12650602409639,70.93356671341228,95.43325526932084,46.43387815750371,4400.0,3614448.0,5.0,3.0,3.0,2.0,0.0,0.0,1.0
4500.0,211.467386844,9.788786970159731E-5,4500.0,66.0,37.41761349227169,-172.7272727272726,12.119471568064327,72.60064922300002,68.46661170651278,63.114754098360656,73.81582665286489,53.3911925425908,94.24046076313894,71.42483301998016,95.40493968983344,47.44472635012686,4500.0,3616048.0,5.0,3.0,3.0,2.0,0.0,0.0,1.0
4600.0,216.06516595,1.02193655119789E-4,4600.0,66.65217391304348,38.56421495246224,-172.95373665480432,12.192329708070975,73.08443976710294,68.47513357994245,64.60544531610522,73.9726392161133,53.41455594741904,94.53072248480755,72.21731671197993,95.36348025186034,49.07115317209955,4600.0,3619984.0,5.0,3.0,3.0,2.0,0.0,0.0,1.0
4700.0,220.709299803,1.0654439886423917E-4,4700.0,67.23404255319149,39.45600070665336,-172.566371681416,13.918390162101716,73.43332346709427,68.88888888888887,65.3932584269663,74.24026867407542,53.93862701676685,94.54191033138402,72.64373161764352,95.30463946338736,49.982823771899696,4700.0,3621272.0,5.0,3.0,3.0,2.0,0.0,0.0,1.0
4800.0,225.365782082,1.1091171257672816E-4,4800.0,67.70833333333334,40.21921229170133,-168.6308492201039,14.600550964187347,73.72951297376883,69.0371554135038,66.26033957335655,74.37260910356369,54.15230335318082,94.59291485394655,73.09744313855781,95.20661157024793,50.98827470686768,4800.0,3625424.0,5.0,3.0,3.0,2.0,0.0,0.0,1.0
4900.0,230.028558482,1.1530742394734282E-4,4900.0,68.22448979591836,41.033904210488245,-167.06689536878224,14.96450027307482,74.0206530144871,69.0764647467726,67.3242392444911,74.42568840835749,54.275905118601756,94.5754716981132,73.62000228140712,94.97542326597488,52.26458129683936,4900.0,3644072.0,5.0,3.0,3.0,2.0,0.0,0.0,1.0
5000.0,234.661674911,1.1967717819386378E-4,5000.0,68.56,41.51760476347293,-165.98984771573612,14.518760195758565,74.14037021914004,68.87128712871288,68.24242424242424,74.28393419142101,54.157583307380875,94.41028507546115,73.997360090926,94.56226209896683,53.43245808288516,5000.0,3645744.0,5.0,3.0,3.0,2.0,0.0,0.0,1.0
5100.0,239.324537998,1.2407589532369788E-4,5100.0,69.11764705882352,42.3851411117541,-165.59865092748726,14.956803455723545,74.48405338341077,68.9532820816085,69.28028086600352,74.40913384572603,54.29990686122322,94.51836083022884,74.55912394003555,94.43844492440606,54.679802955665025,5100.0,3646496.0,5.0,3.0,3.0,2.0,0.0,0.0,1.0
5200.0,243.977542054,1.284658897185947E-4,5200.0,69.67307692307692,43.26151236949402,-164.15410385259634,15.0323275862069,74.86713248907903,68.9750147550659,70.34041752868157,74.5512120474877,54.322900526805086,94.7795235681703,75.18574183303086,94.45043103448276,55.92105263157895,5200.0,3646976.0,5.0,3.0,3.0,2.0,0.0,0.0,1.0
5300.0,248.611539789,1.328384700086995E-4,5300.0,70.20754716981132,44.06194487728346,-161.85737976782752,15.19871106337272,75.19395867247177,68.99666208521501,71.32740148901398,74.6522668344468,54.37944908696998,94.92508458192364,75.74356921973346,94.3609022556391,57.12623618382781,5300.0,3647408.0,5.0,3.0,3.0,2.0,0.0,0.0,1.0
5400.0,253.273669039,1.372399684295485E-4,5400.0,70.62962962962963,44.64249148346023,-160.42692939244668,15.817409766454363,75.37456618742947,69.08382066276802,72.02821869488538,74.69531817175456,54.590264941466415,94.80037140204271,76.0662811678007,94.0552016985138,58.07736063708761,5400.0,3649376.0,5.0,3.0,3.0,2.0,0.0,0.0,1.0
5500.0,257.915775467,1.4162312060575326E-4,5500.0,71.07272727272728,45.29482342303052,-158.69918699186988,16.174920969441533,75.64166679174048,69.16069005621245,72.76151343947954,74.80779315797741,54.707145047531434,94.9084412684234,76.49434016577841,93.99367755532138,58.99500277623543,5500.0,3649840.0,5.0,3.0,3.0,2.0,0.0,0.0,1.0
5600.0,262.526461234,1.45977549572116E-4,5600.0,71.58928571428571,46.04624123439146,-157.86061588330628,16.263157894736835,75.9698073169849,69.18458260701144,73.6458505880404,74.9284288736237,54.73490652773522,95.1219512195122,77.04054054054053,94.0,60.08108108108108,5600.0,3650632.0,5.0,3.0,3.0,2.0,0.0,0.0,1.0
5700.0,267.155084384,1.5034953206482523E-4,5700.0,71.94736842105263,46.50765278094705,-155.02392344497616,16.848673946957852,76.09615602590063,69.25591232455298,74.20551701887402,74.95243922776218,54.94203782794387,94.96284062758052,77.27531817714328,93.65574622984919,60.89489012443738,5700.0,3651144.0,5.0,3.0,3.0,2.0,0.0,0.0,1.0
5800.0,271.794701384,1.5473322393828252E-4,5800.0,72.32758620689656,47.01637717008604,-151.17370892018766,17.22537390407429,76.27479688735988,69.30579460699943,74.80772249254434,75.00811344288499,55.075987841945285,94.9402390438247,77.58499689907632,93.45023207839093,61.71976171976172,5800.0,3652248.0,5.0,3.0,3.0,2.0,0.0,0.0,1.0
5900.0,276.436473076,1.5912188167350135E-4,5900.0,72.66101694915254,47.45858720592555,-149.30448222565687,17.99694966954755,76.39905015509099,69.43339018381656,75.2721140579488,75.06753840590699,55.34743202416919,94.78764478764478,77.77865029793008,93.1367564819522,62.42054411390796,5900.0,3654688.0,5.0,3.0,3.0,2.0,0.0,0.0,1.0
6000.0,281.062086505,1.6349630572771504E-4,6000.0,72.98333333333333,47.90176864014297,-146.7275494672754,18.41972823351788,76.56370405538814,69.51288320481474,75.74442615591799,75.1447514930661,55.4954954954955,94.7940074906367,78.0372759342404,93.0045294413689,63.07002242711188,6000.0,3655560.0,5.0,3.0,3.0,2.0,0.0,0.0,1.0
6100.0,285.688211077,1.678717014547603E-4,6100.0,73.1639344262295,48.13037255832469,-143.96423248882272,19.240256536753815,76.58764180020253,69.64583719636566,75.95122667841927,75.17166805539799,55.79322638146168,94.55010972933431,78.05798373080526,92.64923532313765,63.46673213847287,6100.0,3655968.0,5.0,3.0,3.0,2.0,0.0,0.0,1.0
6200.0,290.333642597,1.7226629030141433E-4,6200.0,73.33870967741936,48.28160450864345,-139.9129172714079,19.951573849878926,76.53161968260275,69.68641114982579,76.20555635526127,75.1062867689662,56.08028335301063,94.13229018492176,78.01209775406895,92.00968523002422,64.01451027811366,6200.0,3656744.0,5.0,3.0,3.0,2.0,0.0,0.0,1.0
6300.0,294.988413119,1.7667018590877346E-4,6300.0,73.5079365079365,48.42789616892944,-138.76967095851222,20.410109680495957,76.4970908512958,69.68210717529519,76.47639182522904,75.04492723978727,56.2793427230047,93.81051175656985,78.00656387885621,91.46399618502623,64.54913157268618,6300.0,3657136.0,5.0,3.0,3.0,2.0,0.0,0.0,1.0
6400.0,299.636822951,1.8106974720952457E-4,6400.0,73.90625,49.04433819570234,-136.20933521923624,21.189240207645092,76.76584746975821,69.89906272530642,76.97186982901269,75.24426607001736,56.54709827938175,93.94143386065298,78.35023748712855,91.50542708824916,65.19504788600794,6400.0,3658536.0,5.0,3.0,3.0,2.0,0.0,0.0,1.0
6500.0,304.291808318,1.8547724687900785E-4,6500.0,74.18461538461538,49.453919742630674,-135.01400560224099,22.134570765661252,76.89431800832757,70.09978617248753,77.28749323226855,75.3604658557589,56.899045415099806,93.82188629641801,78.49190604983727,91.27610208816705,65.70771001150749,6500.0,3659960.0,5.0,3.0,3.0,2.0,0.0,0.0,1.0
6600.0,308.961239666,1.8990052156071625E-4,6600.0,74.25757575757575,49.46802038691883,-135.31855955678677,22.4200913242009,76.81561783338849,70.06167400881056,77.421926910299,75.27986256163194,57.044476327116215,93.51524879614767,78.41533873823502,90.77625570776256,66.05442176870748,6600.0,3661696.0,5.0,3.0,3.0,2.0,0.0,0.0,1.0
6700.0,313.634887931,1.9432864204739668E-4,6700.0,74.43283582089552,49.664341226567174,-134.33652530779747,22.94197031039138,76.8314485159836,70.10992845925668,77.6633198591733,75.28241927509767,57.2690992018244,93.29573934837093,78.44556337379304,90.37336932073774,66.51775742684833,6700.0,3662400.0,5.0,3.0,3.0,2.0,0.0,0.0,1.0
6800.0,318.285260481,1.9873578753415964E-4,6800.0,74.77941176470588,50.18701014592618,-132.07036535859277,23.539901917075344,77.05618551194792,70.2721442191021,78.09985953262674,75.44490166599043,57.48723766307431,93.40256566890653,78.73779601150572,90.37004012483281,67.10555189817863,6800.0,3663296.0,5.0,3.0,3.0,2.0,0.0,0.0,1.0
6900.0,322.949812007,2.031566503578181E-4,6900.0,75.14492753623189,50.6793237021829,-131.44399460188936,23.608017817371955,77.2801665670875,70.29274207517756,78.63460819733399,75.5528219591514,57.51133786848073,93.59430604982207,79.08834287436696,90.37861915367483,67.79806659505908,6900.0,3663528.0,5.0,3.0,3.0,2.0,0.0,0.0,1.0
7000.0,327.643225727,2.0760551834249247E-4,7000.0,75.32857142857144,50.9213024363398,-130.57409879839784,24.221149627029426,77.33369732850863,70.39259386250643,78.85392432961919,75.60378454169172,57.765897580191336,93.4416715031921,79.14462924100295,90.08336989907855,68.20588858292734,7000.0,3664064.0,5.0,3.0,3.0,2.0,0.0,0.0,1.0
7100.0,332.331438092,2.1204970825521567E-4,7100.0,75.6056338028169,51.289065953619165,-130.31914893617022,24.432809773123882,77.48622618203107,70.4335950836463,79.23759290338049,75.68601274503175,57.851934941110486,93.52009054895302,79.3741633345239,90.00872600349041,68.7396006655574,7100.0,3664272.0,5.0,3.0,3.0,2.0,0.0,0.0,1.0
7200.0,337.008167188,2.1648318682727176E-4,7200.0,75.93055555555556,51.75505412747622,-130.14608233731732,24.81561822125813,77.69268357184586,70.54224035356111,79.65245978630972,75.82160475746163,57.993292342090555,93.64991717283269,79.65844557840462,90.02169197396964,69.29519918283962,7200.0,3664416.0,5.0,3.0,3.0,2.0,0.0,0.0,1.0
7300.0,341.679156314,2.209119973506241E-4,7300.0,76.02739726027397,51.83167457079666,-131.17569352708048,25.11767222935389,77.66784804328628,70.53872053872054,79.79214780600462,75.80007073419041,58.14598945323341,93.45415201514741,79.62999797129481,89.64484381685922,69.6151521257304,7300.0,3665056.0,5.0,3.0,3.0,2.0,0.0,0.0,1.0
7400.0,346.335386415,2.2532686224872842E-4,7400.0,76.35135135135135,52.24147536150622,-131.1756935270806,25.117672229353875,77.85569399658318,70.53872053872054,80.24830699774267,75.88626836369862,58.14598945323341,93.62654727416381,79.93006559794176,89.64484381685922,70.21528737902429,7400.0,3665096.0,5.0,3.0,3.0,2.0,0.0,0.0,1.0
7500.0,350.982743442,2.297335640998708E-4,7500.0,76.64,52.59988888028744,-130.83003952569183,25.096194955109002,78.02162211241583,70.5348133198789,80.649436713055,75.96033513907618,58.136955919046294,93.78371435910609,80.1979012024856,89.65369816160752,70.74210424336368,7500.0,3665304.0,5.0,3.0,3.0,2.0,0.0,0.0,1.0
7600.0,355.643244711,2.3415285493185668E-4,7600.0,76.94736842105263,52.976498773451986,-130.83003952569163,25.09619495510902,78.19415568591775,70.5348133198789,81.06764642316836,76.03817492922012,58.136955919046294,93.93939393939394,80.47596521842017,89.65369816160752,71.29823227523285,7600.0,3665408.0,5.0,3.0,3.0,2.0,0.0,0.0,1.0
7700.0,360.291571252,2.3856103406421467E-4,7700.0,77.1948051948052,53.25062886499489,-131.35704874835318,24.925181701581877,78.32339231942983,70.4873949579832,81.41798941798942,76.0771193208112,58.072556078648574,94.08168256297384,80.70634917406994,89.65369816160752,71.75900018653236,7700.0,3665768.0,5.0,3.0,3.0,2.0,0.0,0.0,1.0
7800.0,364.960702945,2.429890594470515E-4,7800.0,77.48717948717949,53.59807670925507,-131.35704874835304,24.925181701581877,78.48249143755159,70.4873949579832,81.80310880829016,76.1477604933706,58.072556078648574,94.22296490809262,80.96491903136227,89.65369816160752,72.276139901117,7800.0,3665864.0,5.0,3.0,3.0,2.0,0.0,0.0,1.0
7900.0,369.611743472,2.474001107526394E-4,7900.0,77.77215189873418,53.93179405581863,-131.35704874835307,24.925181701581863,78.63527697928748,70.4873949579832,82.17258883248732,76.21510760332522,58.072556078648574,94.35765912800187,81.21418948720549,89.65369816160752,72.77468081280345,7900.0,3666016.0,5.0,3.0,3.0,2.0,0.0,0.0,1.0
8000.0,374.251293097,2.5180061935115006E-4,8000.0,77.97500000000001,54.12604286286038,-132.14756258234505,24.66866182129118,78.7296299231026,70.41638683680323,82.45718837116686,76.22744548441646,57.976223389549354,94.4786675792836,81.40165918502562,89.65369816160752,73.14962020844374,8000.0,3666312.0,5.0,3.0,3.0,2.0,0.0,0.0,1.0
8100.0,378.874085409,2.5618558800693354E-4,8100.0,78.24691358024691,54.43579748400502,-132.14756258234513,24.66866182129116,78.8713859925987,70.41638683680323,82.79968762202266,76.28902626091343,57.976223389549354,94.60182913227749,81.6346949408975,89.65369816160752,73.61569172018747,8100.0,3666608.0,5.0,3.0,3.0,2.0,0.0,0.0,1.0
8200.0,384.426856834,2.611778138898826E-4,8200.0,78.51219512195122,54.73399218280696,-132.14756258234524,24.668661821291167,79.00783425976822,70.41638683680323,83.12906932209881,76.34791968081002,57.976223389549354,94.7196159720707,81.85977861501294,89.65369816160752,74.06585906841836,8200.0,3475256.0,7.0,4.0,4.0,3.0,0.0,0.0,1.0
8300.0,389.02487013,2.65313395244794E-4,8300.0,78.7710843373494,55.021262223094844,-132.14756258234513,24.66866182129115,79.13926849153648,70.41638683680323,83.44607290492296,76.40429790019854,57.976223389549354,94.83237241084774,82.07731041279503,89.65369816160752,74.50092266398255,8300.0,3476712.0,7.0,4.0,4.0,3.0,0.0,0.0,1.0
8400.0,393.615421582,2.6944573293968485E-4,8400.0,79.02380952380952,55.298197158967376,-132.1475625823454,24.668661821291145,79.26596107748307,70.41638683680323,83.75138325341203,76.4583186778397,57.976223389549354,94.94041396613004,82.2876641278257,89.65369816160752,74.92163009404389,8400.0,3479632.0,7.0,4.0,4.0,3.0,0.0,0.0,1.0
8500.0,399.123434652,2.7588686999583246E-4,8500.0,79.25882352941176,55.5451674507385,-132.2793148880105,24.62590850790933,79.37982030433905,70.40456605673997,84.03513537987865,76.50160708134868,57.960199004975124,95.04301515772224,82.48307371966108,89.65369816160752,75.31244927771465,8500.0,4520328.0,7.0,4.0,4.0,3.0,0.0,0.0,1.0
8600.0,403.767127721,2.8131795276047664E-4,8600.0,79.5,55.803196693585434,-132.27931488801053,24.62590850790939,79.49784054256239,70.40456605673997,84.319131904296,76.55135602597211,57.960199004975124,95.14251304696909,82.68022713542761,89.65369816160752,75.70675610924772,8600.0,4520904.0,7.0,4.0,4.0,3.0,0.0,0.0,1.0
8700.0,409.285296387,2.8776587238001593E-4,8700.0,79.73563218390805,56.05241768005039,-132.2793148880106,24.625908507909376,79.61182355732542,70.40456605673997,84.59320108363191,76.59914712153517,57.960199004975124,95.23809523809523,82.87118173290249,89.65369816160752,76.08866530419746,8700.0,4516760.0,9.0,5.0,5.0,4.0,0.0,0.0,1.0
8800.0,414.832945507,2.9620487323115833E-4,8800.0,79.92045454545455,56.23608243476617,-131.58584534731332,24.648187633262257,79.68822899686667,70.39705143240073,84.80784111426361,76.63027438577097,57.97461368653421,95.28593508500772,83.00038481929184,89.5948827292111,76.40588690937258,8800.0,5880096.0,9.0,5.0,5.0,4.0,0.0,0.0,1.0
8900.0,419.5254215,3.033460857953947E-4,8900.0,80.13483146067416,56.482638272965424,-131.11111111111106,24.797958315610376,79.7960566583312,70.43478260869564,85.04230118443317,76.6922207376977,58.032515844585284,95.3519256308101,83.16172187298069,89.57890259464058,76.74454115132082,8900.0,5882640.0,9.0,5.0,5.0,4.0,0.0,0.0,1.0
9000.0,424.19728276,3.1045896200689765E-4,9000.0,80.32222222222222,56.651379290613235,-131.50326797385637,24.670353041259023,79.87588444405552,70.39946515126192,85.26254472830158,76.71024902013563,57.98458149779736,95.43591654247392,83.31404146125472,89.57890259464058,77.04918032786885,9000.0,5885152.0,9.0,5.0,5.0,4.0,0.0,0.0,1.0
9100.0,428.902237348,3.176247250917029E-4,9100.0,80.4945054945055,56.79443228218376,-132.02614379084955,24.500212675457266,79.94480439635355,70.35243026557542,85.46630639482518,76.71844874824232,57.920792079207914,95.51610541727672,83.45443870286185,89.57890259464058,77.32997481108312,9100.0,5887208.0,9.0,5.0,5.0,4.0,0.0,0.0,1.0
9200.0,433.591799112,3.247704802844931E-4,9200.0,80.68478260869566,56.96988207593603,-132.2875816993463,24.41514249255634,80.02679914497865,70.32893638336951,85.68205624043188,76.74202982264597,57.88894997251237,95.59510967277957,83.6053368280547,89.57890259464058,77.63177106146883,9200.0,5890040.0,9.0,5.0,5.0,4.0,0.0,0.0,1.0
9300.0,438.293271945,3.321356541438307E-4,9300.0,80.63440860215054,56.77580367848897,-131.49100257069412,24.391267842149468,79.87080813187995,70.18705512332394,85.65968628075483,76.64738055947412,57.93932768515988,95.35543343378833,83.37726283349464,89.00083963056255,77.75368603642671,9300.0,6055520.0,9.0,5.0,5.0,4.0,0.0,0.0,1.0
9324.0,439.5789679,3.3414993512541596E-4,9324.0,80.65208065208066,56.77513799811265,-130.69053708439898,24.423963133640534,79.8579934880871,70.17195767195766,85.6825396825397,76.64140344100733,57.962305381043436,95.32050150097122,83.35640792266553,88.89819857561793,77.81461726971314,9324.0,6055976.0,9.0,5.0,5.0,4.0,0.0,0.0,1.0
