learning evaluation instances,evaluation time (cpu seconds),model cost (RAM-Hours),classified instances,classifications correct (percent),Kappa Statistic (percent),Kappa Temporal Statistic (percent),Kappa M Statistic (percent),F1 Score (percent),F1 Score for class 0 (percent),F1 Score for class 1 (percent),Precision (percent),Precision for class 0 (percent),Precision for class 1 (percent),Recall (percent),Recall for class 0 (percent),Recall for class 1 (percent),model training instances,model serialized size (bytes),tree size (nodes),tree size (leaves),active learning leaves,tree depth,active leaf byte size estimate,inactive leaf byte size estimate,byte size estimate overhead
100.0,4.721061986,1.1467816188824548E-6,100.0,50.0,0.0,49.494949494949495,0.0,?,66.66666666666666,?,?,50.0,?,50.0,100.0,0.0,100.0,938952.0,1.0,1.0,1.0,0.0,0.0,0.0,1.0
200.0,7.963091645,1.936066479964349E-6,200.0,50.0,0.0,49.74874371859296,0.0,?,66.66666666666666,?,?,50.0,?,50.0,100.0,0.0,200.0,941064.0,1.0,1.0,1.0,0.0,0.0,0.0,1.0
300.0,11.135519734,2.748641023691143E-6,300.0,50.0,0.0,49.832775919732434,0.0,?,66.66666666666666,?,?,50.0,?,50.0,100.0,0.0,300.0,990088.0,1.0,1.0,1.0,0.0,0.0,0.0,1.0
400.0,14.302904771,3.560880922638436E-6,400.0,50.0,0.0,49.87468671679198,0.0,?,66.66666666666666,?,?,50.0,?,50.0,100.0,0.0,400.0,991256.0,1.0,1.0,1.0,0.0,0.0,0.0,1.0
500.0,17.510968023,4.384289263852779E-6,500.0,50.0,0.0,49.899799599198396,0.0,?,66.66666666666666,?,?,50.0,?,50.0,100.0,0.0,500.0,992144.0,1.0,1.0,1.0,0.0,0.0,0.0,1.0
600.0,20.670777839,5.195953351597531E-6,600.0,50.0,0.0,49.91652754590986,0.0,?,66.66666666666666,?,?,50.0,?,50.0,100.0,0.0,600.0,992928.0,1.0,1.0,1.0,0.0,0.0,0.0,1.0
700.0,23.900238525,6.025989967908356E-6,700.0,50.0,0.0,49.92846924177396,0.0,?,66.66666666666666,?,?,50.0,?,50.0,100.0,0.0,700.0,993504.0,1.0,1.0,1.0,0.0,0.0,0.0,1.0
800.0,27.064743446,6.8468109157047315E-6,800.0,50.0,0.0,49.93742177722153,0.0,?,66.66666666666666,?,?,50.0,?,50.0,100.0,0.0,800.0,1002640.0,1.0,1.0,1.0,0.0,0.0,0.0,1.0
900.0,30.260161035,7.676139486076754E-6,900.0,50.0,0.0,49.94438264738598,0.0,?,66.66666666666666,?,?,50.0,?,50.0,100.0,0.0,900.0,1003232.0,1.0,1.0,1.0,0.0,0.0,0.0,1.0
1000.0,33.448756337,8.504614701443457E-6,1000.0,50.0,0.0,49.94994994994995,0.0,?,66.66666666666666,?,?,50.0,?,50.0,100.0,0.0,1000.0,1004344.0,1.0,1.0,1.0,0.0,0.0,0.0,1.0
1100.0,36.637110167,9.33346268639749E-6,1100.0,50.0,0.0,49.95450409463148,0.0,?,66.66666666666666,?,?,50.0,?,50.0,100.0,0.0,1100.0,1004872.0,1.0,1.0,1.0,0.0,0.0,0.0,1.0
1200.0,39.793677407,1.015444589811599E-5,1200.0,50.0,0.0,49.9582985821518,0.0,?,66.66666666666666,?,?,50.0,?,50.0,100.0,0.0,1200.0,1005360.0,1.0,1.0,1.0,0.0,0.0,0.0,1.0
1300.0,42.968347237,1.0980564434978741E-5,1300.0,50.0,0.0,49.96150885296382,0.0,?,66.66666666666666,?,?,50.0,?,50.0,100.0,0.0,1300.0,1005880.0,1.0,1.0,1.0,0.0,0.0,0.0,1.0
1400.0,46.120686927,1.1801159241344638E-5,1400.0,50.0,0.0,49.96426018584703,0.0,?,66.66666666666666,?,?,50.0,?,50.0,100.0,0.0,1400.0,1006232.0,1.0,1.0,1.0,0.0,0.0,0.0,1.0
1500.0,49.301570412,1.2629395028438556E-5,1500.0,50.0,0.0,49.96664442961975,0.0,?,66.66666666666666,?,?,50.0,?,50.0,100.0,0.0,1500.0,1006488.0,1.0,1.0,1.0,0.0,0.0,0.0,1.0
1600.0,52.486311032,1.3462214131597318E-5,1600.0,50.0,0.0,49.96873045653534,0.0,?,66.66666666666666,?,?,50.0,?,50.0,100.0,0.0,1600.0,1010832.0,1.0,1.0,1.0,0.0,0.0,0.0,1.0
1700.0,55.669148418,1.4296169163608133E-5,1700.0,50.0,0.0,49.97057092407298,0.0,?,66.66666666666666,?,?,50.0,?,50.0,100.0,0.0,1700.0,1012816.0,1.0,1.0,1.0,0.0,0.0,0.0,1.0
1800.0,58.847021907,1.5129520730259374E-5,1800.0,50.0,0.0,49.9722067815453,0.0,?,66.66666666666666,?,?,50.0,?,50.0,100.0,0.0,1800.0,1013664.0,1.0,1.0,1.0,0.0,0.0,0.0,1.0
1900.0,62.042424148,1.59678393002137E-5,1900.0,50.0,0.0,49.97367035281727,0.0,?,66.66666666666666,?,?,50.0,?,50.0,100.0,0.0,1900.0,1014112.0,1.0,1.0,1.0,0.0,0.0,0.0,1.0
2000.0,65.237118856,1.680831942207264E-5,2000.0,50.0,0.0,49.974987493746866,0.0,?,66.66666666666666,?,?,50.0,?,50.0,100.0,0.0,2000.0,1016952.0,1.0,1.0,1.0,0.0,0.0,0.0,1.0
2100.0,68.422598662,1.764804977284857E-5,2100.0,50.0,0.0,49.97617913292044,0.0,?,66.66666666666666,?,?,50.0,?,50.0,100.0,0.0,2100.0,1018984.0,1.0,1.0,1.0,0.0,0.0,0.0,1.0
2200.0,71.616506847,1.8490292790287255E-5,2200.0,50.0,0.0,49.97726239199637,0.0,?,66.66666666666666,?,?,50.0,?,50.0,100.0,0.0,2200.0,1019336.0,1.0,1.0,1.0,0.0,0.0,0.0,1.0
2300.0,74.826620403,1.9337021809320346E-5,2300.0,50.0,0.0,49.97825141365811,0.0,?,66.66666666666666,?,?,50.0,?,50.0,100.0,0.0,2300.0,1019592.0,1.0,1.0,1.0,0.0,0.0,0.0,1.0
2400.0,78.022884938,2.0180739539161002E-5,2400.0,50.0,0.0,49.9791579824927,0.0,?,66.66666666666666,?,?,50.0,?,50.0,100.0,0.0,2400.0,1020368.0,1.0,1.0,1.0,0.0,0.0,0.0,1.0
2500.0,81.18852585,2.1017664224164066E-5,2500.0,50.0,0.0,49.97999199679872,0.0,?,66.66666666666666,?,?,50.0,?,50.0,100.0,0.0,2500.0,1021944.0,1.0,1.0,1.0,0.0,0.0,0.0,1.0
2600.0,84.387840428,2.1863696734550168E-5,2600.0,50.0,0.0,49.98076183147365,0.0,?,66.66666666666666,?,?,50.0,?,50.0,100.0,0.0,2600.0,1022192.0,1.0,1.0,1.0,0.0,0.0,0.0,1.0
2700.0,87.577938558,2.2713432118991916E-5,2700.0,50.0,0.0,49.98147462022972,0.0,?,66.66666666666666,?,?,50.0,?,50.0,100.0,0.0,2700.0,1029632.0,1.0,1.0,1.0,0.0,0.0,0.0,1.0
2800.0,90.783383475,2.3567600342277863E-5,2800.0,50.0,0.0,49.982136477313325,0.0,?,66.66666666666666,?,?,50.0,?,50.0,100.0,0.0,2800.0,1030048.0,1.0,1.0,1.0,0.0,0.0,0.0,1.0
2900.0,93.994608949,2.442371433880897E-5,2900.0,50.0,0.0,49.98275267333563,0.0,?,66.66666666666666,?,?,50.0,?,50.0,100.0,0.0,2900.0,1030536.0,1.0,1.0,1.0,0.0,0.0,0.0,1.0
3000.0,97.197919912,2.527795035921439E-5,3000.0,50.0,0.0,49.983327775925304,0.0,?,66.66666666666666,?,?,50.0,?,50.0,100.0,0.0,3000.0,1030816.0,1.0,1.0,1.0,0.0,0.0,0.0,1.0
3100.0,100.394913445,2.6131428004897875E-5,3100.0,50.0,0.0,49.46201499836974,-1.0430247718383248,?,66.66666666666666,?,?,50.0,?,50.0,100.0,0.0,3100.0,1031936.0,1.0,1.0,1.0,0.0,0.0,0.0,1.0
3200.0,103.576646159,2.6981411056985865E-5,3200.0,50.0,0.0,48.930737312480055,-2.105934907466485,?,66.66666666666666,?,?,50.0,?,50.0,100.0,0.0,3200.0,1032640.0,1.0,1.0,1.0,0.0,0.0,0.0,1.0
3300.0,106.764720468,2.783329277237069E-5,3300.0,50.0,0.0,48.4375,-3.1249999999999973,?,66.66666666666666,?,?,50.0,?,50.0,100.0,0.0,3300.0,1032888.0,1.0,1.0,1.0,0.0,0.0,0.0,1.0
3400.0,109.993565303,2.783373381312979E-5,3400.0,50.0,0.0,47.964493419038874,-4.039167686658506,?,66.66666666666666,?,?,50.0,?,50.0,100.0,0.0,3400.0,528.0,3.0,2.0,2.0,1.0,0.0,0.0,1.0
3500.0,114.035460583,2.959097985724038E-5,3500.0,50.31428571428571,0.6285714285714228,47.824782478247826,-4.319136172765447,53.35497263015129,66.61547321942791,2.9034059184812953,56.78681981962925,50.15900549291703,63.41463414634146,50.31428571428571,99.14285714285714,1.4857142857142858,3500.0,1680544.0,3.0,2.0,2.0,1.0,0.0,0.0,1.0
3600.0,117.128523103,3.0937524932088464E-5,3600.0,50.74999999999999,1.4999999999999902,47.85294117647058,-4.294117647058837,53.22918398337036,66.43952299829643,7.511737089201878,55.963029218843175,50.3875968992248,61.53846153846154,50.74999999999999,97.5,4.0,3600.0,1682808.0,3.0,2.0,2.0,1.0,0.0,0.0,1.0
3700.0,120.224578891,3.228719286969789E-5,3700.0,51.24324324324324,2.4864864864864833,47.966541678684735,-4.036908881199545,53.84072373288781,66.40595903165737,11.133004926108374,56.71559343434344,50.65340909090909,62.77777777777778,51.24324324324324,96.37837837837839,6.108108108108108,3700.0,1685080.0,3.0,2.0,2.0,1.0,0.0,0.0,1.0
3800.0,123.320208557,3.3638219069967996E-5,3800.0,51.921052631578945,3.842105263157891,48.28757429946221,-3.395585738539909,55.13268731549228,66.65449899616718,13.86138613861386,58.76783752381603,51.01983794355965,66.51583710407239,51.921052631578945,96.10526315789474,7.7368421052631575,3800.0,1687008.0,3.0,2.0,2.0,1.0,0.0,0.0,1.0
3900.0,126.451250737,3.5010059338822754E-5,3900.0,52.358974358974365,4.717948717948728,48.38888888888889,-3.2222222222222054,55.84578700723603,66.82142857142858,15.545454545454545,59.830136986301376,51.26027397260275,68.4,52.358974358974365,95.94871794871796,8.76923076923077,3900.0,1693624.0,3.0,2.0,2.0,1.0,0.0,0.0,1.0
4000.0,129.561095761,3.637386729870954E-5,4000.0,52.800000000000004,5.600000000000005,48.51377147532043,-2.9443838604143853,56.37815436573603,66.9467787114846,17.482517482517483,60.476532567049816,51.508620689655174,69.44444444444444,52.800000000000004,95.6,10.0,4000.0,1695184.0,3.0,2.0,2.0,1.0,0.0,0.0,1.0
4100.0,132.673997455,3.7739814614314005E-5,4100.0,53.243902439024396,6.487804878048786,48.64720064291455,-2.678093197643281,56.8801434520957,67.07882534775888,19.352124526714345,61.049457314201746,51.76252319109462,70.33639143730886,53.243902439024396,95.26829268292683,11.219512195121952,4100.0,1696176.0,3.0,2.0,2.0,1.0,0.0,0.0,1.0
4200.0,135.82136772,3.912183782295311E-5,4200.0,53.92857142857142,7.857142857142851,49.07894736842105,-1.842105263157913,57.819679301774215,67.38580819147143,21.56465342521281,62.31596255378682,52.152361074876076,72.47956403269755,53.92857142857142,95.19047619047619,12.666666666666668,4200.0,1697344.0,3.0,2.0,2.0,1.0,0.0,0.0,1.0
4300.0,138.974865161,4.0508555134114525E-5,4300.0,54.62790697674419,9.255813953488378,49.54745280579261,-0.8790072388831325,58.58295652582366,67.65047255844802,24.056052938886726,63.15539446504881,52.56377222365369,73.74701670644392,54.62790697674419,94.88372093023256,14.372093023255813,4300.0,1699800.0,3.0,2.0,2.0,1.0,0.0,0.0,1.0
4400.0,142.095830207,4.1881761144512274E-5,4400.0,55.022727272727266,10.045454545454536,49.68217645563183,-0.6100660904931532,58.843984042182385,67.73194195336703,25.79677540307462,63.23561518388032,52.80956013221459,73.66167023554604,55.02272727272728,94.4090909090909,15.636363636363637,4400.0,1700784.0,3.0,2.0,2.0,1.0,0.0,0.0,1.0
4500.0,145.227541102,4.326039525632703E-5,4500.0,55.55555555555556,11.111111111111116,50.000000000000014,0.0,59.28201047418492,67.88696210661529,27.849927849927848,63.54432135365198,53.14228255404726,73.9463601532567,55.55555555555556,93.95555555555556,17.155555555555555,4500.0,1701648.0,3.0,2.0,2.0,1.0,0.0,0.0,1.0
4600.0,148.349093659,4.463656666855175E-5,4600.0,55.95652173913044,11.913043478260876,50.159901599015996,1.1707317073170764,59.53158459565879,67.96331435800126,29.554937413073706,63.59464739341727,53.40457256461233,73.78472222222221,55.95652173913044,93.43478260869566,18.478260869565215,4600.0,1704136.0,3.0,2.0,2.0,1.0,0.0,0.0,1.0
4700.0,151.46853506,4.6012756388029134E-5,4700.0,56.340425531914896,12.653694231416093,50.338818973862544,2.2391615054788017,59.727571804129596,68.02742287316921,31.18712273641851,63.56782192120839,53.67592820260635,73.45971563981043,56.32488118150859,92.85410463632496,19.79565772669221,4700.0,1705312.0,3.0,2.0,2.0,1.0,0.0,0.0,1.0
4800.0,154.587380262,4.73893414726631E-5,4800.0,56.8125,13.599289788662801,50.6193425440686,3.53652861796185,60.12817585286876,68.18112049117421,32.80388978930308,63.873660444106804,53.9863879436072,73.76093294460642,56.79762270792062,92.50312369845898,21.09212171738224,4800.0,1706128.0,3.0,2.0,2.0,1.0,0.0,0.0,1.0
4900.0,157.729526264,4.877672472089932E-5,4900.0,57.285714285714285,14.57142857142857,50.92614302461899,4.863636363636372,60.57000679150731,68.35021926508392,34.32695324756824,64.25379164057858,54.2877732404516,74.21981004070555,57.285714285714285,92.24489795918367,22.3265306122449,4900.0,1706760.0,3.0,2.0,2.0,1.0,0.0,0.0,1.0
5000.0,160.874715023,5.016601126801652E-5,5000.0,57.720000000000006,15.416952811302032,51.200369344413666,6.002667852378841,60.86010183470931,68.46658711217184,35.8616504854369,64.37846420866258,54.603854389721626,74.15307402760351,57.706377233020355,91.76329468212715,23.649459783913564,5000.0,1707448.0,3.0,2.0,2.0,1.0,0.0,0.0,1.0
5100.0,163.985527468,5.1540821374898616E-5,5100.0,58.15686274509804,16.291956893365107,51.47794452023648,7.177033492822965,61.173466790238976,68.58068315665489,37.38262910798122,64.53614433523404,54.91629332704551,74.15599534342259,58.14386130624549,91.29753038024305,24.99019223224794,5100.0,1708328.0,3.0,2.0,2.0,1.0,0.0,0.0,1.0
5200.0,167.101615255,5.291852396572435E-5,5200.0,58.53846153846154,17.07692307692308,51.71332586786114,8.255319148936161,61.480651904133445,68.69009584664538,38.64541832669323,64.7342474761347,55.179654689687354,74.28884026258206,58.53846153846154,90.96153846153847,26.115384615384617,5200.0,1709024.0,3.0,2.0,2.0,1.0,0.0,0.0,1.0
5300.0,170.240075021,5.430703363189497E-5,5300.0,58.83018867924529,17.640662720403437,51.853486319505734,9.045435598165922,61.644332523158866,68.74820968203954,39.690436705362075,64.75573058033869,55.414453936735164,74.09700722394221,58.81822126282965,90.5318747642399,27.1045677614194,5300.0,1710152.0,3.0,2.0,2.0,1.0,0.0,0.0,1.0
5400.0,173.363736476,5.5689435868474236E-5,5400.0,59.166666666666664,18.314665601219705,52.04436711613746,9.963250306247454,61.84182043750528,68.79864157351068,40.93222609161532,64.78403542053019,55.68025652771416,73.88781431334623,59.155241310732684,90.00370233246946,28.306780288995924,5400.0,1710696.0,3.0,2.0,2.0,1.0,0.0,0.0,1.0
5500.0,176.474293517,5.706646352150989E-5,5500.0,59.472727272727276,18.945454545454552,52.21864951768489,10.840000000000018,62.03660541877349,68.83824968544666,42.058747075643346,64.8315011042235,55.91642062230298,73.74658158614403,59.47272727272727,89.52727272727272,29.418181818181814,5500.0,1711224.0,3.0,2.0,2.0,1.0,0.0,0.0,1.0
5600.0,179.588458926,5.844546239604143E-5,5600.0,59.857142857142854,19.697436515697476,52.49366018596787,11.808552373479788,62.333803418025134,68.97598675131105,43.14618108244815,65.03664314687936,56.22047244094488,73.85281385281385,59.84665304166492,89.21813637986433,30.47516970346552,5600.0,1711688.0,3.0,2.0,2.0,1.0,0.0,0.0,1.0
5700.0,182.687222384,5.9820122972622116E-5,5700.0,60.15789473684211,20.299756208266455,52.66777824093373,12.620238553289745,62.53383125443109,69.03885480572598,44.132841328413285,65.11694357716324,56.46743978590544,73.76644736842105,60.14783750665897,88.81094352858646,31.484731484731487,5700.0,1714784.0,3.0,2.0,2.0,1.0,0.0,0.0,1.0
5800.0,185.791960384,6.120012627021184E-5,5800.0,60.224137931034484,20.448275862068964,52.57965056526207,12.943396226415087,62.499863513680985,68.95438029874848,44.662988726313266,64.95433176476767,56.5438093136173,73.36485421591804,60.224137931034484,88.3448275862069,32.103448275862064,5800.0,1718136.0,3.0,2.0,2.0,1.0,0.0,0.0,1.0
5900.0,188.916323649,6.258944755510747E-5,5900.0,60.389830508474574,20.764783643375253,52.61557177615571,13.412374953686534,62.59340248244919,68.9847378898474,45.20515826494725,64.97474365707072,56.697207678883075,73.25227963525836,60.380443594420406,88.07184005421891,32.68904713462191,5900.0,1718872.0,3.0,2.0,2.0,1.0,0.0,0.0,1.0
5995.0,191.863655334,6.390084667834184E-5,5995.0,60.56713928273562,21.127148411977746,52.67267267267268,13.942482708409187,62.682005909751226,68.97637795275591,45.90389016018306,64.95510719655796,56.85850281263522,73.0517115804807,60.56261954638651,87.65843895930621,33.4668001334668,5995.0,1719920.0,3.0,2.0,2.0,1.0,0.0,0.0,1.0
