learning evaluation instances,evaluation time (cpu seconds),model cost (RAM-Hours),classified instances,classifications correct (percent),Kappa Statistic (percent),Kappa Temporal Statistic (percent),Kappa M Statistic (percent),F1 Score (percent),F1 Score for class 0 (percent),F1 Score for class 1 (percent),Precision (percent),Precision for class 0 (percent),Precision for class 1 (percent),Recall (percent),Recall for class 0 (percent),Recall for class 1 (percent),model training instances,model serialized size (bytes),tree size (nodes),tree size (leaves),active learning leaves,tree depth,active leaf byte size estimate,inactive leaf byte size estimate,byte size estimate overhead
100.0,0.748721428,2.632699298717909E-9,100.0,100.0,?,?,?,?,100.0,?,?,100.0,?,?,100.0,?,100.0,13592.0,1.0,1.0,1.0,0.0,0.0,0.0,1.0
200.0,1.11710275,5.96211796698057E-9,200.0,97.0,0.0,-50.0,0.0,?,98.47715736040608,?,?,97.0,?,50.0,100.0,0.0,200.0,34936.0,1.0,1.0,1.0,0.0,0.0,0.0,1.0
300.0,1.427366193,8.788101275739156E-9,300.0,98.0,0.0,-50.00000000000042,0.0,?,98.98989898989899,?,?,98.0,?,50.0,100.0,0.0,300.0,35208.0,1.0,1.0,1.0,0.0,0.0,0.0,1.0
400.0,1.681835026,1.1106415247865435E-8,400.0,98.5,0.0,-50.0,0.0,?,99.24433249370279,?,?,98.5,?,50.0,100.0,0.0,400.0,35216.0,1.0,1.0,1.0,0.0,0.0,0.0,1.0
500.0,1.948232338,1.3737397325781898E-8,500.0,98.4,0.0,-33.33333333333333,0.0,?,99.19354838709677,?,?,98.4,?,50.0,100.0,0.0,500.0,38176.0,1.0,1.0,1.0,0.0,0.0,0.0,1.0
600.0,2.228127135,1.65972625640283E-8,600.0,98.33333333333333,0.0,-25.00000000000063,0.0,?,99.15966386554621,?,?,98.33333333333333,?,50.0,100.0,0.0,600.0,39496.0,1.0,1.0,1.0,0.0,0.0,0.0,1.0
700.0,2.487796616,1.9697063306379647E-8,700.0,96.85714285714285,0.0,-83.33333333333377,0.0,?,98.4034833091437,?,?,96.85714285714285,?,50.0,100.0,0.0,700.0,46144.0,1.0,1.0,1.0,0.0,0.0,0.0,1.0
800.0,2.747653033,2.3218042049588012E-8,800.0,84.75,0.0,-838.461538461539,0.0,?,91.74560216508796,?,?,84.75,?,50.0,100.0,0.0,800.0,52376.0,1.0,1.0,1.0,0.0,0.0,0.0,1.0
900.0,2.937024949,2.5842765119479347E-8,900.0,77.66666666666666,0.0,-617.8571428571435,0.0,?,87.4296435272045,?,?,77.66666666666666,?,50.0,100.0,0.0,900.0,53576.0,1.0,1.0,1.0,0.0,0.0,0.0,1.0
1000.0,3.140541616,2.8664800150872517E-8,1000.0,74.3,0.0,-301.56250000000034,0.0,?,85.25530694205393,?,?,74.3,?,50.0,100.0,0.0,1000.0,53600.0,1.0,1.0,1.0,0.0,0.0,0.0,1.0
1100.0,3.302653637,3.091773614366435E-8,1100.0,70.45454545454545,0.0,-238.5416666666666,0.0,?,82.66666666666667,?,?,70.45454545454545,?,50.0,100.0,0.0,1100.0,53720.0,1.0,1.0,1.0,0.0,0.0,0.0,1.0
1200.0,3.463961318,3.3159493899794505E-8,1200.0,70.08333333333333,0.0,-206.83760683760676,0.0,?,82.41058304752573,?,?,70.08333333333333,?,50.0,100.0,0.0,1200.0,53720.0,1.0,1.0,1.0,0.0,0.0,0.0,1.0
1300.0,3.596683808,3.500756263529468E-8,1300.0,67.76923076923077,0.0,-235.20000000000005,0.0,?,80.7886290692343,?,?,67.76923076923077,?,50.0,100.0,0.0,1300.0,53824.0,1.0,1.0,1.0,0.0,0.0,0.0,1.0
1400.0,3.710824076,3.6613186350740076E-8,1400.0,65.85714285714286,0.0,-229.6551724137932,0.0,?,79.41429801894918,?,?,65.85714285714286,?,50.0,100.0,0.0,1400.0,54376.0,1.0,1.0,1.0,0.0,0.0,0.0,1.0
1500.0,3.837551389,3.841869138865214E-8,1500.0,64.33333333333333,0.0,-198.88268156424593,0.0,?,78.29614604462475,?,?,64.33333333333333,?,50.0,100.0,0.0,1500.0,55072.0,1.0,1.0,1.0,0.0,0.0,0.0,1.0
1600.0,4.015240639,4.09767373533402E-8,1600.0,62.875,0.0,-166.36771300448424,0.0,?,77.20644666155026,?,?,62.875,?,50.0,100.0,0.0,1600.0,55648.0,1.0,1.0,1.0,0.0,0.0,0.0,1.0
1700.0,4.130835144,4.265736357190956E-8,1700.0,61.588235294117645,0.0,-172.08333333333326,0.0,?,76.22861303239898,?,?,61.588235294117645,?,50.0,100.0,0.0,1700.0,56200.0,1.0,1.0,1.0,0.0,0.0,0.0,1.0
1800.0,4.293934964,4.5042170717132585E-8,1800.0,61.111111111111114,0.0,-146.47887323943655,0.0,?,75.86206896551725,?,?,61.111111111111114,?,50.0,100.0,0.0,1800.0,56520.0,1.0,1.0,1.0,0.0,0.0,0.0,1.0
1900.0,4.44712726,4.730335457312978E-8,1900.0,59.578947368421055,0.0,-154.30463576158942,0.0,?,74.67018469656993,?,?,59.578947368421055,?,50.0,100.0,0.0,1900.0,57056.0,1.0,1.0,1.0,0.0,0.0,0.0,1.0
2000.0,4.54429012,4.8739128683387404E-8,2000.0,59.599999999999994,0.0,-141.9161676646706,0.0,?,74.68671679197995,?,?,59.599999999999994,?,50.0,100.0,0.0,2000.0,57120.0,1.0,1.0,1.0,0.0,0.0,0.0,1.0
2100.0,4.628162498,4.9979898204501304E-8,2100.0,57.99999999999999,0.0,-137.73584905660383,0.0,?,73.41772151898734,?,?,57.99999999999999,?,50.0,100.0,0.0,2100.0,57184.0,1.0,1.0,1.0,0.0,0.0,0.0,1.0
2200.0,4.710430083,5.1196927153455713E-8,2200.0,56.59090909090909,0.0,-139.9497487437186,0.0,?,72.27866473149493,?,?,56.59090909090909,?,50.0,100.0,0.0,2200.0,57184.0,1.0,1.0,1.0,0.0,0.0,0.0,1.0
2300.0,4.795833498,5.2466002178949615E-8,2300.0,55.869565217391305,0.0,-149.38574938574936,0.0,?,71.68758716875871,?,?,55.869565217391305,?,50.0,100.0,0.0,2300.0,57440.0,1.0,1.0,1.0,0.0,0.0,0.0,1.0
2400.0,4.876727577,5.367443142903348E-8,2400.0,55.50000000000001,0.0,-147.79582366589327,0.0,?,71.38263665594855,?,?,55.50000000000001,?,50.0,100.0,0.0,2400.0,57744.0,1.0,1.0,1.0,0.0,0.0,0.0,1.0
2500.0,4.958630272,5.490419953517823E-8,2500.0,55.279999999999994,0.0,-143.5729847494554,0.0,?,71.20041215868109,?,?,55.279999999999994,?,50.0,100.0,0.0,2500.0,58040.0,1.0,1.0,1.0,0.0,0.0,0.0,1.0
2600.0,5.043581425,5.618466303719415E-8,2600.0,53.15384615384615,0.0,-165.35947712418303,0.0,?,69.4123556002009,?,?,53.15384615384615,?,50.0,100.0,0.0,2600.0,58264.0,1.0,1.0,1.0,0.0,0.0,0.0,1.0
2700.0,5.129520564,5.748944497848551E-8,2700.0,51.18518518518519,0.0,-187.14596949891057,0.0,?,67.71190592846644,?,?,51.18518518518519,?,50.0,100.0,0.0,2700.0,58688.0,1.0,1.0,1.0,0.0,0.0,0.0,1.0
2800.0,5.215278034,5.87914687070085E-8,2800.0,50.535714285714285,2.297987610639083,-201.74291938997823,-0.21707670043416166,60.82115544454096,66.61846228006749,4.548587181254306,74.97289483194795,49.945789663895916,100.0,51.163610719322996,100.0,2.32722143864598,2800.0,58688.0,1.0,1.0,1.0,0.0,0.0,0.0,1.0
2900.0,5.320981329,6.040179157172434E-8,2900.0,52.241379310344826,8.385096001197056,-201.74291938997828,-0.21707670043416083,63.03777325153208,66.61846228006749,16.1114476075106,74.97289483194795,49.945789663895916,100.0,54.38076416337287,100.0,8.761528326745719,2900.0,58888.0,1.0,1.0,1.0,0.0,0.0,0.0,1.0
3000.0,5.420310556,6.19203544214368E-8,3000.0,53.833333333333336,13.419678883903604,-201.74291938997814,-0.21707670043415359,64.8916724314456,66.61846228006749,25.175580767152887,74.97289483194795,49.945789663895916,100.0,57.200247218788626,100.0,14.400494437577255,3000.0,59096.0,1.0,1.0,1.0,0.0,0.0,0.0,1.0
3100.0,5.506666903,6.32405855794934E-8,3100.0,55.32258064516129,17.653002198732924,-201.7429193899782,-0.2170767004341552,66.46515035148911,66.61846228006749,32.47196489517308,74.97289483194795,49.945789663895916,100.0,59.69150174621654,100.0,19.383003492433062,3100.0,59096.0,1.0,1.0,1.0,0.0,0.0,0.0,1.0
3200.0,5.622149453,6.501351240159116E-8,3200.0,56.53125,20.723914335093905,-200.43196544276464,-0.21613832853026757,67.32831510866097,66.5222623345367,38.04008908685969,74.28005418529668,49.945789663895916,98.61431870669746,61.56642237787151,99.56772334293949,23.56512141280353,3200.0,59344.0,1.0,1.0,1.0,0.0,0.0,0.0,1.0
3300.0,5.770380466,6.728951138604846E-8,3300.0,56.84848484848485,21.10917226746999,-201.05708245243133,-0.21111893033074142,66.2016672306703,65.99808978032475,40.96185737976783,71.31435824658212,49.945789663895916,92.6829268292683,61.77301700074792,97.25545390570021,26.290580095795633,3300.0,59352.0,1.0,1.0,1.0,0.0,0.0,0.0,1.0
3400.0,5.918631955,6.730976164661761E-8,3400.0,57.94117647058824,23.584481897443535,-199.79035639413001,-0.2102312543798118,67.12831098350294,65.90367191225562,45.126630851880286,71.41839246227971,49.945789663895916,92.89099526066352,63.32443132960701,96.84653118430273,29.802331474911302,3400.0,528.0,3.0,2.0,2.0,1.0,0.0,0.0,1.0
3500.0,6.048432883,6.828518166127718E-8,3500.0,58.34285714285714,23.97353092964743,-199.99999999999991,0.9510869565217399,66.87459998888676,65.91865357643759,46.4364437913299,70.65787392598405,50.24946543121882,91.06628242074927,63.47587578252294,95.78804347826086,31.163708086785007,3500.0,29048.0,3.0,2.0,2.0,1.0,0.0,0.0,1.0
3600.0,6.252095336,6.983672676113538E-8,3600.0,59.30555555555556,25.456673281432852,-197.16024340770795,3.3003300330032888,67.4329690078316,66.39137416838724,48.43365012319606,70.94216730292679,50.87904360056259,91.005291005291,64.25457653679038,95.51155115511551,32.99760191846523,3600.0,29448.0,3.0,2.0,2.0,1.0,0.0,0.0,1.0
3700.0,6.354966871,7.062063751220911E-8,3700.0,59.162162162162154,24.648886210073613,-204.0241448692154,3.2030749519538695,66.13915223572283,65.69807037457434,49.5492487479132,68.7806432956084,50.87904360056259,86.6822429906542,63.69304808445935,92.69698910954516,34.68910705937354,3700.0,29456.0,3.0,2.0,2.0,1.0,0.0,0.0,1.0
3800.0,6.449490885,7.139551780276622E-8,3800.0,59.60526315789474,25.382871704079708,-196.33204633204642,3.1545741324921233,66.14730343318914,65.37333634107827,51.53141774550046,68.29604735152488,50.87780898876404,85.71428571428571,64.12964373963014,91.41955835962146,36.839729119638825,3800.0,31688.0,3.0,2.0,2.0,1.0,0.0,0.0,1.0
3900.0,6.610069678,7.318414363567408E-8,3900.0,59.794871794871796,25.347571073746376,-193.0841121495328,4.215027489309709,65.82792154996791,65.34040671971708,52.13675213675214,67.74952975365964,51.1950121233114,84.3040473840079,64.01231356951797,90.28711056811241,37.73751657092355,3900.0,43056.0,5.0,3.0,3.0,2.0,0.0,0.0,1.0
4000.0,6.701201014,7.421619530860956E-8,4000.0,60.550000000000004,27.03920902734898,-194.95327102803728,3.6041539401344016,66.6718705462367,65.19629466254962,54.47201384881708,68.30153180002073,51.018294787711426,85.58476881233001,65.11816383251156,90.28711056811241,39.94921709691071,4000.0,43776.0,5.0,3.0,3.0,2.0,0.0,0.0,1.0
4100.0,6.786974006,7.520016802083494E-8,4100.0,61.4390243902439,28.71583592534479,-194.41340782122904,4.0072859744990925,67.45113202945183,65.26038233355307,56.673061112633604,68.79560656734569,51.13636363636363,86.45484949832776,66.15820039697125,90.1639344262295,42.152466367713004,4100.0,44344.0,5.0,3.0,3.0,2.0,0.0,0.0,1.0
4200.0,6.899973097,7.65872128262909E-8,4200.0,61.92857142857143,29.448293597966845,-192.32175502742223,4.1366906474820215,67.61100082128189,65.06445269827397,58.1742087365943,68.66037690130179,51.18597456170505,86.13477924089852,66.59321831634219,89.26858513189448,43.91785150078989,4200.0,47448.0,5.0,3.0,3.0,2.0,0.0,0.0,1.0
4300.0,7.007880361,7.794101195243911E-8,4300.0,62.76744186046511,30.988335491942298,-192.15328467153284,4.131736526946097,68.3459111393601,65.05129884304736,60.16421995521274,69.11309822799198,51.185159738921335,87.04103671706264,67.59556931763849,89.22155688622755,45.96958174904943,4300.0,48496.0,5.0,3.0,3.0,2.0,0.0,0.0,1.0
4400.0,7.093012837,7.901736069073693E-8,4400.0,62.81818181818182,30.694731782912292,-193.18996415770607,4.215456674473066,67.87812469308142,64.63467358408992,60.804983229516054,68.43062604579144,51.233721727210416,85.62753036437248,67.33447355509081,87.52927400468384,47.13967310549777,4400.0,48872.0,5.0,3.0,3.0,2.0,0.0,0.0,1.0
4500.0,7.186046846,8.019630587181489E-8,4500.0,62.955555555555556,30.587042174282363,-197.14795008912648,4.25043078690406,67.556269198222,64.23514267324609,61.58100944918184,67.91204265649384,51.26712328767123,84.55696202531645,67.20420392224788,85.98506605399196,48.423341790503805,4500.0,48984.0,5.0,3.0,3.0,2.0,0.0,0.0,1.0
4600.0,7.312324492,8.179939572544767E-8,4600.0,63.58695652173913,31.620105623640626,-198.04270462633454,4.121350887235272,68.0185975534635,64.12508031698437,63.03244316927831,68.166671969417,51.23203285420944,85.10131108462456,67.871165049654,85.68975386376646,50.05257623554154,4600.0,49072.0,5.0,3.0,3.0,2.0,0.0,0.0,1.0
4700.0,7.400494046,8.292490900975341E-8,4700.0,63.59574468085106,31.229409529178387,-202.83185840707972,4.359977641140288,67.56327855954464,63.72694509221964,63.463591714712784,67.5960061799208,51.33196721311475,83.86004514672686,67.53058261496886,84.01341531581889,51.04774991411885,4700.0,49344.0,5.0,3.0,3.0,2.0,0.0,0.0,1.0
4800.0,7.490550273,8.409239885863536E-8,4800.0,63.9375,31.611775338163184,-199.99999999999991,4.628099173553737,67.63689364634553,63.5808962760362,64.2871879513101,67.55150664758756,51.42954390742002,83.6734693877551,67.7224967814278,83.25068870523415,52.19430485762145,4800.0,50112.0,5.0,3.0,3.0,2.0,0.0,0.0,1.0
4900.0,7.596439445,8.57092789721344E-8,4900.0,64.46938775510203,32.38337640366971,-198.6277873070327,4.915346805024575,67.95654893724834,63.53926701570681,65.35323383084578,67.73768143727217,51.528532608695656,83.94683026584867,68.17683538935808,82.85090114691425,53.5027696318019,4900.0,59024.0,7.0,4.0,4.0,3.0,0.0,0.0,1.0
5000.0,7.692253016,8.724329926285684E-8,5000.0,64.98,33.11490057917684,-196.27749576988157,4.785209352909206,68.27305474832399,63.406478578892376,66.42377756471716,67.90841112104873,51.49355057705364,84.32327166504382,68.64163552568269,82.4904839586732,54.79278709269219,5000.0,61888.0,7.0,4.0,4.0,3.0,0.0,0.0,1.0
5100.0,7.811143919,8.918616764891685E-8,5100.0,65.47058823529412,33.77748598216015,-196.9645868465429,4.913606911447078,68.54280109052809,63.32014163715892,67.38284867568068,68.05410717672302,51.54289589691421,84.56531845653184,69.03856435327538,82.07343412526998,56.00369458128078,5100.0,63168.0,7.0,4.0,4.0,3.0,0.0,0.0,1.0
5200.0,7.951517056,9.152715401736191E-8,5200.0,66.0576923076923,34.654129676736574,-195.64489112227815,4.9030172413793,68.96612578919562,63.29798294863798,68.43140761938831,68.33827124882316,51.540805960040636,85.1357365376057,69.60562407193534,82.00431034482759,57.20693779904307,5200.0,64464.0,7.0,4.0,4.0,3.0,0.0,0.0,1.0
5300.0,8.088756911,9.381844330029354E-8,5300.0,66.66037735849056,35.54127406800491,-193.0348258706468,5.1020408163265145,69.39093858125264,63.33264162689355,69.43435391800726,68.63288440329313,51.606357795062564,85.65941101152369,70.16592528441524,81.95488721804512,58.37696335078534,5300.0,64536.0,7.0,4.0,4.0,3.0,0.0,0.0,1.0
5400.0,8.177848306,9.53224640843748E-8,5400.0,66.87037037037037,35.66352756147148,-193.76026272578005,5.042462845010618,69.36839239617946,63.12100597814884,69.9277189443604,68.5460534436134,51.60094371418942,85.49116317303739,70.21070194126214,81.26326963906581,59.15813424345847,5400.0,65256.0,7.0,4.0,4.0,3.0,0.0,0.0,1.0
5500.0,8.297502555,9.734664988949273E-8,5500.0,67.23636363636363,36.08567550431117,-193.0081300813008,5.057955742887263,69.52982609192601,63.01313628899835,70.5939947780679,68.6217207884005,51.61398789509079,85.62945368171022,70.46228854242666,80.87460484720759,60.049972237645754,5500.0,65392.0,7.0,4.0,4.0,3.0,0.0,0.0,1.0
5600.0,8.387981665,9.887728111782213E-8,5600.0,67.82142857142858,36.91738347669534,-192.05834683954606,5.157894736842126,69.93819043595305,63.04347826086957,71.50537634408603,68.90633195646473,51.64650537634409,86.16615853658537,71.00142247510668,80.89473684210526,61.108108108108105,5600.0,65392.0,7.0,4.0,4.0,3.0,0.0,0.0,1.0
5700.0,8.478482742,1.0040847126249637E-7,5700.0,68.24561403508773,37.49702388417012,-188.67623604465712,5.876235049401968,70.18318090958088,63.16646316646316,72.09374036386062,69.09695494752994,51.889000334336345,86.30490956072352,71.3041039512907,80.70722828913156,61.90097961344983,5700.0,65400.0,7.0,4.0,4.0,3.0,0.0,0.0,1.0
5800.0,8.621259437,1.0283002381694191E-7,5800.0,68.58620689655173,37.84711623346797,-185.13302034428781,6.0340381640020855,70.29966665862514,63.07255776246454,72.66726672667268,69.14953323870145,51.95325542570952,86.3458110516934,71.48870650675705,80.24755028365136,62.72986272986273,5800.0,65560.0,7.0,4.0,4.0,3.0,0.0,0.0,1.0
5900.0,8.727184199,1.046274290409001E-7,5900.0,68.94915254237289,38.337112434820334,-183.1530139103555,6.863243518047797,70.49454532269421,63.212851405622494,73.13782991202345,69.3137726358623,52.240292067706605,86.38725320401801,71.7162445543432,80.02033553634978,63.412153572336635,5900.0,65592.0,7.0,4.0,4.0,3.0,0.0,0.0,1.0
6000.0,8.815898785,1.0615721935823352E-7,6000.0,69.25,38.72071436922304,-180.82191780821907,7.14645193759438,70.6593678159357,63.23968918111176,73.57112161581435,69.43229985278325,52.34168865435356,86.52291105121293,71.93058769366945,79.86914947156517,63.99202591577373,6000.0,66656.0,7.0,4.0,4.0,3.0,0.0,0.0,1.0
6100.0,8.9039073,1.0767738422007402E-7,6100.0,69.42622950819673,38.9464562057749,-177.94336810730255,7.992106561420832,70.71793721419975,63.366725594185816,73.76564917709946,69.50361974839781,52.64360313315927,86.36363636363636,71.9754405629574,79.57572767636903,64.37515344954579,6100.0,66768.0,7.0,4.0,4.0,3.0,0.0,0.0,1.0
6200.0,9.019185172,1.0969648458879232E-7,6200.0,69.53225806451613,38.9593305425374,-174.16545718432522,8.523002421307488,70.64510747197603,63.313264711594485,73.94842090746104,69.44661585157732,52.853437094682235,86.03979460847239,71.88569203427892,78.93462469733656,64.83675937122129,6200.0,67704.0,7.0,4.0,4.0,3.0,0.0,0.0,1.0
6300.0,9.13143392,1.1166508504602022E-7,6300.0,69.71428571428572,39.12494154517636,-172.961373390558,9.012875536480696,70.67032695449286,63.30769230769231,74.21621621621621,69.46923230377013,53.045439896873994,85.89302471066625,71.91368519726866,78.49308536003815,65.33428503449916,6300.0,67792.0,7.0,4.0,4.0,3.0,0.0,0.0,1.0
6400.0,9.215249592,1.1313537772820433E-7,6400.0,70.09375,39.67163949470663,-170.72135785007072,9.674374705049539,70.91679415492459,63.45933562428407,74.68923565194393,69.67881471712491,53.286309714652134,86.07131971959768,72.19955951861662,78.4332232184993,65.96589581873394,6400.0,67808.0,7.0,4.0,4.0,3.0,0.0,0.0,1.0
6500.0,9.298869882,1.1462162585905234E-7,6500.0,70.41538461538461,40.198415242454885,-169.32773109243706,10.76566125290023,71.14732626315565,63.73750707146898,75.01624009354295,69.9062821263188,53.6848792884371,86.12768496420048,72.43323125228615,78.42227378190255,66.44418872266974,6500.0,68704.0,7.0,4.0,4.0,3.0,0.0,0.0,1.0
6600.0,9.389711116,1.1623809747153063E-7,6600.0,70.54545454545455,40.33681907971831,-169.25207756232692,11.232876712328757,71.17564001916597,63.77189713007827,75.18509063058464,69.94165499423244,53.8727959697733,86.01051401869158,72.45394961637624,78.12785388127854,66.78004535147393,6600.0,68784.0,7.0,4.0,4.0,3.0,0.0,0.0,1.0
6700.0,9.505794778,1.1831575708213985E-7,6700.0,70.73134328358209,40.555302792566536,-168.26265389876875,11.785874943769697,71.24084541530078,63.82586238701345,75.42298533650835,70.00932014547926,54.09631019387117,85.92233009708737,72.51647371264596,77.82276203328836,67.21018539200358,6700.0,69184.0,7.0,4.0,4.0,3.0,0.0,0.0,1.0
6800.0,9.650464606,1.2127721648361325E-7,6800.0,71.02941176470588,40.929602955742276,-166.57645466847094,12.171199286669642,71.39680072028503,63.86647101980925,75.82228767795779,70.13713432502693,54.253661576815205,86.02060707323865,72.70254196338625,77.61925991975033,67.78582400702217,6800.0,79128.0,9.0,5.0,5.0,4.0,0.0,0.0,1.0
6900.0,9.788797209,1.2415246658952284E-7,6900.0,71.43478260869566,41.446875565084866,-165.9919028340081,12.20489977728288,71.648149942319,63.8680109990834,76.38106650689035,70.31823822911126,54.26791277258567,86.36856368563686,73.0293359871202,77.59465478841871,68.4640171858217,6900.0,80344.0,9.0,5.0,5.0,4.0,0.0,0.0,1.0
7000.0,9.925793783,1.2711959645851617E-7,7000.0,71.47142857142858,41.32882016995881,-166.62216288384514,12.373848179025911,71.52640262149676,63.71070325277122,76.49758738378252,70.22168219287546,54.37344913151365,86.06991525423729,72.88052439786419,76.91970162351909,68.84134717220928,7000.0,83720.0,9.0,5.0,5.0,4.0,0.0,0.0,1.0
7100.0,10.054015351,1.2993329432458513E-7,7100.0,71.78873239436619,41.721706343918015,-166.3563829787234,12.609075043629996,71.7029010047768,63.73347818214739,76.91598478736891,70.36098825837416,54.47229959764779,86.24967691910054,73.09699439270791,76.78883071553228,69.40515806988353,7100.0,84824.0,9.0,5.0,5.0,4.0,0.0,0.0,1.0
7200.0,10.21371135,1.3347237134595712E-7,7200.0,72.04166666666667,42.08087801002725,-167.33067729083655,12.668112798264646,71.88945215503942,63.78845116028062,77.23108245673565,70.50238919949122,54.48678549477566,86.51799290420679,73.33218854069959,76.91973969631236,69.74463738508683,7200.0,85664.0,9.0,5.0,5.0,4.0,0.0,0.0,1.0
7300.0,10.373224526,1.3708002522899045E-7,7300.0,72.05479452054794,42.02404297041522,-169.48480845442526,12.708600770218245,71.83647958597554,63.713980789754544,77.27779015370906,70.46077210460773,54.52054794520548,86.40099626400996,73.2669766541987,76.6367137355584,69.89723957283901,7300.0,87424.0,9.0,5.0,5.0,4.0,0.0,0.0,1.0
7400.0,10.541302179,1.4069318963259253E-7,7400.0,72.39189189189189,42.4219656190787,-169.88110964332893,12.580231065468558,72.03551281088008,63.68000000000001,77.73297002724796,70.59629640148826,54.47080291970803,86.72178988326849,73.53463180358801,76.6367137355584,70.43254987161762,7400.0,83096.0,11.0,6.0,6.0,5.0,0.0,0.0,1.0
7500.0,10.684134909,1.441603692401304E-7,7500.0,72.73333333333333,42.83989087273341,-169.43346508563906,12.569474134245409,72.24309627140163,63.68318238323566,78.17269719287012,70.74504271214003,54.465370595382744,87.02471482889734,73.80596606293179,76.65669089354425,70.95524123231932,7500.0,93832.0,11.0,6.0,6.0,5.0,0.0,0.0,1.0
7600.0,10.784201638,1.465900508935522E-7,7600.0,73.09210526315789,43.26831175665134,-169.43346508563894,12.569474134245395,72.45380568779932,63.68318238323566,78.62890584178076,70.89563794393092,54.465370595382744,87.3259052924791,74.0820044469622,76.65669089354425,71.50731800038017,7600.0,93856.0,11.0,6.0,6.0,5.0,0.0,0.0,1.0
7700.0,10.873290297,1.4876331907520277E-7,7700.0,73.4155844155844,43.63657871218526,-169.69696969696983,12.483967507481825,72.63690597805133,63.660571631457486,79.04167093273267,71.02005434439597,54.43230115361263,87.6078075351793,74.32909157622558,76.65669089354425,72.00149225890692,7700.0,94296.0,11.0,6.0,6.0,5.0,0.0,0.0,1.0
7800.0,10.960378584,1.508888707273474E-7,7800.0,73.75641025641025,44.03196178584542,-169.6969696969697,12.48396750748181,72.83118971910689,63.660571631457486,79.462225343634,71.15756202820445,54.43230115361263,87.88282290279628,74.58544121677761,76.65669089354425,72.51419154001098,7800.0,94344.0,11.0,6.0,6.0,5.0,0.0,0.0,1.0
7900.0,11.048232808,1.530396621465952E-7,7900.0,74.07594936708861,44.39103627169176,-169.82872200263495,12.44121419410005,73.0085822497297,63.64927227547036,79.85441668306119,71.27955198133584,54.41578148710167,88.14332247557003,74.82358011679551,76.65669089354425,72.99046934004676,7900.0,94632.0,11.0,6.0,6.0,5.0,0.0,0.0,1.0
8000.0,11.132324079,1.55108425410899E-7,8000.0,74.3625,44.694538444104474,-170.22397891963098,12.31295425395469,73.16066162577269,63.61539826148661,80.20843385120139,71.37710131477026,54.36628259551243,88.38792003402808,75.03564097759707,76.65669089354425,73.41459106164989,8000.0,95096.0,11.0,6.0,6.0,5.0,0.0,0.0,1.0
8100.0,11.209884269,1.570211699695016E-7,8100.0,74.67901234567901,45.04733713561704,-170.22397891963107,12.312954253954683,73.33381470403305,63.61539826148661,80.58316766070246,71.49801010242093,54.36628259551243,88.62973760932945,75.26637703850967,76.65669089354425,73.8760631834751,8100.0,95328.0,11.0,6.0,6.0,5.0,0.0,0.0,1.0
8200.0,11.300150929,1.592478345932439E-7,8200.0,74.98780487804878,45.387220073052575,-170.22397891963118,12.312954253954691,73.50056827486891,63.61539826148661,80.94397472823562,71.61398585099978,54.36628259551243,88.86168910648715,75.48923949215687,76.65669089354425,74.32178809076949,8200.0,95352.0,11.0,6.0,6.0,5.0,0.0,0.0,1.0
8300.0,11.392469065,1.6152567745555193E-7,8300.0,75.28915662650603,45.71488376435822,-170.22397891963098,12.312954253954699,73.66127161555531,63.61539826148661,81.29161725804981,71.72532442450552,54.36628259551243,89.0843662534986,75.70462459456613,76.65669089354425,74.75255829558799,8300.0,95376.0,11.0,6.0,6.0,5.0,0.0,0.0,1.0
8400.0,11.49408275,1.6403498020375354E-7,8400.0,75.55952380952381,45.99094274386005,-170.48748353096195,12.227447627191125,73.79864230985606,63.592835609150555,81.60559089687304,71.81372549019608,54.333333333333336,89.29411764705883,75.89640352299718,76.65669089354425,75.1361161524501,8400.0,95456.0,11.0,6.0,6.0,5.0,0.0,0.0,1.0
8500.0,11.587006421,1.6633007172374262E-7,8500.0,75.8,46.21707428020484,-171.01449275362307,12.056434373663945,73.91351120441888,63.5477582846004,81.8878224883332,71.87973566927064,54.26755447941889,89.4919168591224,76.06572574217871,76.65669089354425,75.47476059081319,8500.0,95472.0,11.0,6.0,6.0,5.0,0.0,0.0,1.0
8600.0,11.696207119,1.6902741024073214E-7,8600.0,76.0813953488372,46.51276870000105,-171.01449275362322,12.05643437366398,74.05840087023257,63.5477582846004,82.20126330362551,71.97894340285144,54.26755447941889,89.69033232628398,76.26158294876862,76.65669089354425,75.86647500399297,8600.0,95480.0,11.0,6.0,6.0,5.0,0.0,0.0,1.0
8700.0,11.785178878,1.7122544718125836E-7,8700.0,76.35632183908045,46.798542172022884,-171.0144927536233,12.056434373663956,74.19838943010669,63.5477582846004,82.50404014629582,72.07447405216311,54.26755447941889,89.88139362490733,76.45128209195371,76.65669089354425,76.24587329036315,8700.0,95496.0,11.0,6.0,6.0,5.0,0.0,0.0,1.0
8800.0,11.870377092,1.733314934191708E-7,8800.0,76.60227272727272,47.069223191948545,-169.85583224115348,12.196162046908306,74.32568323406518,63.576861843269064,82.76554783627688,72.1723518258062,54.322853688029014,90.02184996358339,76.61145968728891,76.63113006396588,76.59178931061193,8800.0,95552.0,11.0,6.0,6.0,5.0,0.0,0.0,1.0
8900.0,11.972464911,1.7591208607891987E-7,8900.0,76.82022471910113,47.26858223375096,-169.67320261437905,12.25010633772862,74.41346135508279,63.557675322381215,83.00518988384546,72.23783839290057,54.350453172205434,90.12522361359571,76.72420237610672,76.52062951935346,76.92777523285997,8900.0,97712.0,11.0,6.0,6.0,5.0,0.0,0.0,1.0
9000.0,12.096051578,1.7903664170160683E-7,9000.0,77.05555555555556,47.491064581159236,-169.93464052287595,12.165036154827739,74.52439609633194,63.535228677379486,83.2617329982978,72.30649575001529,54.31763285024155,90.29535864978902,76.88266398512417,76.52062951935346,77.24469845089487,9000.0,97728.0,11.0,6.0,6.0,5.0,0.0,0.0,1.0
9100.0,12.187383145,1.8135573217460264E-7,9100.0,77.3076923076923,47.743726994753885,-169.93464052287567,12.16503615482775,74.64810391473613,63.535228677379486,83.52875488553882,72.39032990127834,54.31763285024155,90.46302695231515,77.05124674960116,76.52062951935346,77.58186397984886,9100.0,98152.0,11.0,6.0,6.0,5.0,0.0,0.0,1.0
9200.0,12.278914657,1.8368198342510808E-7,9200.0,77.54347826086956,47.96977499210673,-170.065359477124,12.122501063377292,74.7597398407005,63.524011299435024,83.77826633165829,72.46232252855891,54.3012375490492,90.62340750806862,77.20760633508921,76.52062951935346,77.89458315082494,9200.0,98240.0,11.0,6.0,6.0,5.0,0.0,0.0,1.0
9300.0,12.372386519,1.8612428841743204E-7,9300.0,77.54838709677419,47.84243270474795,-168.3804627249358,12.342569269521412,74.64883545868236,63.406940063091476,83.80642159143787,72.41701462891277,54.42238267148014,90.41164658634538,77.0225957473768,75.94458438287154,78.10060711188204,9300.0,101000.0,11.0,6.0,6.0,5.0,0.0,0.0,1.0
9324.0,12.397607692,1.8678339109794753E-7,9324.0,77.56327756327757,47.82469975100802,-167.5191815856777,12.358609132802684,74.63109508219455,63.37535014005602,83.82807668521953,72.40891025697265,54.4360902255639,90.3817302883814,76.99399327927046,75.82739840804356,78.16058815049733,9324.0,101016.0,11.0,6.0,6.0,5.0,0.0,0.0,1.0
