learning evaluation instances,evaluation time (cpu seconds),model cost (RAM-Hours),classified instances,classifications correct (percent),Kappa Statistic (percent),Kappa Temporal Statistic (percent),Kappa M Statistic (percent),F1 Score (percent),F1 Score for class 0 (percent),F1 Score for class 1 (percent),Precision (percent),Precision for class 0 (percent),Precision for class 1 (percent),Recall (percent),Recall for class 0 (percent),Recall for class 1 (percent),model training instances,model serialized size (bytes),tree size (nodes),tree size (leaves),active learning leaves,tree depth,active leaf byte size estimate,inactive leaf byte size estimate,byte size estimate overhead
100.0,0.885934521,5.487770714182407E-9,100.0,100.0,?,?,?,?,100.0,?,?,100.0,?,?,100.0,?,100.0,23944.0,1.0,1.0,1.0,0.0,0.0,0.0,1.0
200.0,1.336678302,1.2285535437986255E-8,200.0,97.0,0.0,-50.0,0.0,?,98.47715736040608,?,?,97.0,?,50.0,100.0,0.0,200.0,58296.0,1.0,1.0,1.0,0.0,0.0,0.0,1.0
300.0,1.616810911,1.663898369189973E-8,300.0,98.0,0.0,-50.00000000000042,0.0,?,98.98989898989899,?,?,98.0,?,50.0,100.0,0.0,300.0,60072.0,1.0,1.0,1.0,0.0,0.0,0.0,1.0
400.0,1.806942069,1.9603980063587016E-8,400.0,98.5,0.0,-50.0,0.0,?,99.24433249370279,?,?,98.5,?,50.0,100.0,0.0,400.0,60280.0,1.0,1.0,1.0,0.0,0.0,0.0,1.0
500.0,1.986012088,2.25840095281394E-8,500.0,98.4,0.0,-33.33333333333333,0.0,?,99.19354838709677,?,?,98.4,?,50.0,100.0,0.0,500.0,64328.0,1.0,1.0,1.0,0.0,0.0,0.0,1.0
600.0,2.165816769,2.568939095515137E-8,600.0,98.33333333333333,0.0,-25.00000000000063,0.0,?,99.15966386554621,?,?,98.33333333333333,?,50.0,100.0,0.0,600.0,66760.0,1.0,1.0,1.0,0.0,0.0,0.0,1.0
700.0,2.381774958,2.998724584190175E-8,700.0,96.85714285714285,0.0,-83.33333333333377,0.0,?,98.4034833091437,?,?,96.85714285714285,?,50.0,100.0,0.0,700.0,76928.0,1.0,1.0,1.0,0.0,0.0,0.0,1.0
800.0,2.561732506,3.3856909608011033E-8,800.0,84.75,0.0,-838.461538461539,0.0,?,91.74560216508796,?,?,84.75,?,50.0,100.0,0.0,800.0,83120.0,1.0,1.0,1.0,0.0,0.0,0.0,1.0
900.0,2.730851842,3.752081790344376E-8,900.0,77.66666666666666,0.0,-617.8571428571435,0.0,?,87.4296435272045,?,?,77.66666666666666,?,50.0,100.0,0.0,900.0,83744.0,1.0,1.0,1.0,0.0,0.0,0.0,1.0
1000.0,2.907865164,4.135831094052436E-8,1000.0,74.3,0.0,-301.56250000000034,0.0,?,85.25530694205393,?,?,74.3,?,50.0,100.0,0.0,1000.0,83800.0,1.0,1.0,1.0,0.0,0.0,0.0,1.0
1100.0,3.080168445,4.509619063287767E-8,1100.0,70.45454545454545,0.0,-238.5416666666666,0.0,?,82.66666666666667,?,?,70.45454545454545,?,50.0,100.0,0.0,1100.0,83856.0,1.0,1.0,1.0,0.0,0.0,0.0,1.0
1200.0,3.259419413,4.898850050604799E-8,1200.0,70.08333333333333,0.0,-206.83760683760676,0.0,?,82.41058304752573,?,?,70.08333333333333,?,50.0,100.0,0.0,1200.0,83936.0,1.0,1.0,1.0,0.0,0.0,0.0,1.0
1300.0,3.425299147,5.260522549240333E-8,1300.0,67.76923076923077,0.0,-235.20000000000005,0.0,?,80.7886290692343,?,?,67.76923076923077,?,50.0,100.0,0.0,1300.0,84280.0,1.0,1.0,1.0,0.0,0.0,0.0,1.0
1400.0,3.526416765,5.482666476429958E-8,1400.0,65.85714285714286,0.0,-229.6551724137932,0.0,?,79.41429801894918,?,?,65.85714285714286,?,50.0,100.0,0.0,1400.0,84920.0,1.0,1.0,1.0,0.0,0.0,0.0,1.0
1500.0,3.69653239,5.861883519302226E-8,1500.0,64.33333333333333,0.0,-198.88268156424593,0.0,?,78.29614604462475,?,?,64.33333333333333,?,50.0,100.0,0.0,1500.0,86168.0,1.0,1.0,1.0,0.0,0.0,0.0,1.0
1600.0,3.862785448,6.233419246080435E-8,1600.0,62.875,0.0,-166.36771300448424,0.0,?,77.20644666155026,?,?,62.875,?,50.0,100.0,0.0,1600.0,86384.0,1.0,1.0,1.0,0.0,0.0,0.0,1.0
1700.0,3.956418395,6.445243752530672E-8,1700.0,61.588235294117645,0.0,-172.08333333333326,0.0,?,76.22861303239898,?,?,61.588235294117645,?,50.0,100.0,0.0,1700.0,87448.0,1.0,1.0,1.0,0.0,0.0,0.0,1.0
1800.0,4.040018022,6.637017198945705E-8,1800.0,61.111111111111114,0.0,-146.47887323943655,0.0,?,75.86206896551725,?,?,61.111111111111114,?,50.0,100.0,0.0,1800.0,88672.0,1.0,1.0,1.0,0.0,0.0,0.0,1.0
1900.0,4.122595563,6.827539809066181E-8,1900.0,59.578947368421055,0.0,-154.30463576158942,0.0,?,74.67018469656993,?,?,59.578947368421055,?,50.0,100.0,0.0,1900.0,89184.0,1.0,1.0,1.0,0.0,0.0,0.0,1.0
2000.0,4.206179759,7.021561277083018E-8,2000.0,59.599999999999994,0.0,-141.9161676646706,0.0,?,74.68671679197995,?,?,59.599999999999994,?,50.0,100.0,0.0,2000.0,89728.0,1.0,1.0,1.0,0.0,0.0,0.0,1.0
2100.0,4.288333498,7.21292536930657E-8,2100.0,57.99999999999999,0.0,-137.73584905660383,0.0,?,73.41772151898734,?,?,57.99999999999999,?,50.0,100.0,0.0,2100.0,90040.0,1.0,1.0,1.0,0.0,0.0,0.0,1.0
2200.0,4.371721666,7.407320190473563E-8,2200.0,56.59090909090909,0.0,-139.9497487437186,0.0,?,72.27866473149493,?,?,56.59090909090909,?,50.0,100.0,0.0,2200.0,90112.0,1.0,1.0,1.0,0.0,0.0,0.0,1.0
2300.0,4.455348522,7.603344504675103E-8,2300.0,55.869565217391305,0.0,-149.38574938574936,0.0,?,71.68758716875871,?,?,55.869565217391305,?,50.0,100.0,0.0,2300.0,90608.0,1.0,1.0,1.0,0.0,0.0,0.0,1.0
2400.0,4.537908702,7.796885579231713E-8,2400.0,55.50000000000001,0.0,-147.79582366589327,0.0,?,71.38263665594855,?,?,55.50000000000001,?,50.0,100.0,0.0,2400.0,90616.0,1.0,1.0,1.0,0.0,0.0,0.0,1.0
2500.0,4.624368205,7.99956761209853E-8,2500.0,55.279999999999994,0.0,-143.5729847494554,0.0,?,71.20041215868109,?,?,55.279999999999994,?,50.0,100.0,0.0,2500.0,90616.0,1.0,1.0,1.0,0.0,0.0,0.0,1.0
2600.0,4.714092995,8.2099414081886E-8,2600.0,53.15384615384615,0.0,-165.35947712418303,0.0,?,69.4123556002009,?,?,53.15384615384615,?,50.0,100.0,0.0,2600.0,90632.0,1.0,1.0,1.0,0.0,0.0,0.0,1.0
2700.0,4.805005738,8.423100545790047E-8,2700.0,51.18518518518519,0.0,-187.14596949891057,0.0,?,67.71190592846644,?,?,51.18518518518519,?,50.0,100.0,0.0,2700.0,90632.0,1.0,1.0,1.0,0.0,0.0,0.0,1.0
2800.0,4.9235677,8.701087599510948E-8,2800.0,50.535714285714285,2.297987610639083,-201.74291938997823,-0.21707670043416166,60.82115544454096,66.61846228006749,4.548587181254306,74.97289483194795,49.945789663895916,100.0,51.163610719322996,100.0,2.32722143864598,2800.0,90632.0,1.0,1.0,1.0,0.0,0.0,0.0,1.0
2900.0,5.043808656,8.983061087402204E-8,2900.0,52.241379310344826,8.385096001197056,-201.74291938997828,-0.21707670043416083,63.03777325153208,66.61846228006749,16.1114476075106,74.97289483194795,49.945789663895916,100.0,54.38076416337287,100.0,8.761528326745719,2900.0,90648.0,1.0,1.0,1.0,0.0,0.0,0.0,1.0
3000.0,5.187333674,9.319637336223075E-8,3000.0,53.833333333333336,13.419678883903604,-201.74291938997814,-0.21707670043415359,64.8916724314456,66.61846228006749,25.175580767152887,74.97289483194795,49.945789663895916,100.0,57.200247218788626,100.0,14.400494437577255,3000.0,90648.0,1.0,1.0,1.0,0.0,0.0,0.0,1.0
3100.0,5.345278775,9.690029692587132E-8,3100.0,55.32258064516129,17.653002198732924,-201.7429193899782,-0.2170767004341552,66.46515035148911,66.61846228006749,32.47196489517308,74.97289483194795,49.945789663895916,100.0,59.69150174621654,100.0,19.383003492433062,3100.0,90648.0,1.0,1.0,1.0,0.0,0.0,0.0,1.0
3200.0,5.514714665,1.0087754488338405E-7,3200.0,56.53125,20.723914335093905,-200.43196544276464,-0.21613832853026757,67.32831510866097,66.5222623345367,38.04008908685969,74.28005418529668,49.945789663895916,98.61431870669746,61.56642237787151,99.56772334293949,23.56512141280353,3200.0,90736.0,1.0,1.0,1.0,0.0,0.0,0.0,1.0
3300.0,5.688991488,1.049705904330665E-7,3300.0,56.84848484848485,21.10917226746999,-201.05708245243133,-0.21111893033074142,66.2016672306703,65.99808978032475,40.96185737976783,71.31435824658212,49.945789663895916,92.6829268292683,61.77301700074792,97.25545390570021,26.290580095795633,3300.0,90784.0,1.0,1.0,1.0,0.0,0.0,0.0,1.0
3400.0,5.881169123,1.0499684074063888E-7,3400.0,57.94117647058824,23.584481897443535,-199.79035639413001,-0.2102312543798118,67.12831098350294,65.90367191225562,45.126630851880286,71.41839246227971,49.945789663895916,92.89099526066352,63.32443132960701,96.84653118430273,29.802331474911302,3400.0,528.0,3.0,2.0,2.0,1.0,0.0,0.0,1.0
3500.0,6.069121134,1.0752836525560046E-7,3500.0,57.971428571428575,23.07262446292036,-202.67489711934147,0.06793478260870703,65.87663677309484,65.33113363186426,46.6449038810301,69.11053093003719,50.018044027426924,88.20301783264746,62.93186154703714,94.15760869565217,31.70611439842209,3500.0,52064.0,3.0,2.0,2.0,1.0,0.0,0.0,1.0
3600.0,6.253466552,1.1006243658342088E-7,3600.0,58.88888888888889,24.492685228881548,-200.20283975659234,2.3102310231023027,66.45328231883137,65.78825705039296,48.50382741823243,69.4811123600521,50.622554251156174,88.33967046894804,63.678324666999075,93.92739273927393,33.42925659472422,3600.0,53136.0,3.0,2.0,2.0,1.0,0.0,0.0,1.0
3700.0,6.463799349,1.1424180910598073E-7,3700.0,59.945945945945944,26.169839260454292,-198.18913480885323,5.060858424087124,67.24666089458219,66.45540968764146,50.30181086519114,70.17527032935277,51.382569128456424,88.96797153024912,64.55269709692693,94.04228058936579,35.06311360448808,3700.0,76808.0,5.0,3.0,3.0,2.0,0.0,0.0,1.0
3800.0,6.627202439,1.1790767998027306E-7,3800.0,60.65789473684211,27.57244667695094,-188.61003861003866,5.6782334384858215,67.88175225253391,66.59217877094972,52.160000000000004,70.55876649302255,51.55709342560554,89.56043956043956,65.40044577052075,94.00630914826499,36.794582392776526,3800.0,86720.0,5.0,3.0,3.0,2.0,0.0,0.0,1.0
3900.0,6.784459302,1.2149164223399427E-7,3900.0,60.89743589743589,27.863378150420647,-185.04672897196275,6.8417837507635735,68.05953567567674,66.91256237795618,52.20933876527734,70.82359203137327,51.88425302826379,89.76293103448276,65.50312306740042,94.19670128283445,36.809544851966415,3900.0,88096.0,5.0,3.0,3.0,2.0,0.0,0.0,1.0
4000.0,6.953015122,1.253575324331886E-7,4000.0,60.925,28.41161261659448,-192.1495327102803,4.520464263897363,68.34289449230761,66.36539703034215,53.38502833283627,70.81663814221955,51.22923588039867,90.40404040404042,66.03614158513284,94.19670128283445,37.87558188743123,4000.0,88656.0,5.0,3.0,3.0,2.0,0.0,0.0,1.0
4100.0,7.122517623,1.2926934054282597E-7,4100.0,60.073170731707314,27.41333335640521,-204.84171322160148,0.6071645415907716,67.94180623179086,65.47141953174436,52.6741832899682,70.3591315712705,50.16160310277957,90.55666003976143,65.68506748981645,94.23193685488768,37.13819812474521,4100.0,89208.0,5.0,3.0,3.0,2.0,0.0,0.0,1.0
4200.0,7.300417478,1.3347361716964178E-7,4200.0,60.357142857142854,28.038498014344142,-204.38756855575866,0.17985611510790186,68.22224878765729,65.36301227376742,53.65989423879767,70.45273367584663,50.04778591908251,90.85768143261075,66.1286610522009,94.18465227817747,38.072669826224335,4200.0,91352.0,5.0,3.0,3.0,2.0,0.0,0.0,1.0
4300.0,7.480471602,1.377787391646786E-7,4300.0,60.627906976744185,28.76391960389063,-208.94160583941607,-1.3772455089820417,68.54383812948002,64.98448810754913,55.03320053120849,70.45709195426296,49.636650868878355,91.27753303964758,66.73174563420687,94.07185628742515,39.39163498098859,4300.0,92424.0,5.0,3.0,3.0,2.0,0.0,0.0,1.0
4400.0,7.65213617,1.4193300449231433E-7,4400.0,60.95454545454545,29.232317815720922,-207.88530465949822,-0.5854800936768259,68.70468720073714,65.12383272431994,55.65307176045431,70.5229888139789,49.844623990055936,91.20135363790186,66.97779177439617,93.91100702576112,40.0445765230312,4400.0,93544.0,5.0,3.0,3.0,2.0,0.0,0.0,1.0
4500.0,7.838040366,1.4656806831854913E-7,4500.0,61.199999999999996,29.675681104051517,-211.22994652406408,-0.2871912693854269,68.93650004956868,65.2191235059761,56.13065326633166,70.7030743627267,49.923757243061914,91.48239148239148,67.25605240767045,94.02642159678346,40.48568321855745,4500.0,96376.0,5.0,3.0,3.0,2.0,0.0,0.0,1.0
4600.0,8.017587138,1.5111336975572838E-7,4600.0,61.26086956521739,29.914225038846766,-217.08185053380785,-2.003434459072699,68.9812664090881,64.75474683544303,56.99806949806949,70.475306296772,49.4711393170142,91.47947327652982,67.54925724154633,93.70349170005724,41.3950227830354,4600.0,97856.0,5.0,3.0,3.0,2.0,0.0,0.0,1.0
4700.0,8.176220099,1.5514991272661213E-7,4700.0,61.255319148936174,29.70830428706496,-222.30088495575225,-1.7887087758524403,68.68945362271302,64.62016708762386,57.18316482482953,70.06727711211255,49.523525908278735,90.61102831594636,67.36477296751647,92.95695919508104,41.772586739951905,4700.0,98360.0,5.0,3.0,3.0,2.0,0.0,0.0,1.0
4800.0,8.351317098,1.5963329974905277E-7,4800.0,61.5625,29.98036034497481,-219.75736568457532,-1.652892561983465,68.54413789556101,64.37536203900368,58.267360325718165,69.62384778698922,49.55410225921522,89.69359331476323,67.49740437725819,91.84573002754821,43.14907872696818,4800.0,98976.0,5.0,3.0,3.0,2.0,0.0,0.0,1.0
4900.0,8.448993151,1.621389603792669E-7,4900.0,62.06122448979592,30.671326176222745,-218.86792452830193,-1.5292190060076345,68.71111938264586,64.22936309409275,59.613295676732555,69.51172511990059,49.58407605466429,89.4393741851369,67.92874571190669,91.15237575095576,44.70511567285761,4900.0,99160.0,5.0,3.0,3.0,2.0,0.0,0.0,1.0
5000.0,8.532701599,1.6428804578473584E-7,5000.0,62.660000000000004,31.585919730019796,-215.90524534686978,-1.522566612289271,69.058587081968,64.13064361191162,61.06360792492179,69.59007964299921,49.58407605466429,89.59608323133415,68.5351515092088,90.75584556824361,46.314457450174,5000.0,99240.0,5.0,3.0,3.0,2.0,0.0,0.0,1.0
5100.0,8.617375194,1.6648258828499872E-7,5100.0,63.13725490196078,32.23894183065106,-217.03204047217523,-1.5118790496760266,69.2586434774198,63.998468019915734,62.23382884692648,69.56107099363648,49.58456973293768,89.53757225433526,68.9588342784794,90.2267818574514,47.69088669950739,5100.0,100184.0,5.0,3.0,3.0,2.0,0.0,0.0,1.0
5200.0,8.70111851,1.6865371338143737E-7,5200.0,63.76923076923077,33.19950687860704,-215.57788944723632,-1.508620689655186,69.674991629068,63.94948335246843,63.587166602241986,69.73764005772567,49.58456973293768,89.89071038251366,69.61245565913215,90.03232758620689,49.192583732057415,5200.0,100216.0,5.0,3.0,3.0,2.0,0.0,0.0,1.0
5300.0,8.802025361,1.712881971339302E-7,5300.0,64.33962264150944,34.01064051247322,-213.43283582089558,-1.5037593984962594,70.00267487200195,63.87614678899083,64.7913561847988,69.84409833797143,49.58456973293768,90.10362694300518,70.16197312028514,89.7422126745435,50.58173356602676,5300.0,100920.0,5.0,3.0,3.0,2.0,0.0,0.0,1.0
5400.0,8.913805084,1.7423870691048188E-7,5400.0,64.55555555555556,34.11148034589752,-214.28571428571436,-1.5923566878980833,69.88855407889231,63.62599771949829,65.43878656554712,69.58509679493599,49.55595026642984,89.61424332344214,70.19466968109388,88.85350318471338,51.5358361774744,5400.0,102032.0,5.0,3.0,3.0,2.0,0.0,0.0,1.0
5500.0,9.066178223,1.7829129957810665E-7,5500.0,64.96363636363637,34.57806509342094,-213.3333333333333,-1.5279241306638376,70.01265359034686,63.496874408031836,66.31707743401503,69.54724643822689,49.571132800946465,89.52336007550731,70.48433167617334,88.30347734457324,52.66518600777346,5500.0,102808.0,5.0,3.0,3.0,2.0,0.0,0.0,1.0
5600.0,9.180172406,1.8136820751807963E-7,5600.0,65.51785714285714,35.36169856659532,-212.96596434359802,-1.6315789473684283,70.3721917544036,63.448798031421546,67.36521886090925,69.71904149151926,49.541826780963646,89.89625620207488,71.03769559032717,88.21052631578948,53.86486486486487,5600.0,104336.0,5.0,3.0,3.0,2.0,0.0,0.0,1.0
5700.0,9.294478511,1.8447340655339882E-7,5700.0,65.71929824561403,35.370032069527255,-211.64274322169067,-1.6120644825793216,70.20215307820756,63.17376554843573,67.93567443386938,69.44074506937694,49.541826780963646,89.33966335779024,70.98044366572121,87.15548621944878,54.805401111993646,5700.0,105008.0,5.0,3.0,3.0,2.0,0.0,0.0,1.0
5800.0,9.403505791,1.8743836191309617E-7,5800.0,66.0344827586207,35.62209754317112,-208.29420970266023,-1.5987622485817148,70.21007514359243,62.98384066140549,68.62057980248485,69.33028451170648,49.541826780963646,89.11874224244933,71.11248158179566,86.43630737493554,55.78865578865578,5800.0,105120.0,5.0,3.0,3.0,2.0,0.0,0.0,1.0
5900.0,9.579436415,1.9224457465621953E-7,5900.0,66.13559322033899,35.42933559622613,-208.8098918083462,-1.5760040671072617,69.9330268980882,62.654205607476634,69.02325581395348,68.99022209131614,49.541826780963646,88.43861740166865,70.90195704331228,85.20589730554143,56.59801678108314,5900.0,105600.0,5.0,3.0,3.0,2.0,0.0,0.0,1.0
6000.0,9.755120732,1.97132776322073E-7,6000.0,66.43333333333334,35.66886651034265,-206.5449010654489,-1.358832410669335,69.95086012644613,62.523260141421666,69.60458798671897,68.9262348067525,49.6014171833481,88.2510524301569,71.00640833747292,84.54957221942627,57.46324445551956,6000.0,107552.0,5.0,3.0,3.0,2.0,0.0,0.0,1.0
6100.0,9.929701125,2.020133866552988E-7,6100.0,66.39344262295081,35.2162699015049,-205.51415797317443,-1.1346817957572828,69.52629727201001,62.16315983757844,69.7729283397228,68.49968414643718,49.66086700088469,87.33850129198967,70.58415054994742,83.07844104588061,58.08986005401424,6100.0,108064.0,5.0,3.0,3.0,2.0,0.0,0.0,1.0
6200.0,10.075429458,2.061254036695117E-7,6200.0,66.41935483870968,34.92041004719485,-202.17706821480417,-0.8232445520581295,69.21659949531248,61.88209447088979,69.99135197463247,68.18562810294829,49.749779216956135,86.62147698894042,70.27922623561342,81.84019370460048,58.71825876662636,6200.0,109072.0,5.0,3.0,3.0,2.0,0.0,0.0,1.0
6300.0,10.239018476,2.1076272529140737E-7,6300.0,66.44444444444444,34.65714651582791,-202.4320457796854,-0.810681926561772,68.95940199184655,61.577608142493645,70.21696252465483,67.91490721508298,49.7503671071953,86.07944732297064,70.03652612736254,80.78206962327134,59.29098263145372,6300.0,109576.0,5.0,3.0,3.0,2.0,0.0,0.0,1.0
6400.0,10.342975584,2.137096379299938E-7,6400.0,66.6875,34.81324018154527,-201.55586987270152,-0.6134969325153495,68.95686084972168,61.432706222865406,70.68206820682067,67.86688411768992,49.809328248753296,85.92443998662654,70.08242022020983,80.13213780084946,60.03270263957019,6400.0,109576.0,5.0,3.0,3.0,2.0,0.0,0.0,1.0
6500.0,10.452604409,2.1683729512290822E-7,6500.0,66.70769230769231,34.52183389139823,-203.08123249299723,-0.41763341067283355,68.68089029578842,61.13505747126437,70.8826695371367,67.59685499079293,49.868151186639324,85.32555879494656,69.80026112100475,78.97911832946636,60.62140391254315,6500.0,110280.0,5.0,3.0,3.0,2.0,0.0,0.0,1.0
6600.0,10.566273611,2.2008845607659882E-7,6600.0,66.71212121212122,34.19558617309498,-204.29362880886433,-0.3196347031963575,68.3946704535901,60.8028545941124,71.07307439104675,67.3192421466841,49.897510980966324,84.74097331240188,69.50501661851956,77.8082191780822,61.20181405895691,6600.0,110560.0,5.0,3.0,3.0,2.0,0.0,0.0,1.0
6700.0,10.671344559,2.231115215357807E-7,6700.0,66.80597014925374,34.121352917369904,-204.24076607387133,-0.04498425551055336,68.27673242571164,60.63716814159292,71.30322580645162,67.2016875745716,49.98540997957397,84.4179651695692,69.3867320661579,77.05802968960865,61.71543444270717,6700.0,111216.0,5.0,3.0,3.0,2.0,0.0,0.0,1.0
6800.0,10.755029368,2.2554213398377514E-7,6800.0,66.91176470588235,34.0939778523028,-204.46549391069024,-0.3120820329915483,68.22068500693955,60.415200562983806,71.57655381505812,67.11943146749972,49.898285382156345,84.34057755284311,69.3586787108671,76.54926437806509,62.16809304366908,6800.0,112272.0,5.0,3.0,3.0,2.0,0.0,0.0,1.0
6900.0,10.838573449,2.2797764998060134E-7,6900.0,67.33333333333333,34.62033375469195,-204.1835357624832,-0.40089086859686596,68.47856920653787,60.372714486638536,72.21400394477317,67.29797081290232,49.86930002904444,84.7266415967602,69.70132936541162,76.48106904231626,62.921589688506984,6900.0,112688.0,5.0,3.0,3.0,2.0,0.0,0.0,1.0
7000.0,10.920765167,2.3037612272308933E-7,7000.0,67.37142857142857,34.42257700896894,-204.939919893191,-0.2193944712593098,68.29497029289756,60.139616055846425,72.38210399032647,67.13058616631717,49.92755722978847,84.33361510284587,69.50046002666194,75.60333479596314,63.39758525736073,7000.0,112800.0,5.0,3.0,3.0,2.0,0.0,0.0,1.0
7100.0,11.003593034,2.3280790141823807E-7,7100.0,67.67605633802816,34.72002746049549,-205.18617021276592,-0.13089005235604143,68.41076641921624,60.05221932114884,72.85629804849202,67.20476728072559,49.95655951346655,84.45297504798465,69.6608401355507,75.26178010471205,64.05990016638935,7100.0,113488.0,5.0,3.0,3.0,2.0,0.0,0.0,1.0
7200.0,11.098362282,2.3559674466857895E-7,7200.0,67.88888888888889,34.88640990848095,-207.0385126162018,-0.3036876355748501,68.47206442514566,59.91678224687933,73.21594068582019,67.22936944715691,49.89893156222928,84.55980733208456,69.7615655445483,74.96746203904556,64.55566905005107,7200.0,113752.0,5.0,3.0,3.0,2.0,0.0,0.0,1.0
7300.0,11.211745417,2.3894203460375054E-7,7300.0,67.94520547945206,34.71292068831432,-209.11492734478196,-0.12836970474967682,68.30885231557387,59.682977257064096,73.39699863574351,67.08637685678791,49.95673492933372,84.21601878424211,69.57670760202305,74.11210954214805,65.04130566189804,7300.0,114048.0,5.0,3.0,3.0,2.0,0.0,0.0,1.0
7400.0,11.333529144,2.425366903842323E-7,7400.0,68.37837837837839,35.25480539387745,-209.11492734478202,-0.12836970474966017,68.57919127218416,59.682977257064096,73.98843930635837,67.28703769095722,49.95673492933372,84.61734045258072,69.92194455973689,74.11210954214805,65.7317795773257,7400.0,114096.0,5.0,3.0,3.0,2.0,0.0,0.0,1.0
7500.0,11.489981101,2.4718054200074325E-7,7500.0,68.77333333333333,35.72143892929226,-208.56389986824783,-0.12825994014538275,68.80656198283499,59.66241818808129,74.52686534696541,67.4529521410864,49.95673492933372,84.94916935283908,70.21561139599054,74.04873877725524,66.38248401472583,7500.0,114736.0,5.0,3.0,3.0,2.0,0.0,0.0,1.0
7600.0,11.658052588,2.5216963566296423E-7,7600.0,69.1842105263158,36.21952706158683,-208.56389986824757,-0.12825994014534903,69.05463598171511,59.66241818808129,75.06919310197999,67.63503332481687,49.95673492933372,85.31333172030003,70.5351087917829,74.04873877725524,67.02147880631058,7600.0,114744.0,5.0,3.0,3.0,2.0,0.0,0.0,1.0
7700.0,11.824143767,2.571013201327953E-7,7700.0,69.58441558441558,36.69731230886842,-208.56389986824783,-0.12825994014535946,69.292400011416,59.66241818808129,75.58890973525119,67.80851157050196,49.95673492933372,85.6602882116702,70.84268686671007,74.04873877725524,67.6366349561649,7700.0,114776.0,5.0,3.0,3.0,2.0,0.0,0.0,1.0
7800.0,11.996875132,2.62230169210465E-7,7800.0,69.97435897435898,37.15601124446275,-208.56389986824766,-0.12825994014537564,69.52048713460607,59.66241818808129,76.08740044925464,67.97398251197819,49.95673492933372,85.99123009462267,71.13900040858734,74.04873877725524,68.22926203991942,7800.0,114776.0,5.0,3.0,3.0,2.0,0.0,0.0,1.0
7900.0,12.170589315,2.674385335239768E-7,7900.0,70.30379746835443,37.51732455180699,-209.090909090909,-0.2992731936725037,69.70401647885531,59.62134251290878,76.5165165165165,68.09701959772613,49.89916450590608,86.29487468954618,71.3886923521234,74.04873877725524,68.72864592699155,7900.0,115896.0,5.0,3.0,3.0,2.0,0.0,0.0,1.0
8000.0,12.344270258,2.7267465730910707E-7,8000.0,70.65,37.9027075860848,-209.3544137022396,-0.38477982043606035,69.89739430963596,59.60082587749484,76.95327836670593,68.23099538228288,49.87042902389865,86.59156174066712,71.64722754089755,74.04873877725524,69.24571630453984,8000.0,116536.0,5.0,3.0,3.0,2.0,0.0,0.0,1.0
8100.0,12.516330245,2.77862268695734E-7,8100.0,71.01234567901234,38.31174875949166,-209.3544137022397,-0.38477982043606695,70.10039793509131,59.60082587749484,77.39699653446283,68.37588881495343,49.87042902389865,86.88134860600822,71.91414546916918,74.04873877725524,69.77955216108315,8100.0,116544.0,5.0,3.0,3.0,2.0,0.0,0.0,1.0
8200.0,12.701210589,2.836430339385093E-7,8200.0,71.29268292682926,38.590336640935824,-210.14492753623202,-0.6412997007268069,70.24455663930543,59.539360605018906,77.75467775467774,68.46348767705334,49.78442081057775,87.14255454352892,72.12076932037988,74.04873877725524,70.19279986350452,8200.0,120864.0,7.0,4.0,4.0,3.0,0.0,0.0,1.0
8300.0,12.878593517,2.892389331700425E-7,8300.0,71.59036144578313,38.894992014455845,-210.67193675889314,-0.8123129542539363,70.39957994146421,59.498454139470965,78.12210057524587,68.56302127877443,49.727246626471434,87.39879593107743,72.33723635725704,74.04873877725524,70.62573393725884,8300.0,121944.0,7.0,4.0,4.0,3.0,0.0,0.0,1.0
8400.0,13.009700062,2.933811921402543E-7,8400.0,71.92857142857143,39.26281930394367,-210.67193675889345,-0.8123129542539277,70.58184637219385,59.498454139470965,78.5206777190745,68.69116042936344,49.727246626471434,87.65507423225543,72.5795583013483,74.04873877725524,71.11037782544135,8400.0,122128.0,7.0,4.0,4.0,3.0,0.0,0.0,1.0
8500.0,13.106767648,2.964516198337306E-7,8500.0,72.25882352941177,39.617743532277956,-210.67193675889317,-0.8123129542539745,70.75762174236127,59.498454139470965,78.90499194847021,68.81419138180259,49.727246626471434,87.90113613713375,72.81401392685194,74.04873877725524,71.57928907644863,8500.0,122272.0,7.0,4.0,4.0,3.0,0.0,0.0,1.0
8600.0,13.20233132,2.9947546483497447E-7,8600.0,72.55813953488372,39.92345983565385,-210.93544137022397,-0.8978195810174944,70.91093654561497,59.47802197802198,79.25457102672293,68.91582553914206,49.698708751793404,88.13294232649072,73.0250082642066,74.04873877725524,72.00127775115797,8600.0,122312.0,7.0,4.0,4.0,3.0,0.0,0.0,1.0
8700.0,13.3084152,3.0283329014053567E-7,8700.0,72.8735632183908,40.25485094702696,-210.93544137022405,-0.8978195810175181,71.07489578784521,59.47802197802198,79.61299239806496,69.02960365681712,49.698708751793404,88.36049856184084,73.24508940120427,74.04873877725524,72.44144002515328,8700.0,122352.0,7.0,4.0,4.0,3.0,0.0,0.0,1.0
8800.0,13.425244771,3.066946947831433E-7,8800.0,73.125,40.5169526113435,-209.96068152031472,-0.8528784648187793,71.20198170674777,59.48261093027239,79.89458471478365,69.12019161463687,49.71363115693013,88.52675207234363,73.41306634912193,74.02985074626865,72.79628195197522,8800.0,127760.0,7.0,4.0,4.0,3.0,0.0,0.0,1.0
8900.0,13.536622008,3.1052549006647537E-7,8900.0,73.38202247191012,40.775179670803254,-209.6732026143791,-0.7656316461080546,71.32279828015072,59.483495809817,80.18070777210743,69.20880922174777,49.74256292906178,88.67505551443375,73.57000029681686,73.96852403232667,73.17147656130707,8900.0,132952.0,7.0,4.0,4.0,3.0,0.0,0.0,1.0
9000.0,13.677865984,3.1541365408397385E-7,9000.0,73.67777777777778,41.07748201952598,-209.67320261437922,-0.7656316461080398,71.47220627445978,59.483495809817,80.50687073150662,69.31168844127508,49.74256292906178,88.88081395348837,73.77174885628966,73.96852403232667,73.57497368025267,9000.0,133776.0,7.0,4.0,4.0,3.0,0.0,0.0,1.0
9100.0,13.800969695,3.1971427540494336E-7,9100.0,73.96703296703296,41.37017008767154,-209.673202614379,-0.765631646108045,71.61680177273512,59.483495809817,80.82247227394154,69.41089602555873,49.74256292906178,89.07922912205566,73.96751879494538,73.96852403232667,73.96651355756408,9100.0,135040.0,7.0,4.0,4.0,3.0,0.0,0.0,1.0
9200.0,13.974928018,3.2579401995358575E-7,9200.0,74.25,41.65369534805826,-209.67320261437882,-0.7656316461080305,71.75681427021122,59.483495809817,81.12801720704212,69.50662508304421,49.74256292906178,89.27068723702665,74.15757198842205,73.96852403232667,74.34661994451744,9200.0,135096.0,7.0,4.0,4.0,3.0,0.0,0.0,1.0
9300.0,14.137940841,3.3156949586318186E-7,9300.0,74.27956989247312,41.60049547276253,-207.45501285347055,-0.4198152812762468,71.69048293398704,59.430122116689276,81.17128463476068,69.48468040828637,49.85771200910643,89.1116488074663,74.04092416162561,73.55163727959699,74.53021104365423,9300.0,136952.0,7.0,4.0,4.0,3.0,0.0,0.0,1.0
9324.0,14.187358036,3.333216559072377E-7,9324.0,74.27069927069927,41.5272492517682,-206.77749360613808,-0.5027230833682582,71.6444831280449,59.35964763679485,81.17693213024715,69.44807797177484,49.829351535836174,89.06680440771349,73.98435521706249,73.39757017176372,74.57114026236124,9324.0,137056.0,7.0,4.0,4.0,3.0,0.0,0.0,1.0
