learning evaluation instances,evaluation time (cpu seconds),model cost (RAM-Hours),classified instances,classifications correct (percent),Kappa Statistic (percent),Kappa Temporal Statistic (percent),Kappa M Statistic (percent),F1 Score (percent),F1 Score for class 0 (percent),F1 Score for class 1 (percent),Precision (percent),Precision for class 0 (percent),Precision for class 1 (percent),Recall (percent),Recall for class 0 (percent),Recall for class 1 (percent),model training instances,model serialized size (bytes),tree size (nodes),tree size (leaves),active learning leaves,tree depth,active leaf byte size estimate,inactive leaf byte size estimate,byte size estimate overhead
100.0,12.045418508,8.26470019147464E-6,100.0,100.0,?,?,?,?,100.0,?,?,100.0,?,?,100.0,?,100.0,2652208.0,1.0,1.0,1.0,0.0,0.0,0.0,1.0
200.0,24.261519033,2.2778176505657757E-5,200.0,97.0,0.0,-50.0,0.0,?,98.47715736040608,?,?,97.0,?,50.0,100.0,0.0,200.0,4592416.0,1.0,1.0,1.0,0.0,0.0,0.0,1.0
300.0,37.495625634,3.95334396703294E-5,300.0,98.0,0.0,-50.00000000000042,0.0,?,98.98989898989899,?,?,98.0,?,50.0,100.0,0.0,300.0,4893944.0,1.0,1.0,1.0,0.0,0.0,0.0,1.0
400.0,50.932920266,5.7134354361153904E-5,400.0,98.5,0.0,-50.0,0.0,?,99.24433249370279,?,?,98.5,?,50.0,100.0,0.0,400.0,5063208.0,1.0,1.0,1.0,0.0,0.0,0.0,1.0
500.0,64.56088052,7.567509308336294E-5,500.0,98.4,0.0,-33.33333333333333,0.0,?,99.19354838709677,?,?,98.4,?,50.0,100.0,0.0,500.0,5258944.0,1.0,1.0,1.0,0.0,0.0,0.0,1.0
600.0,78.388732162,9.515349914321762E-5,600.0,98.33333333333333,0.0,-25.00000000000063,0.0,?,99.15966386554621,?,?,98.33333333333333,?,50.0,100.0,0.0,600.0,5445040.0,1.0,1.0,1.0,0.0,0.0,0.0,1.0
700.0,92.391608138,1.1559496294227929E-4,700.0,96.85714285714285,0.0,-83.33333333333377,0.0,?,98.4034833091437,?,?,96.85714285714285,?,50.0,100.0,0.0,700.0,5642832.0,1.0,1.0,1.0,0.0,0.0,0.0,1.0
800.0,106.757967518,1.3809681863889475E-4,800.0,84.75,0.0,-838.461538461539,0.0,?,91.74560216508796,?,?,84.75,?,50.0,100.0,0.0,800.0,6054440.0,1.0,1.0,1.0,0.0,0.0,0.0,1.0
900.0,121.086947614,1.6158171209140559E-4,900.0,77.66666666666666,0.0,-617.8571428571435,0.0,?,87.4296435272045,?,?,77.66666666666666,?,50.0,100.0,0.0,900.0,6335424.0,1.0,1.0,1.0,0.0,0.0,0.0,1.0
1000.0,135.454628688,1.8553131531798842E-4,1000.0,74.3,0.0,-301.56250000000034,0.0,?,85.25530694205393,?,?,74.3,?,50.0,100.0,0.0,1000.0,6443384.0,1.0,1.0,1.0,0.0,0.0,0.0,1.0
1100.0,149.92399676,2.1001935474718755E-4,1100.0,70.45454545454545,0.0,-238.5416666666666,0.0,?,82.66666666666667,?,?,70.45454545454545,?,50.0,100.0,0.0,1100.0,6541944.0,1.0,1.0,1.0,0.0,0.0,0.0,1.0
1200.0,164.369616179,2.3472249005707365E-4,1200.0,70.08333333333333,0.0,-206.83760683760676,0.0,?,82.41058304752573,?,?,70.08333333333333,?,50.0,100.0,0.0,1200.0,6610256.0,1.0,1.0,1.0,0.0,0.0,0.0,1.0
1300.0,178.903887287,2.598029184864019E-4,1300.0,67.76923076923077,0.0,-235.20000000000005,0.0,?,80.7886290692343,?,?,67.76923076923077,?,50.0,100.0,0.0,1300.0,6670280.0,1.0,1.0,1.0,0.0,0.0,0.0,1.0
1400.0,193.445736871,2.8509656208335456E-4,1400.0,65.85714285714286,0.0,-229.6551724137932,0.0,?,79.41429801894918,?,?,65.85714285714286,?,50.0,100.0,0.0,1400.0,6723480.0,1.0,1.0,1.0,0.0,0.0,0.0,1.0
1500.0,208.012268431,3.1054645923306193E-4,1500.0,64.33333333333333,0.0,-198.88268156424593,0.0,?,78.29614604462475,?,?,64.33333333333333,?,50.0,100.0,0.0,1500.0,6753552.0,1.0,1.0,1.0,0.0,0.0,0.0,1.0
1600.0,222.795278875,3.364544607433464E-4,1600.0,62.875,0.0,-166.36771300448424,0.0,?,77.20644666155026,?,?,62.875,?,50.0,100.0,0.0,1600.0,6774440.0,1.0,1.0,1.0,0.0,0.0,0.0,1.0
1700.0,237.609408558,3.6253871820086415E-4,1700.0,61.588235294117645,0.0,-172.08333333333326,0.0,?,76.22861303239898,?,?,61.588235294117645,?,50.0,100.0,0.0,1700.0,6806200.0,1.0,1.0,1.0,0.0,0.0,0.0,1.0
1800.0,252.428004131,3.888110480466528E-4,1800.0,61.111111111111114,0.0,-146.47887323943655,0.0,?,75.86206896551725,?,?,61.111111111111114,?,50.0,100.0,0.0,1800.0,6853208.0,1.0,1.0,1.0,0.0,0.0,0.0,1.0
1900.0,267.35821206,4.1535507801457045E-4,1900.0,59.578947368421055,0.0,-154.30463576158942,0.0,?,74.67018469656993,?,?,59.578947368421055,?,50.0,100.0,0.0,1900.0,6872320.0,1.0,1.0,1.0,0.0,0.0,0.0,1.0
2000.0,282.274885532,4.4198559673886404E-4,2000.0,59.599999999999994,0.0,-141.9161676646706,0.0,?,74.68671679197995,?,?,59.599999999999994,?,50.0,100.0,0.0,2000.0,6900968.0,1.0,1.0,1.0,0.0,0.0,0.0,1.0
2100.0,297.293656719,4.6890292092838085E-4,2100.0,57.99999999999999,0.0,-137.73584905660383,0.0,?,73.41772151898734,?,?,57.99999999999999,?,50.0,100.0,0.0,2100.0,6927872.0,1.0,1.0,1.0,0.0,0.0,0.0,1.0
2200.0,312.377020218,4.960851009497307E-4,2200.0,56.59090909090909,0.0,-139.9497487437186,0.0,?,72.27866473149493,?,?,56.59090909090909,?,50.0,100.0,0.0,2200.0,6966080.0,1.0,1.0,1.0,0.0,0.0,0.0,1.0
2300.0,327.364222397,5.231567033691468E-4,2300.0,55.869565217391305,0.0,-149.38574938574936,0.0,?,71.68758716875871,?,?,55.869565217391305,?,50.0,100.0,0.0,2300.0,6982256.0,1.0,1.0,1.0,0.0,0.0,0.0,1.0
2400.0,342.390741677,5.503744910540956E-4,2400.0,55.50000000000001,0.0,-147.79582366589327,0.0,?,71.38263665594855,?,?,55.50000000000001,?,50.0,100.0,0.0,2400.0,7001592.0,1.0,1.0,1.0,0.0,0.0,0.0,1.0
2500.0,357.522936022,5.778319816221027E-4,2500.0,55.279999999999994,0.0,-143.5729847494554,0.0,?,71.20041215868109,?,?,55.279999999999994,?,50.0,100.0,0.0,2500.0,7013928.0,1.0,1.0,1.0,0.0,0.0,0.0,1.0
2600.0,372.760119422,6.055941953223968E-4,2600.0,53.15384615384615,0.0,-165.35947712418303,0.0,?,69.4123556002009,?,?,53.15384615384615,?,50.0,100.0,0.0,2600.0,7042904.0,1.0,1.0,1.0,0.0,0.0,0.0,1.0
2700.0,388.026719286,6.336452369934885E-4,2700.0,51.18518518518519,0.0,-187.14596949891057,0.0,?,67.71190592846644,?,?,51.18518518518519,?,50.0,100.0,0.0,2700.0,7102464.0,1.0,1.0,1.0,0.0,0.0,0.0,1.0
2800.0,403.240957359,6.619373937651211E-4,2800.0,50.535714285714285,2.297987610639083,-201.74291938997823,-0.21707670043416166,60.82115544454096,66.61846228006749,4.548587181254306,74.97289483194795,49.945789663895916,100.0,51.163610719322996,100.0,2.32722143864598,2800.0,7188168.0,1.0,1.0,1.0,0.0,0.0,0.0,1.0
2900.0,418.229899495,6.898842070800044E-4,2900.0,52.241379310344826,8.385096001197056,-201.74291938997828,-0.21707670043416083,63.03777325153208,66.61846228006749,16.1114476075106,74.97289483194795,49.945789663895916,100.0,54.38076416337287,100.0,8.761528326745719,2900.0,7207152.0,1.0,1.0,1.0,0.0,0.0,0.0,1.0
3000.0,433.296339117,7.180305496049627E-4,3000.0,53.833333333333336,13.419678883903604,-201.74291938997814,-0.21707670043415359,64.8916724314456,66.61846228006749,25.175580767152887,74.97289483194795,49.945789663895916,100.0,57.200247218788626,100.0,14.400494437577255,3000.0,7221272.0,1.0,1.0,1.0,0.0,0.0,0.0,1.0
3100.0,448.378614099,7.462544201906343E-4,3100.0,55.32258064516129,17.653002198732924,-201.7429193899782,-0.2170767004341552,66.46515035148911,66.61846228006749,32.47196489517308,74.97289483194795,49.945789663895916,100.0,59.69150174621654,100.0,19.383003492433062,3100.0,7233560.0,1.0,1.0,1.0,0.0,0.0,0.0,1.0
3200.0,463.430776917,7.745620006485337E-4,3200.0,56.53125,20.723914335093905,-200.43196544276464,-0.21613832853026757,67.32831510866097,66.5222623345367,38.04008908685969,74.28005418529668,49.945789663895916,98.61431870669746,61.56642237787151,99.56772334293949,23.56512141280353,3200.0,7269528.0,1.0,1.0,1.0,0.0,0.0,0.0,1.0
3300.0,478.428045559,8.028636198063324E-4,3300.0,56.84848484848485,21.10917226746999,-201.05708245243133,-0.21111893033074142,66.2016672306703,65.99808978032475,40.96185737976783,71.31435824658212,49.945789663895916,92.6829268292683,61.77301700074792,97.25545390570021,26.290580095795633,3300.0,7294600.0,1.0,1.0,1.0,0.0,0.0,0.0,1.0
3400.0,493.488425449,8.028656769635259E-4,3400.0,57.94117647058824,23.584481897443535,-199.79035639413001,-0.2102312543798118,67.12831098350294,65.90367191225562,45.126630851880286,71.41839246227971,49.945789663895916,92.89099526066352,63.32443132960701,96.84653118430273,29.802331474911302,3400.0,528.0,3.0,2.0,2.0,1.0,0.0,0.0,1.0
3500.0,508.803545841,8.15999878419544E-4,3500.0,58.77142857142857,24.86150594175068,-196.91358024691345,1.9701086956521867,67.69943726009106,66.40279394644935,46.6543438077634,71.85947777566739,50.51363797378675,93.205317577548,63.99469921104537,96.875,31.114398422090726,3500.0,3315016.0,3.0,2.0,2.0,1.0,0.0,0.0,1.0
3600.0,523.315630577,8.287500667723148E-4,3600.0,58.333333333333336,24.158475079738935,-204.25963488843814,0.9900990099009866,67.42893502094987,66.2009914375845,45.69152787834902,71.73095163858585,50.25658569962368,93.205317577548,63.61374266923095,96.96369636963696,30.26378896882494,3600.0,3396168.0,3.0,2.0,2.0,1.0,0.0,0.0,1.0
3700.0,537.855675113,8.418809008779707E-4,3700.0,57.97297297297297,23.479986827944536,-212.87726358148907,0.38436899423446114,67.05830745728018,66.0257810793096,44.916755224938,71.39476398777668,50.09946949602122,92.69005847953217,63.21847187418669,96.79692504804612,29.640018700327253,3700.0,3490832.0,3.0,2.0,2.0,1.0,0.0,0.0,1.0
3800.0,552.436279059,8.552952039144418E-4,3800.0,58.131578947368425,23.81497237791847,-207.1428571428572,-0.3785488958990441,66.73509275543483,65.57022289547716,46.592816381336014,70.36944105291477,49.90118577075099,90.83769633507853,63.45771232847448,95.58359621451105,31.331828442437924,3800.0,3556272.0,3.0,2.0,2.0,1.0,0.0,0.0,1.0
3900.0,566.938303377,8.68734036361018E-4,3900.0,57.87179487179487,22.657491349255437,-207.10280373831787,-0.366524129505207,65.17466686660359,64.84057350738284,47.45762711864406,67.89040770019031,49.90118577075099,85.87962962962963,62.667838384939955,92.54734270006108,32.78833406981882,3900.0,3582080.0,3.0,2.0,2.0,1.0,0.0,0.0,1.0
4000.0,581.561473583,8.825036708501869E-4,4000.0,58.925000000000004,24.90975917193244,-207.10280373831762,-0.36652412950517915,66.27899098451897,64.84057350738284,50.61617072437632,68.62279205549997,49.90118577075099,87.34439834024896,64.09000651719093,92.54734270006108,35.63267033432078,4000.0,3639848.0,3.0,2.0,2.0,1.0,0.0,0.0,1.0
4100.0,596.186084945,8.965443126777333E-4,4100.0,59.68292682926829,26.331421535186518,-207.82122905027936,-0.36429872495446297,66.81593101146962,64.70211402946829,52.999715666761446,68.7475853665785,49.90118577075099,87.59398496240601,64.98986037690734,91.98542805100182,37.994292702812885,4100.0,3711120.0,3.0,2.0,2.0,1.0,0.0,0.0,1.0
4200.0,610.811654867,9.107274436656362E-4,4200.0,60.14285714285714,26.980827326294378,-206.03290676416813,-0.35971223021583165,66.84462596087796,64.41326530612244,54.7077922077922,68.37842793692188,49.90118577075099,86.85567010309279,65.37812404105152,90.82733812949641,39.92890995260663,4200.0,3748536.0,3.0,2.0,2.0,1.0,0.0,0.0,1.0
4300.0,625.481462131,9.251259530027631E-4,4300.0,61.02325581395349,28.614163057819493,-205.8394160583941,-0.35928143712573885,67.61022359463749,64.38589035274119,56.95942475603491,68.81926377145145,49.90118577075099,87.7373417721519,66.44293162723982,90.71856287425149,42.167300380228134,4300.0,3793984.0,3.0,2.0,2.0,1.0,0.0,0.0,1.0
4400.0,640.098041645,9.395976982727147E-4,4400.0,61.04545454545455,28.193182960753425,-207.16845878136198,-0.3512880562060841,66.97600687446325,63.87015177065767,57.74161735700197,67.87581282672447,49.90118577075099,85.85043988269796,66.09974562499347,88.70023419203747,43.49925705794948,4400.0,3827168.0,3.0,2.0,2.0,1.0,0.0,0.0,1.0
4500.0,654.731018532,9.542719886347195E-4,4500.0,61.17777777777778,28.04216473772254,-211.40819964349367,-0.3446295232625123,66.58236060553875,63.428930290977604,58.63130475964954,67.2320136504028,49.90118577075099,84.56284153005464,65.945142407939,87.01895462377944,44.87133019209858,4500.0,3876384.0,3.0,2.0,2.0,1.0,0.0,0.0,1.0
4600.0,669.406372016,9.692443876337353E-4,4600.0,61.89130434782608,29.227763064401515,-211.92170818505346,-0.3434459072696206,67.11623887993674,63.34936232490068,60.31242925062259,67.53371308997907,49.90118577075099,85.16624040920716,66.70389437322928,86.72009158557528,46.68769716088328,4600.0,3943712.0,3.0,2.0,2.0,1.0,0.0,0.0,1.0
4700.0,684.023000419,9.843385583412096E-4,4700.0,61.808510638297875,28.593144874195627,-217.6991150442478,-0.33538289547233435,66.46629199724859,62.79792746113989,60.765027322404364,66.71741980845242,49.90118577075099,83.53365384615384,66.21704761281153,84.68418110676356,47.7499141188595,4700.0,3991760.0,3.0,2.0,2.0,1.0,0.0,0.0,1.0
4800.0,698.884318234,0.0010021023646964759,4800.0,62.0625,28.7286817154431,-215.5979202772963,-0.3305785123966871,66.35253624368832,62.46134817563389,61.65508528111182,66.44719152483127,49.90118577075099,82.99319727891157,66.25815025540928,83.47107438016529,49.04522613065327,4800.0,4620416.0,3.0,2.0,2.0,1.0,0.0,0.0,1.0
4900.0,713.749358481,0.0010201282754614166,4900.0,62.51020408163265,29.293251434275625,-215.0943396226416,-0.32768978700164236,66.5324364290577,62.2560098623382,62.7609973646868,66.47419803559009,49.90118577075099,83.04721030042919,66.59077695793046,82.7416712179137,50.43988269794721,4900.0,4687416.0,3.0,2.0,2.0,1.0,0.0,0.0,1.0
5000.0,728.632511669,0.0010383069062539904,5000.0,63.1,30.15909644267913,-212.18274111675134,-0.32626427406198444,66.91638095521328,62.153846153846146,64.0,66.70212038028384,49.90118577075099,83.5030549898167,67.13202246176252,82.38172920065253,51.882315722872505,5000.0,4721376.0,3.0,2.0,2.0,1.0,0.0,0.0,1.0
5100.0,743.544223175,0.0010566781821328903,5100.0,63.5686274509804,30.74995088959983,-213.32209106239443,-0.3239740820734146,67.13524893647283,61.9885433715221,65.0225903614458,66.78683319545303,49.90118577075099,83.67248062015504,67.48731899477598,81.80345572354211,53.17118226600985,5100.0,4762272.0,3.0,2.0,2.0,1.0,0.0,0.0,1.0
5200.0,758.50278053,0.001075199304194439,5200.0,64.1923076923077,31.66378332964448,-211.89279731993307,-0.32327586206897063,67.56781136606327,61.93785772690107,66.19462599854756,67.07166497410007,49.90118577075099,84.24214417744916,68.07135270582411,81.6271551724138,54.51555023923444,5200.0,4786080.0,3.0,2.0,2.0,1.0,0.0,0.0,1.0
5300.0,773.442612309,0.001093780445492914,5300.0,64.75471698113208,32.43586306899672,-209.7844112769486,-0.3222341568206292,67.91842606994992,61.86198448346264,67.23956506488952,67.28716532353805,49.90118577075099,84.6731448763251,68.56164345043612,81.3641245972073,55.75916230366492,5300.0,4807608.0,3.0,2.0,2.0,1.0,0.0,0.0,1.0
5400.0,788.418943502,0.0011127644487636075,5400.0,65.0,32.53726512973787,-210.34482758620695,-0.31847133757960394,67.85412201833559,61.58536585365854,67.85714285714286,67.14602435745671,49.90118577075099,84.39086294416244,68.57731353666225,80.4140127388535,56.74061433447098,5400.0,4899872.0,3.0,2.0,2.0,1.0,0.0,0.0,1.0
5500.0,803.40427501,0.0011320421167740514,5500.0,65.38181818181819,32.92487021807873,-209.59349593495932,-0.3161222339304358,67.97828726994518,61.410620186461294,68.61193537751402,67.1786773009599,49.90118577075099,84.45616883116884,68.79716162838933,79.82086406743942,57.77345918933926,5500.0,4972680.0,3.0,2.0,2.0,1.0,0.0,0.0,1.0
5600.0,818.464225717,0.0011516902755852644,5600.0,65.96428571428572,33.72410709850481,-208.91410048622353,-0.31578947368418975,68.36577317737998,61.38573743922204,69.57215836526181,67.44279257336301,49.90118577075099,84.98439937597504,69.31436699857753,79.73684210526316,58.89189189189189,5600.0,5043136.0,3.0,2.0,2.0,1.0,0.0,0.0,1.0
5700.0,833.502133403,0.0011714612113312075,5700.0,66.15789473684211,33.722704083293365,-207.65550239234454,-0.31201248049923413,68.2606229472157,61.10102843315184,70.05123428039126,67.29293522771785,49.90118577075099,84.68468468468468,69.25654786318538,78.78315132605304,59.72994440031771,5700.0,5082088.0,3.0,2.0,2.0,1.0,0.0,0.0,1.0
5800.0,848.573409644,0.0011914230240530992,5800.0,66.46551724137932,33.95737302908335,-204.3818466353676,-0.3094378545641857,68.30908680429279,60.904522613065325,70.64150943396226,67.28054947003541,49.90118577075099,84.65991316931982,69.36955944176161,78.13305827746261,60.60606060606061,5800.0,5119792.0,3.0,2.0,2.0,1.0,0.0,0.0,1.0
5900.0,863.642048899,0.00121159138276972,5900.0,66.55932203389831,33.76209366569258,-204.94590417310667,-0.30503304524656355,68.10037466045016,60.563661802918254,70.97248786229218,67.05953143286153,49.90118577075099,84.21787709497207,69.17403752301999,77.02084392475852,61.327231121281464,5900.0,5173672.0,3.0,2.0,2.0,1.0,0.0,0.0,1.0
6000.0,878.746882837,0.0012318441358400453,6000.0,66.78333333333333,33.834768185977076,-203.34855403348547,-0.3019627579265226,68.06262643293424,60.322516424447535,71.43471406048445,66.98837966000437,49.90118577075099,84.07557354925777,69.17188864424139,76.2455963764469,62.098180912035886,6000.0,5182872.0,3.0,2.0,2.0,1.0,0.0,0.0,1.0
6100.0,893.803613172,0.0012520764221816705,6100.0,66.67213114754098,33.24148180622722,-202.98062593144567,-0.2960039467192926,67.63078113402639,59.84594114161565,71.51464200644529,66.59550150156348,49.90118577075099,83.28981723237598,68.69875754166289,74.74099654662062,62.65651853670513,6100.0,5194176.0,3.0,2.0,2.0,1.0,0.0,0.0,1.0
6200.0,908.973123372,0.0012724993102678753,6200.0,66.59677419354838,32.72986747361627,-200.58055152394783,-0.29055690072639473,67.25970385787275,59.4001176239953,71.62625017125633,66.25906317614667,49.90118577075099,82.61694058154235,68.2910312076381,73.36561743341404,63.21644498186215,6200.0,5204128.0,3.0,2.0,2.0,1.0,0.0,0.0,1.0
6300.0,924.152644394,0.0012929766420133344,6300.0,66.61904761904762,32.42052146512641,-200.8583690987125,-0.2861230329041411,67.01715923752113,59.02980713033313,71.83607874648452,66.0351517089049,49.90118577075099,82.16911764705883,68.02881448873123,72.24606580829757,63.811563169164884,6300.0,5214560.0,3.0,2.0,2.0,1.0,0.0,0.0,1.0
6400.0,939.299968675,0.0013134540210680329,6400.0,66.796875,32.42381082801104,-200.56577086280055,-0.28315243039170496,66.96323528381897,58.777885548011646,72.2040549378679,65.97318503757525,49.90118577075099,82.04518430439953,67.98345334185679,71.49598867390279,64.4709180098108,6400.0,5225656.0,3.0,2.0,2.0,1.0,0.0,0.0,1.0
6500.0,954.393712914,0.0013339052611483105,6500.0,66.75384615384615,31.999085994905197,-202.66106442577038,-0.2784222737819002,66.66628527099225,58.370256212675784,72.32680240747857,65.71271759669189,49.90118577075099,81.5242494226328,67.64793519499972,70.30162412993039,64.99424626006905,6500.0,5237512.0,3.0,2.0,2.0,1.0,0.0,0.0,1.0
6600.0,969.550640162,0.0013545267441199128,6600.0,66.72727272727272,31.61434977578474,-204.15512465373968,-0.27397260273974455,66.399450867484,57.97933409873708,72.46049661399547,65.48089591567852,49.90118577075099,81.06060606060606,67.34414313670673,69.17808219178082,65.51020408163265,6600.0,5259096.0,3.0,2.0,2.0,1.0,0.0,0.0,1.0
6700.0,984.661341636,0.0013751474752884787,6700.0,66.73134328358209,31.296258164098457,-204.92476060191515,-0.2699055330634205,66.17665237591888,57.615516257843694,72.6200712443189,65.28902083297375,49.90118577075099,80.67685589519651,67.08875201698167,68.15114709851552,66.02635693544785,6700.0,5274992.0,3.0,2.0,2.0,1.0,0.0,0.0,1.0
6800.0,999.821845374,0.00137515045603368,6800.0,66.9264705882353,31.35199210834295,-204.33017591339654,-0.26749888542130307,66.16929534255391,57.3972343246827,72.97199855786565,65.28002965476975,49.90118577075099,80.65887353878853,67.08312335619821,67.54346856888095,66.62277814351548,6800.0,760.0,5.0,3.0,3.0,2.0,0.0,0.0,1.0
6900.0,1015.541210299,0.0013879775880164876,6900.0,67.34782608695652,31.86760690540783,-204.04858299595148,-0.3563474387527773,66.42918582240374,57.36991485335856,73.54081033470345,65.49120534496863,49.868421052631575,81.11398963730569,67.39442465533864,67.52783964365257,67.26100966702471,6900.0,3154256.0,5.0,3.0,3.0,2.0,0.0,0.0,1.0
7000.0,1031.371175116,0.0014119712060022308,7000.0,67.55714285714286,32.30747166767274,-203.2042723631509,0.35103115401494345,66.65376076955882,57.654297967555465,73.70614796804446,65.70581100649304,50.12970168612192,81.28192032686414,67.62946341809801,67.83677051338306,67.42215632281297,7000.0,5858928.0,5.0,3.0,3.0,2.0,0.0,0.0,1.0
7100.0,1046.365067849,0.0014348674482559548,7100.0,67.49295774647888,32.084313792452896,-206.91489361702122,-0.6980802792321178,66.55801594814427,57.36978204654599,73.73093557933075,65.58328977215815,49.74375400384369,81.4228255404726,67.56215281105081,67.75741710296684,67.36688851913478,7100.0,5902720.0,5.0,3.0,3.0,2.0,0.0,0.0,1.0
7200.0,1061.381853675,0.0014597734909617566,7200.0,67.875,32.64038713090663,-207.17131474103581,-0.3470715835141194,66.8382252885367,57.50505236083043,74.17662163670872,65.82745174461242,49.87253027405991,81.78237321516494,67.88052353213581,67.89587852494577,67.86516853932584,7200.0,6411064.0,5.0,3.0,3.0,2.0,0.0,0.0,1.0
7300.0,1076.377097819,0.0014849679584478153,7300.0,67.73972602739727,32.51302396768068,-211.09643328929977,-0.7702182284980609,66.79868350816946,57.498646453708716,74.00375317363947,65.77751931179775,49.71910112359551,81.8359375,67.85205385061263,68.16431322207958,67.53979447914567,7300.0,6494624.0,5.0,3.0,3.0,2.0,0.0,0.0,1.0
7400.0,1091.369602525,0.0015101800707163244,7400.0,68.17567567567568,33.044935158820316,-211.09643328929985,-0.7702182284980665,67.06560161973144,57.498646453708716,74.56528782805918,65.99396428915715,49.71910112359551,82.26882745471879,68.17261681250137,68.16431322207958,68.18092040292318,7400.0,6500360.0,5.0,3.0,3.0,2.0,0.0,0.0,1.0
7500.0,1106.384035526,0.0015354693615749636,7500.0,68.57333333333332,33.50370528526205,-210.5401844532281,-0.7695596408721898,67.29220111403215,57.47790005412231,75.07666278946812,66.17705521729124,49.71910112359551,82.63500931098696,68.44557369006988,68.10602821718683,68.78511916295291,7500.0,6510736.0,5.0,3.0,3.0,2.0,0.0,0.0,1.0
7600.0,1121.388565921,0.0015607786472954098,7600.0,68.98684210526315,33.993375017797604,-210.54018445322785,-0.7695596408721664,67.53765590574312,57.47790005412231,75.59283421352387,66.37456421056936,49.71910112359551,83.03002729754321,68.74223668985174,68.10602821718683,69.37844516251663,7600.0,6520184.0,5.0,3.0,3.0,2.0,0.0,0.0,1.0
7700.0,1136.433315093,0.0015864231127915563,7700.0,69.36363636363636,34.422144587179694,-210.80368906455877,-0.855066267635742,67.7542186053672,57.45716862037872,76.06291222729578,66.54408692424447,49.68808484092327,83.40008900756565,69.00917900320263,68.10602821718683,69.91232978921843,7700.0,6588872.0,5.0,3.0,3.0,2.0,0.0,0.0,1.0
7800.0,1151.495714273,0.0016126545108996466,7800.0,69.75641025641026,34.874230055414344,-210.80368906455854,-0.8550662676357389,67.98061595704648,57.45716862037872,76.53903530581802,66.7247563952113,49.68808484092327,83.76142794949935,69.28465666490177,68.10602821718683,70.46328511261673,7800.0,6731776.0,5.0,3.0,3.0,2.0,0.0,0.0,1.0
7900.0,1166.571696251,0.0016389445403583254,7900.0,70.13924050632912,35.30891182647831,-210.80368906455854,-0.8550662676357463,68.19819559929444,57.45716862037872,76.99658703071674,66.8977279764906,49.68808484092327,84.10737111205795,69.55022684011652,68.10602821718683,70.99442546304621,7900.0,6740744.0,5.0,3.0,3.0,2.0,0.0,0.0,1.0
8000.0,1181.728382722,0.0016661486608318793,8000.0,70.475,35.667273973592394,-211.19894598155454,-0.9833262077810896,68.38012363227993,57.42609949531362,77.4014542671259,67.03538543723465,49.6416329074478,84.42913796702149,69.7799174825556,68.10602821718683,71.4538067479244,8000.0,6937976.0,5.0,3.0,3.0,2.0,0.0,0.0,1.0
8100.0,1196.817925698,0.001693321709189856,8100.0,70.8395061728395,36.07064741125251,-211.1989459815546,-0.9833262077810857,68.5818713809004,57.42609949531362,77.82576042057828,67.19456415358079,49.6416329074478,84.74749539971376,70.02767128616676,68.10602821718683,71.94931435514668,8100.0,6960888.0,5.0,3.0,3.0,2.0,0.0,0.0,1.0
8200.0,1211.970635651,0.0017206307107758658,8200.0,71.1951219512195,36.45933727617617,-211.19894598155483,-0.9833262077811038,68.7761965230951,57.42609949531362,78.23442683376337,67.34736423973872,49.6416329074478,85.05309557202966,70.26697077127896,68.10602821718683,72.4279133253711,8200.0,6966552.0,5.0,3.0,3.0,2.0,0.0,0.0,1.0
8300.0,1227.089055756,0.001747949409165851,8300.0,71.54216867469879,36.8341310019513,-211.1989459815546,-0.9833262077811057,68.96350224760064,57.42609949531362,78.62830256967065,67.49416157256107,49.6416329074478,85.34669023767432,70.4982414194473,68.10602821718683,72.89045462170776,8300.0,6984832.0,5.0,3.0,3.0,2.0,0.0,0.0,1.0
8400.0,1242.237546814,0.0017754110129132067,8400.0,71.88095238095238,37.19576070751693,-211.1989459815549,-0.9833262077810915,69.14416298560037,57.42609949531362,79.00817632420902,67.63530306516678,49.6416329074478,85.62897322288576,70.72188063226939,68.10602821718683,73.33773304735193,8400.0,7007432.0,5.0,3.0,3.0,2.0,0.0,0.0,1.0
8500.0,1257.395601436,0.0018029590331288528,8500.0,72.21176470588236,37.544907970429435,-211.19894598155454,-0.9833262077811208,69.31852693708804,57.42609949531362,79.37478169752009,67.77110940401685,49.6416329074478,85.9005859005859,70.93826001023275,68.10602821718683,73.77049180327869,8500.0,7025048.0,5.0,3.0,3.0,2.0,0.0,0.0,1.0
8600.0,1272.535185073,0.0018304938508842954,8600.0,72.53488372093024,37.88220811423519,-211.19894598155474,-0.9833262077810866,69.4869183346619,57.42609949531362,79.72880192241676,67.90187748136256,49.6416329074478,86.16212205527731,71.14772741317734,68.10602821718683,74.18942660916787,8600.0,7030248.0,5.0,3.0,3.0,2.0,0.0,0.0,1.0
8700.0,1287.704386556,0.001858206888198616,8700.0,72.85057471264368,38.208254066692184,-211.19894598155474,-0.9833262077810814,69.64963947615317,57.42609949531362,80.07087411407358,68.02788256190092,49.6416329074478,86.41413221635403,71.35060882640508,68.10602821718683,74.59518943562333,8700.0,7061936.0,5.0,3.0,3.0,2.0,0.0,0.0,1.0
8800.0,1302.89316665,0.0018862196835578583,8800.0,73.0909090909091,38.39347772164901,-210.35386631716912,-0.9808102345415607,69.73181259226168,57.364061937342456,80.34202224804913,68.09572255281172,49.6416329074478,86.54981219817563,71.44845651129106,67.9317697228145,74.96514329976762,8800.0,7129120.0,5.0,3.0,3.0,2.0,0.0,0.0,1.0
8900.0,1318.06505476,0.001914302840527267,8900.0,73.32584269662922,38.57122613502631,-210.32679738562086,-0.9783071033602757,69.81041405651801,57.30215827338129,80.60457516339869,68.16117842877222,49.6416329074478,86.68072395009663,71.54143884997687,67.75840068056146,75.32447701939228,8900.0,7154984.0,5.0,3.0,3.0,2.0,0.0,0.0,1.0
9000.0,1333.262312694,0.0019424460726500837,9000.0,73.62222222222222,38.86919512709148,-210.32679738562106,-0.9783071033602635,69.95905946822363,57.30215827338129,80.91639871382638,68.27617822198499,49.6416329074478,86.9107235365222,71.72699700143279,67.75840068056146,75.6955933223041,9000.0,7158320.0,5.0,3.0,3.0,2.0,0.0,0.0,1.0
9100.0,1348.48159144,0.0019707413348942293,9100.0,73.91208791208791,39.15783246940725,-210.32679738562084,-0.9783071033602773,70.1030119042853,57.30215827338129,81.21835443037973,68.3872737614815,49.6416329074478,87.13291461551519,71.90705631894423,67.75840068056146,76.055711957327,9100.0,7186576.0,5.0,3.0,3.0,2.0,0.0,0.0,1.0
9200.0,1363.640347926,0.0019989867897516286,9200.0,74.19565217391305,39.43756976971757,-210.32679738562078,-0.9783071033602949,70.24249049990252,57.30215827338129,81.51090342679127,68.49466055320646,49.6416329074478,87.34768819896512,72.08185766251756,67.75840068056146,76.40531464447365,9200.0,7202568.0,5.0,3.0,3.0,2.0,0.0,0.0,1.0
9300.0,1378.758260927,0.0020274570071103447,9300.0,74.13978494623656,39.070175989162664,-209.12596401028284,-0.9655751469353373,70.0097195530668,56.98443927741012,81.51279883157815,68.3440474502762,49.6416329074478,87.04646199310459,71.75861094665615,66.87657430730478,76.64064758600752,9300.0,7279496.0,5.0,3.0,3.0,2.0,0.0,0.0,1.0
9324.0,1382.59465312,0.0020346834256445697,9324.0,74.15272415272415,39.03292744581823,-208.18414322250644,-0.9635525764558317,69.98349467734457,56.93352394567548,81.53539687404229,68.32858423786126,49.6416329074478,87.01553556827474,71.72055833883249,66.73648931713447,76.70462736053048,9324.0,7281192.0,5.0,3.0,3.0,2.0,0.0,0.0,1.0
