learning evaluation instances,evaluation time (cpu seconds),model cost (RAM-Hours),classified instances,classifications correct (percent),Kappa Statistic (percent),Kappa Temporal Statistic (percent),Kappa M Statistic (percent),F1 Score (percent),F1 Score for class 0 (percent),F1 Score for class 1 (percent),Precision (percent),Precision for class 0 (percent),Precision for class 1 (percent),Recall (percent),Recall for class 0 (percent),Recall for class 1 (percent),model training instances,model serialized size (bytes),tree size (nodes),tree size (leaves),active learning leaves,tree depth,active leaf byte size estimate,inactive leaf byte size estimate,byte size estimate overhead
100.0,7.211343286,3.9454920474651916E-6,100.0,50.0,0.0,49.494949494949495,0.0,?,66.66666666666666,?,?,50.0,?,50.0,100.0,0.0,100.0,2114888.0,1.0,1.0,1.0,0.0,0.0,0.0,1.0
200.0,12.491429632,7.2633156727945276E-6,200.0,50.0,0.0,49.74874371859296,0.0,?,66.66666666666666,?,?,50.0,?,50.0,100.0,0.0,200.0,2428928.0,1.0,1.0,1.0,0.0,0.0,0.0,1.0
300.0,17.776408572,1.081435636137294E-5,300.0,50.0,0.0,49.832775919732434,0.0,?,66.66666666666666,?,?,50.0,?,50.0,100.0,0.0,300.0,2597256.0,1.0,1.0,1.0,0.0,0.0,0.0,1.0
400.0,23.148416343,1.4683732329810022E-5,400.0,50.0,0.0,49.87468671679198,0.0,?,66.66666666666666,?,?,50.0,?,50.0,100.0,0.0,400.0,2784240.0,1.0,1.0,1.0,0.0,0.0,0.0,1.0
500.0,28.569483466,1.8739447875048217E-5,500.0,50.0,0.0,49.899799599198396,0.0,?,66.66666666666666,?,?,50.0,?,50.0,100.0,0.0,500.0,2891912.0,1.0,1.0,1.0,0.0,0.0,0.0,1.0
600.0,34.048741402,2.288935362708042E-5,600.0,50.0,0.0,49.91652754590986,0.0,?,66.66666666666666,?,?,50.0,?,50.0,100.0,0.0,600.0,2927648.0,1.0,1.0,1.0,0.0,0.0,0.0,1.0
700.0,39.577444304,2.7145258667289484E-5,700.0,50.0,0.0,49.92846924177396,0.0,?,66.66666666666666,?,?,50.0,?,50.0,100.0,0.0,700.0,2975576.0,1.0,1.0,1.0,0.0,0.0,0.0,1.0
800.0,45.206434851,3.156654076423186E-5,800.0,50.0,0.0,49.93742177722153,0.0,?,66.66666666666666,?,?,50.0,?,50.0,100.0,0.0,800.0,3036128.0,1.0,1.0,1.0,0.0,0.0,0.0,1.0
900.0,50.861429221,3.605698135118952E-5,900.0,50.0,0.0,49.94438264738598,0.0,?,66.66666666666666,?,?,50.0,?,50.0,100.0,0.0,900.0,3069440.0,1.0,1.0,1.0,0.0,0.0,0.0,1.0
1000.0,56.576779844,4.0678976459054794E-5,1000.0,50.0,0.0,49.94994994994995,0.0,?,66.66666666666666,?,?,50.0,?,50.0,100.0,0.0,1000.0,3126000.0,1.0,1.0,1.0,0.0,0.0,0.0,1.0
1100.0,62.361951696,4.5424484824264114E-5,1100.0,50.0,0.0,49.95450409463148,0.0,?,66.66666666666666,?,?,50.0,?,50.0,100.0,0.0,1100.0,3170800.0,1.0,1.0,1.0,0.0,0.0,0.0,1.0
1200.0,68.212827762,5.029440032804792E-5,1200.0,50.0,0.0,49.9582985821518,0.0,?,66.66666666666666,?,?,50.0,?,50.0,100.0,0.0,1200.0,3217384.0,1.0,1.0,1.0,0.0,0.0,0.0,1.0
1300.0,74.062766008,5.519182945961842E-5,1300.0,50.0,0.0,49.96150885296382,0.0,?,66.66666666666666,?,?,50.0,?,50.0,100.0,0.0,1300.0,3236080.0,1.0,1.0,1.0,0.0,0.0,0.0,1.0
1400.0,79.946600853,6.0139080098837246E-5,1400.0,50.0,0.0,49.96426018584703,0.0,?,66.66666666666666,?,?,50.0,?,50.0,100.0,0.0,1400.0,3250168.0,1.0,1.0,1.0,0.0,0.0,0.0,1.0
1500.0,85.859314754,6.513151362159497E-5,1500.0,50.0,0.0,49.96664442961975,0.0,?,66.66666666666666,?,?,50.0,?,50.0,100.0,0.0,1500.0,3263832.0,1.0,1.0,1.0,0.0,0.0,0.0,1.0
1600.0,91.844234381,7.021161958862748E-5,1600.0,50.0,0.0,49.96873045653534,0.0,?,66.66666666666666,?,?,50.0,?,50.0,100.0,0.0,1600.0,3281080.0,1.0,1.0,1.0,0.0,0.0,0.0,1.0
1700.0,97.853501394,7.534428003841646E-5,1700.0,50.0,0.0,49.97057092407298,0.0,?,66.66666666666666,?,?,50.0,?,50.0,100.0,0.0,1700.0,3301592.0,1.0,1.0,1.0,0.0,0.0,0.0,1.0
1800.0,103.891874519,8.052876936045239E-5,1800.0,50.0,0.0,49.9722067815453,0.0,?,66.66666666666666,?,?,50.0,?,50.0,100.0,0.0,1800.0,3318856.0,1.0,1.0,1.0,0.0,0.0,0.0,1.0
1900.0,109.937529411,8.575738493103511E-5,1900.0,50.0,0.0,49.97367035281727,0.0,?,66.66666666666666,?,?,50.0,?,50.0,100.0,0.0,1900.0,3343072.0,1.0,1.0,1.0,0.0,0.0,0.0,1.0
2000.0,116.015760317,9.104461652435634E-5,2000.0,50.0,0.0,49.974987493746866,0.0,?,66.66666666666666,?,?,50.0,?,50.0,100.0,0.0,2000.0,3362432.0,1.0,1.0,1.0,0.0,0.0,0.0,1.0
2100.0,122.141097147,9.640641797976595E-5,2100.0,50.0,0.0,49.97617913292044,0.0,?,66.66666666666666,?,?,50.0,?,50.0,100.0,0.0,2100.0,3383632.0,1.0,1.0,1.0,0.0,0.0,0.0,1.0
2200.0,128.289361882,1.018198333268993E-4,2200.0,50.0,0.0,49.97726239199637,0.0,?,66.66666666666666,?,?,50.0,?,50.0,100.0,0.0,2200.0,3403464.0,1.0,1.0,1.0,0.0,0.0,0.0,1.0
2300.0,134.459575769,1.0726932855388811E-4,2300.0,50.0,0.0,49.97825141365811,0.0,?,66.66666666666666,?,?,50.0,?,50.0,100.0,0.0,2300.0,3413960.0,1.0,1.0,1.0,0.0,0.0,0.0,1.0
2400.0,140.655484891,1.1276288092174327E-4,2400.0,50.0,0.0,49.9791579824927,0.0,?,66.66666666666666,?,?,50.0,?,50.0,100.0,0.0,2400.0,3427288.0,1.0,1.0,1.0,0.0,0.0,0.0,1.0
2500.0,146.856513037,1.1827113630773908E-4,2500.0,50.0,0.0,49.97999199679872,0.0,?,66.66666666666666,?,?,50.0,?,50.0,100.0,0.0,2500.0,3433624.0,1.0,1.0,1.0,0.0,0.0,0.0,1.0
2600.0,153.092457331,1.238214158159814E-4,2600.0,50.0,0.0,49.98076183147365,0.0,?,66.66666666666666,?,?,50.0,?,50.0,100.0,0.0,2600.0,3440448.0,1.0,1.0,1.0,0.0,0.0,0.0,1.0
2700.0,159.364207082,1.2942025618405657E-4,2700.0,50.0,0.0,49.98147462022972,0.0,?,66.66666666666666,?,?,50.0,?,50.0,100.0,0.0,2700.0,3450736.0,1.0,1.0,1.0,0.0,0.0,0.0,1.0
2800.0,165.639360572,1.350354079063519E-4,2800.0,50.0,0.0,49.982136477313325,0.0,?,66.66666666666666,?,?,50.0,?,50.0,100.0,0.0,2800.0,3458912.0,1.0,1.0,1.0,0.0,0.0,0.0,1.0
2900.0,171.947015883,1.4069724028251666E-4,2900.0,50.0,0.0,49.98275267333563,0.0,?,66.66666666666666,?,?,50.0,?,50.0,100.0,0.0,2900.0,3469696.0,1.0,1.0,1.0,0.0,0.0,0.0,1.0
3000.0,178.276698919,1.4639508896320303E-4,3000.0,50.0,0.0,49.983327775925304,0.0,?,66.66666666666666,?,?,50.0,?,50.0,100.0,0.0,3000.0,3479616.0,1.0,1.0,1.0,0.0,0.0,0.0,1.0
3100.0,184.642103262,1.5217366530499013E-4,3100.0,50.0,0.0,49.46201499836974,-1.0430247718383248,?,66.66666666666666,?,?,50.0,?,50.0,100.0,0.0,3100.0,3509112.0,1.0,1.0,1.0,0.0,0.0,0.0,1.0
3200.0,191.080834235,1.5805890511301043E-4,3200.0,50.0,0.0,48.930737312480055,-2.105934907466485,?,66.66666666666666,?,?,50.0,?,50.0,100.0,0.0,3200.0,3533184.0,1.0,1.0,1.0,0.0,0.0,0.0,1.0
3300.0,197.523028044,1.6397101580251975E-4,3300.0,50.0,0.0,48.4375,-3.1249999999999973,?,66.66666666666666,?,?,50.0,?,50.0,100.0,0.0,3300.0,3547408.0,1.0,1.0,1.0,0.0,0.0,0.0,1.0
3400.0,204.002852845,1.6397187408619858E-4,3400.0,50.0,0.0,47.964493419038874,-4.039167686658506,?,66.66666666666666,?,?,50.0,?,50.0,100.0,0.0,3400.0,512.0,3.0,2.0,2.0,1.0,0.0,0.0,1.0
3500.0,210.487924894,1.65424782874175E-4,3500.0,49.94285714285714,-0.11428571428571122,47.434743474347435,-5.098980203959199,33.30792682926829,66.61585365853658,?,24.98570611778159,49.97141223556318,0.0,49.94285714285714,99.88571428571429,0.0,3500.0,866016.0,3.0,2.0,2.0,1.0,0.0,0.0,1.0
3600.0,216.544340166,1.668221795326165E-4,3600.0,49.94444444444445,-0.11111111111110628,47.0,-5.999999999999997,33.30863282697295,66.6172656539459,?,24.98610339077265,49.9722067815453,0.0,49.94444444444445,99.8888888888889,0.0,3600.0,891880.0,3.0,2.0,2.0,1.0,0.0,0.0,1.0
3700.0,222.645986821,1.6826587595580782E-4,3700.0,49.945945945945944,-0.108108108108107,46.582059417363716,-6.805074971164939,33.309300648882484,66.61860129776497,?,24.98647917793402,49.97295835586804,0.0,49.945945945945944,99.89189189189189,0.0,3700.0,914600.0,3.0,2.0,2.0,1.0,0.0,0.0,1.0
3800.0,228.750210115,1.6826707612267592E-4,3800.0,49.94736842105263,-0.10526315789474161,46.164732521936024,-7.640067911714783,33.30993330993331,66.61986661986661,?,24.986835176408636,49.97367035281727,0.0,49.94736842105263,99.89473684210526,0.0,3800.0,760.0,5.0,3.0,3.0,2.0,0.0,0.0,1.0
3900.0,235.811068742,1.7119612999702547E-4,3900.0,49.92307692307693,-0.15384615384614886,45.75,-8.499999999999988,41.13705061867528,66.58682634730539,0.10230179028132994,34.980744544287546,49.96148908857509,20.0,49.92307692307693,99.7948717948718,0.05128205128205128,3900.0,1603512.0,5.0,3.0,3.0,2.0,0.0,0.0,1.0
4000.0,241.984535793,1.7379618956910614E-4,4000.0,49.925000000000004,-0.14999999999999458,45.37769293700573,-9.21483097055615,41.13803677251241,66.58882402001669,0.0997506234413965,34.981226533166456,49.96245306633292,20.0,49.925,99.8,0.05,4000.0,1628008.0,5.0,3.0,3.0,2.0,0.0,0.0,1.0
4100.0,248.172296648,1.7644268566430763E-4,4100.0,49.926829268292686,-0.14634146341463428,45.00401821591214,-9.962506695233003,41.13897479011049,66.5907241659886,0.09732360097323602,34.98168498168498,49.96336996336996,20.0,49.926829268292686,99.8048780487805,0.04878048780487805,4100.0,1653256.0,5.0,3.0,3.0,2.0,0.0,0.0,1.0
4200.0,254.879647454,1.806224407556383E-4,4200.0,49.92857142857143,-0.14285714285714457,44.6578947368421,-10.684210526315804,41.13986811194743,66.59253375694996,0.09501187648456057,34.98212157330155,49.964243146603096,20.0,49.92857142857143,99.80952380952381,0.047619047619047616,4200.0,2408808.0,5.0,3.0,3.0,2.0,0.0,0.0,1.0
4300.0,262.082055357,1.867200675163736E-4,4300.0,49.67441860465116,-0.6511627906976791,44.03930695629687,-11.892450879007239,46.71260986030818,66.13458528951487,2.081447963800905,44.084119496855344,49.83490566037736,38.333333333333336,49.674418604651166,98.27906976744187,1.0697674418604652,4300.0,3272544.0,7.0,4.0,4.0,3.0,0.0,0.0,1.0
4400.0,268.318141161,1.923748328224891E-4,4400.0,49.61363636363637,-0.7727272727272694,43.63081617086194,-12.709710218607018,48.27616655119338,65.64388656438865,5.5389859394972305,47.00891407585842,49.8001410768869,44.21768707482993,49.61363636363637,96.27272727272728,2.9545454545454546,4400.0,3505136.0,7.0,4.0,4.0,3.0,0.0,0.0,1.0
4500.0,274.789679226,1.9833401710662573E-4,4500.0,49.666666666666664,-0.666666666666671,43.375,-13.250000000000012,48.98909160853271,65.22339935513588,8.926417370325694,48.329755298016195,49.824067558057706,46.835443037974684,49.666666666666664,94.39999999999999,4.933333333333334,4500.0,3559440.0,7.0,4.0,4.0,3.0,0.0,0.0,1.0
4600.0,281.285029695,2.0469609792169517E-4,4600.0,49.608695652173914,-0.7826086956521761,42.97662976629766,-13.073170731707323,49.05108615939341,64.75060827250608,11.661585365853659,48.50587257041887,49.78952291861553,47.22222222222222,49.608695652173914,92.56521739130434,6.6521739130434785,4600.0,3786160.0,7.0,4.0,4.0,3.0,0.0,0.0,1.0
4700.0,288.036184473,2.1138123642359906E-4,4700.0,49.53191489361702,-0.9715856879089992,42.594385285575996,-13.006193425440681,48.994427950451005,64.26634528472431,14.120202751629254,48.48528492299767,49.755073477956614,47.21549636803874,49.514377458465816,90.72735006380263,8.301404853128991,4700.0,3827672.0,7.0,4.0,4.0,3.0,0.0,0.0,1.0
4800.0,294.507203429,2.1786828855157925E-4,4800.0,49.625,-0.7831569587564032,42.40114340161982,-12.51744997673335,49.2823713395079,63.888888888888886,16.735537190082646,48.96045367051257,49.80209545983702,48.118811881188115,49.6085502792622,89.08788004997918,10.129220508545227,4800.0,3875048.0,7.0,4.0,4.0,3.0,0.0,0.0,1.0
4900.0,301.058476981,2.2449128927983468E-4,4900.0,49.75510204081633,-0.4897959183673417,42.27432590855803,-11.90909090909089,49.59130996788445,63.53672985781991,19.2257217847769,49.42859275222382,49.860529986052995,48.99665551839465,49.755102040816325,87.55102040816325,11.959183673469388,4900.0,3907792.0,7.0,4.0,4.0,3.0,0.0,0.0,1.0
5000.0,307.712281701,2.3126264360933462E-4,5000.0,49.78,-0.46912800959253137,42.03601108033241,-11.649622054246333,49.63540061121569,63.14398943196831,21.2111703796674,49.50597575182293,49.884044526901675,49.127906976744185,49.765503962480636,86.00559776089565,13.525410164065626,5000.0,3933760.0,7.0,4.0,4.0,3.0,0.0,0.0,1.0
5100.0,314.575044268,2.3828709809462035E-4,5100.0,49.88235294117647,-0.26266301066419906,41.88267394270123,-11.178773379730309,49.80692162095554,62.82722513089004,23.10469314079422,49.74529181428305,49.94219653179191,49.54838709677419,49.86870432429132,84.67267738141905,15.064731267163594,5100.0,3956544.0,7.0,4.0,4.0,3.0,0.0,0.0,1.0
5200.0,321.522942253,2.454455563485657E-4,5200.0,49.94230769230769,-0.1153846153846172,41.702127659574465,-10.765957446808525,49.91884885645895,62.49819910675696,24.74703671581382,49.89541204837112,49.96544574982723,49.825378346915016,49.94230769230769,83.42307692307692,16.46153846153846,5200.0,3982616.0,7.0,4.0,4.0,3.0,0.0,0.0,1.0
5300.0,328.430243522,2.526167959690336E-4,5300.0,49.867924528301884,-0.2884286690975431,41.372462488967344,-10.754481033764055,49.80535470920675,62.04827881731181,26.1739372047791,49.75499092558984,49.93103448275862,49.57894736842105,49.85582055618662,81.93134666163712,17.780294450736125,5300.0,4013176.0,7.0,4.0,4.0,3.0,0.0,0.0,1.0
5400.0,335.748249435,2.597706891835676E-4,5400.0,49.833333333333336,-0.3568187562137183,41.083079599826014,-10.616578195181697,49.76229473688152,61.882650907555934,26.645004061738426,49.70309829928276,49.90921470721743,49.49698189134809,49.82163234864641,81.4142910033321,18.228973693960725,5400.0,3778784.0,9.0,5.0,5.0,4.0,0.0,0.0,1.0
5500.0,342.626079106,2.6656291575000623E-4,5500.0,49.70909090909091,-0.5818181818181833,40.70739549839229,-10.639999999999992,49.61580952864249,61.67913549459685,26.86409307244844,49.52287758600348,49.82094897045658,49.224806201550386,49.70909090909091,80.94545454545454,18.472727272727273,5500.0,3817360.0,9.0,5.0,5.0,4.0,0.0,0.0,1.0
5600.0,349.424816521,2.733281392651369E-4,5600.0,49.69642857142857,-0.6288602080959413,40.46914623837701,-10.51392703020793,49.595061850515386,61.37392019744961,27.89864346045559,49.50481562087112,49.821905609973285,49.187725631768956,49.68563771500481,79.90003570153516,19.471239728474455,5600.0,3846416.0,9.0,5.0,5.0,4.0,0.0,0.0,1.0
5700.0,356.021944408,2.799620520028868E-4,5700.0,49.684210526315795,-0.6520377364484885,40.22509378907879,-10.35013466717967,49.591593576079305,60.990206746463535,29.150197628458496,49.509413068989026,49.81115307709398,49.20767306088407,49.67404735907016,78.6390740091196,20.70902070902071,5700.0,3887024.0,9.0,5.0,5.0,4.0,0.0,0.0,1.0
5800.0,363.035350587,2.870708822980064E-4,5800.0,49.689655172413794,-0.6206896551724128,40.02055498458376,-10.113207547169818,49.619672665089695,60.65264293419633,30.258126195028684,49.5498870061174,49.800708591674045,49.29906542056075,49.689655172413794,77.55172413793103,21.82758620689655,5800.0,3918064.0,9.0,5.0,5.0,4.0,0.0,0.0,1.0
5900.0,369.573318631,2.9375077959432254E-4,5900.0,49.440677966101696,-1.137052696520705,39.51743714517437,-10.522415709522063,49.316170023155124,60.14696058784236,30.869061413673233,49.20130060108722,49.64711071901191,48.75549048316252,49.431577067690554,76.27922738054896,22.583926754832145,5900.0,3949384.0,9.0,5.0,5.0,4.0,0.0,0.0,1.0
5995.0,376.198852274,3.0086013845309276E-4,5995.0,49.424520433694745,-1.1601378465796162,39.29929929929929,-10.374954495813604,49.29781436413593,60.24127983215316,30.5224564619615,49.17624756657577,49.63267070008643,48.71982443306511,49.41998369283226,76.6177451634423,22.22222222222222,5995.0,4147744.0,9.0,5.0,5.0,4.0,0.0,0.0,1.0
