learning evaluation instances,evaluation time (cpu seconds),model cost (RAM-Hours),classified instances,classifications correct (percent),Kappa Statistic (percent),Kappa Temporal Statistic (percent),Kappa M Statistic (percent),F1 Score (percent),F1 Score for class 0 (percent),F1 Score for class 1 (percent),Precision (percent),Precision for class 0 (percent),Precision for class 1 (percent),Recall (percent),Recall for class 0 (percent),Recall for class 1 (percent),model training instances,model serialized size (bytes)
100.0,6.944145809,4.356308266057332E-5,100.0,100.0,?,?,?,?,100.0,?,?,100.0,?,?,100.0,?,100.0,2.4249464E7
200.0,14.580001145,9.465998047792852E-5,200.0,99.0,82.81786941580755,50.0,66.66666666666666,91.40893470790378,99.48453608247422,83.33333333333334,91.40893470790378,99.48453608247422,83.33333333333334,91.40893470790378,99.48453608247422,83.33333333333334,200.0,2.5866592E7
300.0,22.028708041,1.445315292017247E-4,300.0,98.33333333333333,65.84699453551899,-25.00000000000063,16.666666666666483,83.76520206834793,99.14529914529915,66.66666666666667,77.60595647193585,99.65635738831615,55.55555555555556,90.98639455782313,98.63945578231292,83.33333333333334,300.0,2.58806E7
400.0,29.514430826,1.9466404914309925E-4,400.0,97.75,51.638903815153256,-124.99999999999945,-49.99999999999963,78.42302048344624,98.84763124199743,52.63157894736842,69.10157026436097,99.74160206718346,38.46153846153847,90.65143824027074,97.96954314720813,83.33333333333334,400.0,2.5887384E7
500.0,36.975894638,2.446442965964395E-4,500.0,96.39999999999999,34.21052631578954,-200.0,-125.0,69.87284494333745,98.14814814814815,35.714285714285715,62.18749999999999,99.375,25.0,79.72560975609755,96.95121951219512,62.5,500.0,2.5892664E7
600.0,44.573979305,2.955523035925127E-4,600.0,95.66666666666667,33.33333333333339,-225.00000000000063,-159.9999999999992,70.60518731988472,97.75862068965516,35.0,61.40350877192983,99.47368421052632,23.333333333333332,83.05084745762711,96.10169491525423,70.0,600.0,2.5898984E7
700.0,52.336820031,3.475932256898227E-4,700.0,95.14285714285714,44.58930899608871,-183.33333333333377,-54.54545454545442,73.98207076451267,97.45508982035929,46.87500000000001,67.32522796352583,98.93617021276596,35.714285714285715,82.09975864843122,96.01769911504425,68.18181818181817,700.0,2.5913536E7
800.0,59.834013983,3.979418272224196E-4,800.0,93.25,73.88655157406063,-315.38461538461576,55.73770491803277,86.94327578703032,96.01769911504425,77.8688524590164,86.94327578703032,96.01769911504425,77.8688524590164,86.94327578703032,96.01769911504425,77.8688524590164,800.0,2.5959184E7
900.0,67.147281542,4.470882221624611E-4,900.0,92.11111111111111,76.63858910239537,-153.57142857142878,64.6766169154229,88.3680544124542,94.97523000707714,81.65374677002585,89.46191379777717,93.97759103641457,84.94623655913979,87.30062135673565,95.99427753934192,78.60696517412936,900.0,2.5976616E7
1000.0,74.840365725,4.988061231947432E-4,1000.0,91.8,77.85208433494132,-28.12500000000005,68.0933852140078,89.01072752720471,94.56953642384106,83.26530612244899,90.32180447762029,93.08996088657105,87.55364806866953,87.73716817403418,96.09690444145357,79.37743190661479,1000.0,2.59862E7
1100.0,82.451779767,5.499942815410399E-4,1100.0,87.18181818181819,66.87313114053823,-46.87499999999998,56.61538461538461,84.05440062078829,91.34438305709023,75.30647985989494,87.25890596142496,87.11943793911007,87.39837398373984,81.07692307692307,96.0,66.15384615384615,1100.0,2.5996E7
1200.0,89.743259792,5.990445118951523E-4,1200.0,85.91666666666666,63.34241940031957,-44.44444444444443,52.924791086350965,82.57085550160453,90.54280917739229,72.43066884176183,86.45977260242047,85.51797040169133,87.4015748031496,79.01672302836191,96.19500594530321,61.83844011142061,1200.0,2.6003256E7
1300.0,96.953666715,6.475583569405662E-4,1300.0,82.6923076923077,55.9418945135985,-80.00000000000007,46.30071599045345,79.56938211985768,88.29953198127926,66.76514032496306,84.53741314407297,81.47792706333973,87.59689922480621,75.1528556993436,96.3677639046538,53.93794749403341,1300.0,2.600808E7
1400.0,104.57071394,6.988274675031693E-4,1400.0,80.42857142857143,51.441071030725304,-88.96551724137939,42.67782426778242,77.75760167201908,86.63414634146342,63.46666666666667,83.11170212765957,78.72340425531915,87.5,73.05157970212109,96.31236442516268,49.7907949790795,1400.0,2.6017856E7
1500.0,111.901356419,7.481788018325985E-4,1500.0,78.26666666666667,47.039519998267146,-82.12290502793306,39.065420560747654,75.99308243932892,85.07326007326007,60.04901960784315,81.6993101515448,76.21000820344544,87.18861209964413,71.03191128758898,96.26943005181347,45.794392523364486,1500.0,2.6023112E7
1600.0,119.42614812,7.988457835952734E-4,1600.0,76.1875,42.91172669551046,-70.85201793721973,35.85858585858585,74.43467769714059,83.58466178371391,56.655290102389074,80.56633980388233,73.76425855513308,87.36842105263159,69.17033154607707,96.42147117296223,41.91919191919192,1600.0,2.6027528E7
1700.0,126.828094275,8.486922376906885E-4,1700.0,74.52941176470588,40.033172791793476,-80.41666666666664,33.690658499234296,73.24334852034445,82.3193140057166,54.46898002103049,79.40502063207882,71.89728958630528,86.91275167785236,67.96908252412274,96.27507163323781,39.66309341500766,1700.0,2.6030992E7
1800.0,134.326275167,8.992083451650313E-4,1800.0,73.88888888888889,38.87283236994221,-65.49295774647884,32.857142857142854,72.83014568520728,81.85328185328186,53.46534653465347,79.1188568954319,71.14093959731544,87.09677419354838,67.46753246753246,96.36363636363636,38.57142857142858,1800.0,2.604212E7
1900.0,141.787519754,9.494821712820378E-4,1900.0,72.68421052631578,37.54734140786696,-71.85430463576164,32.421874999999986,72.39822023444748,80.79911209766925,52.68915223336372,78.67590580796697,69.50986632718013,87.84194528875379,67.04831971436984,96.46643109540636,37.63020833333333,1900.0,2.604552E7
2000.0,149.260496791,9.99841685548165E-4,2000.0,72.15,36.203452572936534,-66.76646706586821,31.064356435643575,71.76817785962086,80.47669120224326,51.43853530950305,78.0678199684236,69.1149909692956,87.02064896755162,66.40931291115689,96.30872483221476,36.50990099009901,2000.0,2.6048952E7
2100.0,156.604728327,0.0010493442083743202,2100.0,70.9047619047619,34.961253512730984,-64.69002695417792,30.725623582766442,71.35617224606084,79.35113213923623,50.765511684125705,77.58812132111184,67.43251005169442,87.74373259052925,66.05090311986864,96.38752052545156,35.714285714285715,2100.0,2.6054536E7
2200.0,163.956317692,0.0010989008137676228,2200.0,69.45454545454545,33.0789391490922,-68.84422110552762,29.633507853403145,70.62654836585884,78.125,49.397590361445786,76.80855091412548,65.68144499178982,87.93565683646113,65.3655459534473,96.3855421686747,34.345549738219894,2200.0,2.6056896E7
2300.0,171.243173878,0.0011480263049985734,2300.0,69.30434782608695,33.511585722884405,-73.46437346437345,30.443349753694577,70.8848200692146,77.8405524168236,50.070721357850076,76.97531572223562,65.22882693319305,88.7218045112782,65.68745088267428,96.49805447470817,34.87684729064039,2300.0,2.605968E7
2400.0,178.481685228,0.0011968357592568191,2400.0,68.83333333333333,32.82684052660883,-73.54988399071927,29.962546816479396,70.6002915934361,77.45629897528632,49.527665317139004,76.67513171913541,64.7029204431017,88.64734299516908,65.41738367581064,96.47147147147147,34.36329588014981,2400.0,2.606496E7
2500.0,185.674688601,0.0012453433242948192,2500.0,68.8,32.96776127447879,-69.93464052287585,30.232558139534877,70.72770686450251,77.39130434782608,49.677419354838705,76.83774804785443,64.55512572533848,89.12037037037037,65.51781271600878,96.59913169319826,34.436493738819316,2500.0,2.6067632E7
2600.0,193.018805483,0.001294877236301599,2600.0,67.65384615384616,32.59647526359076,-83.22440087145971,30.952380952380953,70.63445767888132,76.04671033893477,50.20722320899941,76.36336348015824,62.70549553781118,90.02123142250531,65.70514876942343,96.59913169319826,34.8111658456486,2600.0,2.6071464E7
2700.0,200.595022901,0.001345985378953318,2700.0,67.2962962962963,33.63593040527149,-92.37472766884525,33.004552352048556,71.11381724397742,75.147762454264,52.19274499187871,76.30385586250794,61.49239981575311,91.11531190926276,66.58484657497546,96.59913169319826,36.57056145675266,2700.0,2.6075944E7
2800.0,208.145742145,0.0013969281870902838,2800.0,66.89285714285714,34.27762613499977,-101.96078431372551,32.9232995658466,71.4211318877582,74.22852376980818,53.71942086869696,76.11834616349289,60.270880361173816,91.96581196581197,67.26994666465272,96.59913169319826,37.9407616361072,2800.0,2.607936E7
2900.0,215.517496433,0.001446675692591188,2900.0,66.75862068965517,35.19811444964292,-110.0217864923748,30.246020260492028,71.83701452345154,73.47275729223996,55.493998153277936,76.01377650593163,59.28063943161634,92.74691358024691,68.09534977281784,96.59913169319826,39.59156785243742,2900.0,2.608572E7
3000.0,222.982210609,0.0014970578045676757,3000.0,66.53333333333333,35.73593871615255,-118.73638344226576,27.35166425470333,72.09161829533585,72.67283614589005,56.835769561478934,75.80382760966664,58.24607329842932,93.36158192090396,68.72601825698233,96.59913169319826,40.852904820766376,3000.0,2.6089488E7
3100.0,230.394536882,0.0015470926208880646,3100.0,66.6774193548387,36.76412741091331,-125.05446623093684,25.253256150506502,72.5432879402214,72.10369970294357,58.630356427713245,75.74246747478927,57.51831107281345,93.96662387676508,69.603407522967,96.59913169319826,42.607683352735734,3100.0,2.6092768E7
3200.0,237.730419525,0.0015966141285254096,3200.0,66.9375,37.75152385210986,-128.50971922246222,23.77521613832854,72.9759169135521,71.71122994652406,60.22556390977443,75.73642664613016,57.01530612244898,94.45754716981132,70.40956543313548,96.61383285302594,44.205298013245034,3200.0,2.6094192E7
3300.0,245.199197711,0.001647037535317017,3300.0,67.45454545454545,38.77654666003796,-127.06131078224104,24.41942294159044,73.42407978489865,71.89952904238619,61.3390928725702,75.99906231135618,57.22615576842982,94.77196885428253,71.0178688935338,96.69247009148488,45.34326769558275,3300.0,2.6096664E7
3400.0,252.541434717,0.0016966085031005376,3400.0,67.82352941176471,39.782500790844395,-129.350104821803,23.335669236159767,73.85795214518306,71.61390762843797,62.86490156143923,76.01495000362061,56.86032138442522,95.16957862281603,71.81999033199062,96.70637701471618,46.93360364926507,3400.0,2.6097648E7
3500.0,259.846298726,0.0017459289771355178,3500.0,68.48571428571428,40.89354928992644,-126.95473251028801,25.067934782608692,74.33509158626262,72.09714141158614,63.80045946832949,76.41207623473234,57.43651753325272,95.38763493621197,72.36802965011577,96.80706521739131,47.928994082840234,3500.0,2.6098616E7
3600.0,267.371027634,0.0017967369565205467,3600.0,68.77777777777779,41.38633825401862,-127.99188640973631,25.80858085808581,74.54031701708456,72.30162641695416,64.2266072565245,76.57330806997598,57.68777034998034,95.45884578997162,72.61248427000973,96.83168316831683,48.39328537170264,3600.0,2.6100176E7
3700.0,275.260094567,0.00185001021986613,3700.0,69.4054054054054,42.44146369417404,-127.76659959758557,27.482383087764262,74.98985210954284,72.77537277537279,65.08328192473782,76.95388116073676,58.259530227185216,95.6482320942883,73.12358059155208,96.92504804612429,49.322113136979894,3700.0,2.6102736E7
3800.0,282.703350741,0.0019002754170100193,3800.0,69.86842105263158,43.36420034312105,-121.0424710424711,27.760252365930604,75.38212553415204,72.8608675041479,66.13427979887607,77.11783889524895,58.35231586940015,95.88336192109776,73.72282473243088,96.97160883280758,50.47404063205418,3800.0,2.6103984E7
3900.0,290.209973367,0.0019509702753696618,3900.0,70.3076923076923,44.06402676088331,-116.4485981308412,29.26084300549785,75.6848836782529,73.29335793357934,66.5704387990762,77.43849373391754,58.873656909966655,96.00333055786844,74.00893662382633,97.06780696395846,50.950066283694206,3900.0,2.610488E7
4000.0,297.837080608,0.002002481902520152,4000.0,70.42500000000001,44.49673126565282,-121.12149532710272,27.733659132559573,75.87657020971656,72.87319422150883,67.49106897499314,77.28578892371996,58.333333333333336,96.23824451410658,74.51782222933429,97.06780696395846,51.96783749471011,4000.0,2.6106448E7
4100.0,305.38614751,0.0020534717606006353,4100.0,70.7560975609756,45.19132141105114,-123.27746741154564,27.200971463266537,76.1722702297453,72.73140777803047,68.47225874309756,77.29494949494949,58.14545454545454,96.44444444444444,75.08173702027999,97.0856102003643,53.07786384019568,4100.0,2.610916E7
4200.0,312.880106952,0.00210409085553386,4200.0,71.16666666666667,45.94963375568749,-121.38939670932353,27.398081534772178,76.49255749618868,72.79263086946753,69.33400860977463,77.41156294479717,58.2105641394179,96.61256175017643,75.5951163240024,97.12230215827337,54.06793048973144,4200.0,2.6109912E7
4300.0,320.463573185,0.0021553175982562452,4300.0,71.55813953488372,46.6973845848216,-123.17518248175176,26.76646706586827,76.80702201957284,72.62144616073427,70.40890394386643,77.39854577580627,57.990704326063636,96.8063872255489,76.2244712096719,97.12574850299401,55.32319391634981,4300.0,2.6111472E7
4400.0,328.110376206,0.002206973972881871,4400.0,71.88636363636364,47.252616048508834,-121.68458781362004,27.576112412177988,77.0445199373267,72.85494843098529,70.8460994579307,77.58564035159779,58.266058266058266,96.90522243713733,76.51089532346688,97.18969555035129,55.83209509658247,4400.0,2.6112376E7
4500.0,336.766030746,0.0022654486210893624,4500.0,72.06666666666666,47.570317783288054,-124.06417112299457,27.80011487650775,77.1865533812736,72.92698686194271,71.149873766353,77.66766090279975,58.33907649896622,96.99624530663328,76.71136954739947,97.24296381390006,56.17977528089888,4500.0,2.61138E7
4600.0,344.659980559,0.0023187798863709627,4600.0,72.36956521739131,48.11292790904313,-126.15658362989323,27.246708643388672,77.41680541592407,72.77789676590277,71.94879717501655,77.64227890998296,58.145106091718,97.13945172824792,77.19263768182239,97.25243274184317,57.132842621801615,4600.0,2.6114992E7
4700.0,352.803640887,0.002373800109053121,4700.0,72.85106382978724,48.914427321462426,-125.84070796460183,28.67523756288428,77.74917406686004,73.18200924758303,72.51184834123222,77.9331544387323,58.63927248231728,97.22703639514731,77.56606031093102,97.31693683622136,57.81518378564068,4700.0,2.6115904E7
4800.0,360.923265238,0.0024287099494773837,4800.0,73.125,49.380872149915014,-123.57019064124782,28.92561983471074,77.94770284681323,73.25870646766171,72.98994974874373,78.0218807563908,58.723828514456635,97.31993299832496,77.87366584991071,97.35537190082646,58.391959798994975,4800.0,2.6140664E7
4900.0,368.565811882,0.0024803970273625524,4900.0,73.59183673469389,50.15957644994005,-121.95540308747854,29.328235936646664,78.26926007496928,73.37448559670781,73.80566801619432,78.14941932246259,58.864311654011225,97.43452699091395,78.3894689393183,97.37848170398689,59.40045617464972,4900.0,2.6142448E7
5000.0,376.265646875,0.002532473526379041,5000.0,73.83999999999999,50.56099661773716,-121.31979695431482,28.87438825448612,78.44076090499371,73.25153374233129,74.40313111545989,78.11963173006049,58.70206489675516,97.53719856336582,78.76454113216077,97.38988580750407,60.139196456817466,5000.0,2.614344E7
5100.0,384.04325195,0.0025850797442673744,5100.0,74.2156862745098,51.16264437841367,-121.7537942664417,28.995680345572367,78.69099464229033,73.28864513508023,75.08053818457456,78.18869152097581,58.74308042982742,97.6343026121242,79.19979332687868,97.40820734341253,60.991379310344826,5100.0,2.6145296E7
5200.0,392.068793165,0.0026393655786323997,5200.0,74.5576923076923,51.683804930561095,-121.60804020100512,28.717672413793082,78.90895331162405,73.21320105284471,75.77366782640541,78.18840913899818,58.644177748945836,97.73264052905054,79.64290133641315,97.41379310344827,61.872009569377994,5200.0,2.614656E7
5300.0,400.026786913,0.0026931964234042163,5300.0,74.84905660377359,52.11089227245269,-121.06135986733,28.410311493018263,79.0892146635139,73.13041725458577,76.3610569249867,78.17709219855037,58.5350112939658,97.81917310313494,80.02287256410784,97.42212674543501,62.62361838278069,5300.0,2.6147488E7
5400.0,407.68289912,0.002744989601832527,5400.0,75.07407407407408,52.4170893116386,-121.0180623973728,28.55626326963906,79.1754287216753,73.13373253493015,76.75302245250433,78.159263442031,58.60524632117722,97.71328056288479,80.21836481815613,97.23991507430998,63.19681456200228,5400.0,2.6149696E7
5500.0,415.488041371,0.0027977971471364795,5500.0,75.41818181818182,52.93606545507205,-119.83739837398375,28.767123287671236,79.39208326677083,73.1958762886598,77.30020147750167,78.23434000154477,58.67768595041323,97.7909940526763,80.58460672533523,97.26027397260275,63.90893947806774,5500.0,2.615276E7
5600.0,422.950959339,0.0028482936637209684,5600.0,75.83928571428571,53.539936964226584,-119.28687196110211,28.789473684210513,79.64212274214265,73.20261437908498,78.00357665420256,78.28185694616063,58.685296919657034,97.87841697266421,81.05049786628734,97.26315789473684,64.83783783783784,5600.0,2.6155024E7
5700.0,430.912455273,0.0029021659609639893,5700.0,76.26315789473685,54.20908743077123,-115.78947368421053,29.641185647425893,79.91719401691259,73.44455348380767,78.54084060269628,78.46395278305425,58.98486759142497,97.94303797468355,81.42528242829474,97.29589183567343,65.55467302091607,5700.0,2.6156112E7
5800.0,439.117286006,0.002957686761433449,5800.0,76.65517241379311,54.80291800078019,-111.89358372456954,30.17019082001033,80.16215770879622,73.59594383775351,79.07911001236093,78.59029008540104,59.17215428033866,98.00842589046343,81.7981857693049,97.31820526044352,66.27816627816627,5800.0,2.6157032E7
5900.0,447.242680136,0.003012673188367168,5900.0,77.0,55.361394126390664,-109.73724884080372,31.011692933401125,80.39253640712258,73.8384422594949,79.47981249054892,78.76587559098915,59.472049689441,98.05970149253731,82.08780112124656,97.35638027452974,66.81922196796339,5900.0,2.6158536E7
6000.0,455.329081088,0.0030674025843056983,6000.0,77.25,55.73558698827311,-107.76255707762552,31.303472571716156,80.54970667805925,73.92550143266476,79.82261640798227,78.84279413449423,59.57512315270937,98.11046511627907,82.33216254520568,97.38298943130347,67.2813356591079,6000.0,2.6161808E7
6100.0,463.443713855,0.0031223267164943534,6100.0,77.59016393442623,56.31410882395592,-103.72578241430705,32.560434139121845,80.76809170039394,74.27065687935254,80.15100914766953,79.06181422251407,60.042604990870366,98.08102345415777,82.54964195005046,97.3359644795264,67.76331942057452,6100.0,2.6163552E7
6200.0,471.270930358,0.0031753090270240855,6200.0,77.88709677419355,56.81600188582624,-98.98403483309146,33.60774818401938,80.95688067707339,74.55928743737243,80.44501497646556,79.24604051287973,60.43922984356197,98.0528511821975,82.74322136372021,97.28813559322033,68.19830713422007,6200.0,2.6165312E7
6300.0,478.965491964,0.003227395659864161,6300.0,78.19047619047619,57.32741294446174,-96.5665236051503,34.477825464949916,81.16830660158297,74.81671554252199,80.76707726763718,79.42900866996348,60.76213158678178,98.09588575314518,82.98548247266667,97.32951835956128,68.64144658577207,6300.0,2.6166448E7
6400.0,487.117687002,0.003282581861925326,6400.0,78.484375,57.78867206748907,-94.7666195190948,35.016517225106156,81.35967081957283,74.97728511720881,81.12923119090037,79.55329652413292,60.963356973995275,98.14323607427056,83.24998382285325,97.35724398301086,69.14272366269563,6400.0,2.6167264E7
6500.0,495.590925491,0.003339944555988825,6500.0,78.78461538461539,58.2955689594527,-93.13725490196082,36.0092807424594,81.55154369439308,75.25569711107124,81.43261074458059,79.73488638421853,61.351667641895844,98.11810512654121,83.45291144580405,97.30858468677495,69.59723820483315,6500.0,2.616872E7
6600.0,503.721461951,0.003394994118938567,6600.0,79.0,58.673967255773604,-91.96675900277008,36.712328767123296,81.70977162243011,75.46902654867257,81.64238410596026,79.8856816759324,61.618497109826585,98.15286624203821,83.61910974435436,97.35159817351598,69.88662131519274,6600.0,2.6172008E7
6700.0,511.153546317,0.003445316967513774,6700.0,79.31343283582089,59.212594261195925,-89.60328317373458,37.651821862348186,81.93166343290807,75.75227431770469,81.96251952108277,80.08628062843135,61.98110506727741,98.19145618958528,83.86409630428768,97.39091318038686,70.33727942818851,6700.0,2.6173208E7
6800.0,518.546790994,0.003495380855671392,6800.0,79.52941176470588,59.54070562520801,-88.36265223274702,37.9402585822559,82.06956461771891,75.84172162443596,82.24036744067365,80.16187476717803,62.091503267973856,98.2322462663822,84.07026624953981,97.41417744092733,70.7263550581523,6800.0,2.6175312E7
6900.0,525.909420172,0.003545239409681361,6900.0,79.3913043478261,59.19979740864365,-91.90283400809722,36.65924276169265,81.94078490491228,75.46583850931677,82.23388305847077,79.92821236667528,61.58828499014363,98.26813974320693,84.0573275377435,97.41648106904232,70.69817400644467,6900.0,2.6176352E7
7000.0,533.316752935,0.003595403663330422,7000.0,79.62857142857143,59.59942641061019,-90.38718291054745,37.42869679684072,82.09081279201898,75.68212824010915,82.47295968534907,80.06991878883667,61.89679218967922,98.24304538799414,84.21635928979208,97.36726634488811,71.06545223469604,7000.0,2.6177904E7
7100.0,540.767079547,0.003645860808705059,7100.0,79.69014084507042,59.638136430053045,-91.75531914893614,37.085514834205924,82.11301974410314,75.5841517101253,82.61393778635157,80.01932625751643,61.75982291090205,98.2788296041308,84.31921927677257,97.38219895287958,71.25623960066557,7100.0,2.61788E7
7200.0,548.198612661,0.003696191967546666,7200.0,79.94444444444444,60.00478551542964,-91.76626826029215,37.35357917570497,82.26576165721015,75.66565554432087,82.94353886132767,80.0912852446675,61.86277211352989,98.3197983758051,84.56160720022868,97.39696312364426,71.72625127681307,7200.0,2.6179472E7
7300.0,555.737676415,0.0037472571510423188,7300.0,79.94520547945206,59.99685879967668,-93.39498018494054,37.355584082156604,82.25378620403966,75.65680079813768,82.94898672257163,80.07990078796581,61.87109056295893,98.28871101297267,84.5489915921249,97.34702610183996,71.75095708240983,7300.0,2.6182424E7
7400.0,564.145246179,0.0038042057446198534,7400.0,80.0945945945946,60.1336208731557,-94.58388375165126,36.97047496790758,82.31478097719025,75.54374896231113,83.21750028483537,80.0253312611342,61.720021703743896,98.3306408185245,84.73908682141177,97.34702610183996,72.1311475409836,7400.0,2.6182728E7
7500.0,572.060817941,0.0038578231541404745,7500.0,80.29333333333334,60.3599552083586,-94.72990777338607,36.81060282171869,82.41131494396234,75.49734748010609,83.51917930419269,80.01430517173354,61.65718927701056,98.37142106645653,84.95637563238414,97.3492945703292,72.56345669443907,7500.0,2.6183392E7
7600.0,579.977539811,0.003911449402711767,7600.0,80.55263157894737,60.679581505401295,-94.72990777338602,36.810602821718675,82.544890005903,75.49734748010609,83.87870855148341,80.03514698045562,61.65718927701056,98.41310468390068,85.2171297029559,97.3492945703292,73.08496483558258,7600.0,2.6183904E7
7700.0,587.998134231,0.003965781387342682,7700.0,80.77922077922078,60.94128888948298,-94.99341238471676,36.72509619495513,82.65520591331071,75.47232350016573,84.19816357036088,80.03787552433612,61.623815967523676,98.45193508114856,85.44950272258299,97.3492945703292,73.54971087483678,7700.0,2.6184928E7
7800.0,595.952185387,0.004019663295330754,7800.0,81.02564102564102,61.23571566007912,-94.9934123847167,36.72509619495511,82.77841867493504,75.47232350016573,84.52853857411667,80.05673136987633,61.623815967523676,98.489646772229,85.69167713317778,97.3492945703292,74.03405969602636,7800.0,2.6185264E7
7900.0,603.710532207,0.004072220613498477,7900.0,81.26582278481013,61.51844807310837,-94.99341238471668,36.72509619495511,82.89682026069343,75.47232350016573,84.84538193733361,80.07469038566434,61.623815967523676,98.525564803805,85.92514180053954,97.3492945703292,74.50098903074986,7900.0,2.6185832E7
8000.0,611.471682118,0.00412479900875488,8000.0,81.4625,61.725026967338145,-95.38866930171265,36.59683625480977,82.98469183694351,75.43481861851913,85.1149252233263,80.06631677218063,61.57382368848025,98.558809855881,86.12386120496676,97.3492945703292,74.89842783960431,8000.0,2.6186872E7
8100.0,619.247343145,0.004177477158803508,8100.0,81.69135802469137,61.98694094794076,-95.38866930171267,36.59683625480978,83.09450518899608,75.43481861851913,85.40785201220112,80.08268649212745,61.57382368848025,98.59154929577466,86.3417189741075,97.3492945703292,75.33414337788578,8100.0,2.6187592E7
8200.0,627.437697623,0.00423296595631008,8200.0,81.91463414634146,62.239035235079584,-95.3886693017129,36.59683625480974,83.20026851953479,75.43481861851913,85.68947216057127,80.09832899217437,61.57382368848025,98.6228342958685,86.55214259313253,97.3492945703292,75.75499061593585,8200.0,2.618816E7
8300.0,635.99749082,0.00429095900898335,8300.0,82.13253012048193,62.481851907665046,-95.3886693017127,36.59683625480976,83.30220222548564,75.43481861851913,85.96042790873805,80.11329167909453,61.57382368848025,98.65275966970883,86.75550620145381,97.3492945703292,76.16171783257842,8300.0,2.6188768E7
8400.0,644.392538087,0.004347857791039213,8400.0,82.32142857142857,62.67392800502708,-95.65217391304364,36.51132962804618,83.38375526296743,75.40983606557377,86.20016727069975,80.11069580218518,61.54054054054055,98.68085106382979,86.93566031931739,97.3492945703292,76.52202606830556,8400.0,2.6198848E7
8500.0,652.927643776,0.004405707502004102,8500.0,82.49411764705883,62.83756248022956,-96.04743083003939,36.38306968790082,83.45383226112459,75.37239324726913,86.42087972257711,80.09910438330374,61.49068322981367,98.70752553679382,87.10185066123992,97.3492945703292,76.85440675215062,8500.0,2.61996E7
8600.0,661.320759674,0.004462595782091831,8600.0,82.69767441860465,63.0562073499232,-96.04743083003957,36.38306968790082,83.5457554819603,75.37239324726913,86.6642767521061,80.11230097778206,61.49068322981367,98.73391872575046,87.28669008982838,97.3492945703292,77.22408560932759,8600.0,2.620004E7
8700.0,669.9409736,0.004521024520902476,8700.0,82.89655172413794,63.267355348896295,-96.04743083003952,36.383069687900836,83.63457518694723,75.37239324726913,86.89910195456947,80.12496939157283,61.49068322981367,98.759255553332,87.4657178715504,97.3492945703292,77.58214117277159,8700.0,2.6200576E7
8800.0,678.180896062,0.004576877479067043,8800.0,83.0909090909091,63.50500655100518,-95.01965923984277,36.545842217484015,83.73391545370653,75.42120911793856,87.11241988567468,80.16757192194537,61.55297923968725,98.78216460420349,87.63233737255958,97.35607675906184,77.90859798605732,8800.0,2.6201456E7
8900.0,686.772993561,0.004635119820535686,8900.0,83.25842696629213,63.69620935425024,-94.7712418300654,36.62271373883452,83.81461104187721,75.44495715227423,87.29969314694853,80.19285124881321,61.5819209039548,98.80378159367162,87.77898431345577,97.3628243300723,78.19514429683922,8900.0,2.6202456E7
9000.0,695.174481858,0.004692073229389304,9000.0,83.42222222222222,63.84808636355094,-95.0326797385622,36.53764355593364,83.87945529080456,75.42009884678748,87.49371332774518,80.18739168491467,61.548803441785424,98.82597992804392,87.92791539860512,97.3628243300723,78.49300646713792,9000.0,2.6203896E7
9100.0,703.660582015,0.004749604135741387,9100.0,83.57142857142857,63.974430730068775,-95.42483660130708,36.41003828158232,83.9340009804816,75.38284208793019,87.67213655479509,80.17317452898338,61.49919398173025,98.84715507623652,88.06502455205644,97.3628243300723,78.7672247740406,9100.0,2.620568E7
9200.0,711.95965995,0.004805868838781656,9200.0,83.67391304347827,64.01668423421737,-96.3398692810456,36.11229264142919,83.9548643557304,75.29605263157893,87.80844155844156,80.12525047963717,61.38374899436846,98.86675196490586,88.16892859079174,97.3628243300723,78.97503285151117,9200.0,2.6206472E7
9300.0,720.240481281,0.004862014361739528,9300.0,83.68817204301075,64.02973996348132,-94.98714652956302,36.31402183039463,83.92766206597888,75.313262815297,87.82015254917704,80.13269368854877,61.49348923731066,98.77189813978688,88.0999480783529,97.14525608732157,79.05464006938422,9300.0,2.6208616E7
9324.0,723.058487783,0.004881121050589026,9324.0,83.71943371943372,64.0731381509067,-94.11764705882348,36.40552995391705,83.94001987532769,75.33311667208321,87.85016808067873,80.14635016239022,61.534377488717816,98.75832283606263,88.11067517164324,97.1093422706326,79.11200807265388,9324.0,2.620872E7
