learning evaluation instances,evaluation time (cpu seconds),model cost (RAM-Hours),classified instances,classifications correct (percent),Kappa Statistic (percent),Kappa Temporal Statistic (percent),Kappa M Statistic (percent),F1 Score (percent),F1 Score for class 0 (percent),F1 Score for class 1 (percent),Precision (percent),Precision for class 0 (percent),Precision for class 1 (percent),Recall (percent),Recall for class 0 (percent),Recall for class 1 (percent),model training instances,model serialized size (bytes)
100.0,10.188045304,6.391321149285185E-5,100.0,100.0,?,?,?,?,100.0,?,?,100.0,?,?,100.0,?,100.0,2.4249464E7
200.0,22.172969608,1.441095750341432E-4,200.0,98.5,65.9863945578232,25.0,50.0,85.43335761107066,99.23273657289002,66.66666666666666,99.23857868020305,98.47715736040608,100.0,75.0,100.0,50.0,200.0,2.5865552E7
300.0,34.953851832,2.2968036737712786E-4,300.0,99.0,66.21621621621627,24.99999999999979,50.0,85.52821997105646,99.49238578680203,66.66666666666666,99.49494949494951,98.98989898989899,100.0,75.0,100.0,50.0,300.0,2.5880168E7
400.0,47.804006294,3.1573766437204465E-4,400.0,99.25,66.32996632996662,25.000000000000554,50.00000000000037,85.5751893256401,99.62073324905182,66.66666666666666,99.62216624685138,99.24433249370277,100.0,75.0,100.0,50.0,400.0,2.5887E7
500.0,60.675641377,4.01956025701883E-4,500.0,99.0,54.145267791636165,16.666666666666664,37.5,81.31399955153599,99.49443882709808,54.54545454545454,99.49698189134809,98.99396378269618,100.0,68.75,100.0,37.5,500.0,2.5892168E7
600.0,73.565703411,4.88319478695041E-4,600.0,98.66666666666667,42.3076923076929,0.0,20.0000000000004,74.320456725006,99.32546374367622,42.85714285714285,86.91275167785236,98.8255033557047,75.0,64.91525423728814,99.83050847457628,30.0,600.0,2.5898664E7
700.0,86.602260317,5.757135253443441E-4,700.0,97.28571428571429,28.800856531049252,-58.333333333333435,13.636363636363779,70.87789907651263,98.61616897305171,29.629629629629626,88.70503597122303,97.41007194244604,80.0,59.01716277822473,99.85250737463127,18.181818181818183,700.0,2.5913216E7
800.0,99.764308791,6.641036718758818E-4,800.0,85.25,6.475390346358065,-807.6923076923082,3.2786885245901676,64.3037020033976,91.9836956521739,7.812499999999998,84.2989084802687,85.26448362720403,83.33333333333334,51.97543401518448,99.85250737463127,4.098360655737705,800.0,2.5958592E7
900.0,112.926426143,7.525534198537956E-4,900.0,78.11111111111111,3.5826155050900983,-603.5714285714291,1.9900497512437936,62.63173452533191,87.63339610797239,4.830917874396136,80.70469798657717,78.07606263982103,83.33333333333334,51.17225033630133,99.85693848354794,2.4875621890547266,900.0,2.5976056E7
1000.0,126.222882174,8.41938839046338E-4,1000.0,74.7,2.660859662352423,-295.31250000000034,1.5564202334630364,61.91186112891661,85.43465745538285,3.802281368821293,78.9906103286385,74.64788732394366,83.33333333333334,50.90546789490497,99.86541049798116,1.9455252918287937,1000.0,2.5985624E7
1100.0,139.555142628,9.3159875429514E-4,1100.0,70.81818181818181,1.9711271515824247,-234.37500000000006,1.2307692307692013,61.158227492469386,82.82504012841092,3.021148036253776,77.04143814747107,70.74954296160878,83.33333333333334,50.70471464019851,99.87096774193547,1.5384615384615385,1100.0,2.5995424E7
1200.0,152.849750406,0.0010210304097271457,1200.0,70.41666666666667,1.7736089206164818,-203.41880341880326,1.1142061281337303,61.04622566018113,82.55528255528257,2.73972602739726,76.8425460636516,70.35175879396985,83.33333333333334,50.636925797978925,99.88109393579072,1.392757660167131,1200.0,2.600268E7
1300.0,166.216570993,0.0011109644051292083,1300.0,68.07692307692308,1.4561475290060315,-231.99999999999997,0.9546539379474975,60.60300436429753,80.91954022988506,2.3529411764705883,75.66975785677485,68.00618238021639,83.33333333333334,50.539905022227394,99.88649262202043,1.1933174224343674,1300.0,2.6007472E7
1400.0,179.622453827,0.0012011950660191775,1400.0,66.14285714285715,1.2300108355262604,-226.89655172413802,0.8368200836820183,60.23930832834995,79.53367875647668,2.066115702479339,74.701099952176,66.06886657101865,83.33333333333334,50.46878261737717,99.89154013015184,1.0460251046025104,1400.0,2.6017232E7
1500.0,193.128875713,0.0012921206760344167,1500.0,64.60000000000001,1.0657325980026837,-196.6480446927375,0.7476635514018801,59.9490523178565,78.40585603904026,1.8484288354898335,73.92904953145919,64.52476572958501,83.33333333333334,50.41547624812357,99.89637305699482,0.9345794392523363,1500.0,2.6022456E7
1600.0,206.680611662,0.0013833667673021953,1600.0,63.125,0.9310799351853962,-164.5739910313901,0.673400673400659,59.673914767410515,77.3076923076923,1.6666666666666667,73.19113341698035,63.048933500627356,83.33333333333334,50.37117363161101,99.90059642147118,0.8417508417508417,1600.0,2.6026856E7
1700.0,220.254377651,0.0014747735792156216,1700.0,61.882352941176464,1.0116295160748485,-169.99999999999994,0.7656967840735042,59.88709570801265,76.35036496350365,1.8181818181818181,73.74905071302,61.783815711754286,85.71428571428571,50.411662578562535,99.90448901623687,0.9188361408882083,1700.0,2.6030384E7
1800.0,233.789611758,0.0015659597678666527,1800.0,61.5,1.2820512820512833,-144.01408450704224,0.9999999999999851,60.41778171816744,76.02905569007265,2.2566995768688294,75.12562814070351,61.362367392518145,88.88888888888889,50.52597402597403,99.90909090909092,1.1428571428571428,1800.0,2.604148E7
1900.0,247.397654116,0.0016576483750962837,1900.0,60.473684210526315,2.674822456067612,-148.67549668874176,2.213541666666657,61.588891824100564,75.07467640225688,4.57433290978399,77.43221690590111,60.12759170653907,94.73684210526315,51.127705388692576,99.91166077738515,2.34375,1900.0,2.6044864E7
2000.0,261.044321396,0.0017496092901440313,2000.0,60.6,2.982428492632577,-135.9281437125748,2.4752475247524774,61.80991964955926,75.14195583596215,5.060240963855421,77.83344057358212,60.2123356926188,95.45454545454545,51.25755864177022,99.91610738255034,2.599009900990099,2000.0,2.604828E7
2100.0,274.854837124,0.0018426942254444253,2100.0,59.42857142857143,3.958878167553471,-129.64959568733155,3.401360544217701,62.15140596048556,74.0718198417529,6.783369803063458,77.86206479690523,58.849129593810446,96.875,51.716318711392596,99.91789819376025,3.5147392290249435,2100.0,2.6053848E7
2200.0,288.658037688,0.0019357383399020006,2200.0,58.31818181818181,4.506295559973469,-130.4020100502513,3.979057591623024,62.2555419385727,73.0690161527166,7.839195979899498,77.5462962962963,57.592592592592595,97.5,52.00172417418365,99.91967871485944,4.0837696335078535,2200.0,2.6056224E7
2300.0,302.460070955,0.0020287845264251553,2300.0,58.34782608695652,6.255451130218746,-135.38083538083535,5.615763546798033,62.920288934631316,72.83040272263189,10.800744878957168,77.80046740634856,57.295850066934406,98.30508474576271,52.818232351306285,99.92217898832685,5.714285714285714,2300.0,2.6059008E7
2400.0,316.186892242,0.0021213424225992573,2400.0,58.375,7.139736570583991,-131.7865429234339,6.460674157303359,63.24135277764308,72.71237366839661,12.291483757682176,77.87027013951463,57.14899098325461,98.59154929577466,53.2396160205149,99.92492492492492,6.5543071161048685,2400.0,2.6064288E7
2500.0,329.937940459,0.002214073182715856,2500.0,58.8,8.647774198583791,-124.40087145969503,7.871198568872989,63.81119255692836,72.83755274261603,14.735099337748341,78.09589672660212,57.30290456431535,98.88888888888889,53.94414255350546,99.92764109985528,7.960644007155635,2500.0,2.606696E7
2600.0,343.843418821,0.002307859133949688,2600.0,58.03846153846154,11.021356631019994,-137.69063180827888,10.42692939244664,64.50834029847947,71.68440176485856,19.00519673348181,77.55655526589054,55.888304330230675,99.2248062015504,55.21833614927083,99.92764109985528,10.50903119868637,2600.0,2.6070792E7
2700.0,357.802434172,0.0024020223453561813,2700.0,57.51851851851851,13.244129992895687,-149.89106753812632,12.974203338391485,65.18146113845275,70.6574571501663,23.071763916834335,77.03587383426623,54.64978235061337,99.42196531791907,56.488858486194715,99.92764109985528,13.050075872534142,2700.0,2.6075272E7
2800.0,371.817231718,0.0024965742314220704,2800.0,57.67857142857142,16.253148709975417,-158.1699346405229,14.254703328509393,66.1938088412245,69.97719787180137,28.31215970961887,76.70731201526274,53.8401559454191,99.57446808510639,58.2148783778543,99.92764109985528,16.502115655853313,2800.0,2.6078688E7
2900.0,386.160511648,0.0025933658481281153,2900.0,57.48275862068966,18.048078827127455,-168.6274509803922,10.781476121562948,66.76894867024194,69.13642052565709,31.68975069252078,76.25134845739142,52.85112897053196,99.65156794425087,59.3841104050001,99.92764109985528,18.84057971014493,2900.0,2.6085048E7
3000.0,400.448221956,0.0026897963370635155,3000.0,57.46666666666667,19.795776748988438,-177.99564270152501,7.670043415340086,67.3510827061675,68.40019811788014,34.96432212028542,75.85239212664612,51.99548192771084,99.70930232558139,60.56332611235038,99.92764109985528,21.199011124845487,3000.0,2.60888E7
3100.0,414.80254238,0.002786688570600157,3100.0,57.87096774193549,21.94260083876133,-184.53159041394335,5.499276410998557,68.11257086084527,67.89577187807276,38.74296435272045,75.58659860935752,51.41474311243485,99.7584541062802,61.98361100394394,99.92764109985528,24.039580908032594,3100.0,2.609208E7
3200.0,429.025509381,0.002882699402905653,3200.0,57.96875,23.136598265858797,-190.49676025917933,3.0979827089337157,68.52519491065362,67.34644331148337,41.03463393248575,75.28701889933083,50.787257414866346,99.7867803837953,62.87788423001317,99.92795389048992,25.82781456953642,3200.0,2.6093504E7
3300.0,443.210583417,0.0029784634549872204,3300.0,58.78787878787879,24.724282557670282,-187.5264270613108,4.292751583391992,69.13998848543874,67.61904761904762,43.33333333333333,75.45278925641239,51.09751709247931,99.80806142034548,63.80196093045135,99.92962702322308,27.674294837679618,3300.0,2.609596E7
3400.0,457.510917619,0.0030750091553953724,3400.0,59.55882352941176,26.705940785298417,-188.2599580712789,3.644008409250168,69.80825791559457,67.44020838266636,46.64338377958867,75.21660555760832,50.92989985693849,99.50331125827815,65.12549765208023,99.78976874562018,30.461226558540293,3400.0,2.6096912E7
3500.0,471.598780706,0.0031701239296473903,3500.0,60.25714285714285,27.772334719780094,-186.21399176954725,5.502717391304344,70.23626536282589,67.86786786786789,47.92212654436541,75.47550394627041,51.41757087854393,99.53343701399689,65.67719052825657,99.7961956521739,31.558185404339252,3500.0,2.609788E7
3600.0,485.810970189,0.0032660838342200554,3600.0,60.97222222222223,28.887764140199927,-184.98985801217037,7.260726072607262,70.61602517582651,68.24858757062148,49.36936936936937,75.58269834155087,51.890034364261176,99.27536231884058,66.26184201153929,99.66996699669967,32.853717026378895,3600.0,2.609944E7
3700.0,500.038651435,0.0033621578198181033,3700.0,61.70270270270271,30.01258542685528,-185.11066398390346,9.224855861627173,71.06640763505214,68.71274011923163,50.64437478230581,75.87140795074603,52.42587601078167,99.31693989071039,66.8337686460442,99.67969250480462,33.98784478728378,3700.0,2.6102016E7
3800.0,514.305600345,0.0034585015708504855,3800.0,62.28947368421053,31.227930144328646,-176.64092664092672,9.589905362776033,71.53530618198187,68.8003483561942,52.344529431326905,75.94764130668385,52.52659574468085,99.36868686868688,67.60750831369143,99.6845425867508,35.53047404063206,3800.0,2.6103264E7
3900.0,528.432509943,0.0035539029203413373,3900.0,62.76923076923077,31.869975940096396,-171.4018691588786,11.30116065974342,71.79672651546464,69.21119592875317,52.918287937743195,76.19760437587698,53.00422215004872,99.39098660170524,67.8764464381591,99.69456322541234,36.05832965090588,3900.0,2.610416E7
4000.0,542.735533338,0.00365049939725495,4000.0,63.349999999999994,33.314516442679704,-174.018691588785,10.445937690897972,72.34246613567646,69.00634249471459,55.168195718654445,76.10651929116892,52.764306498545096,99.44873208379272,68.93318935709888,99.69456322541234,38.17181548878544,4000.0,2.6105728E7
4100.0,557.00726616,0.003746894977589253,4100.0,64.04878048780488,34.73767100935339,-174.48789571694599,10.503946569520348,72.88839032972224,69.02059688944937,57.17606042998257,76.13744763598555,52.78045644487304,99.49443882709808,69.90528183647349,99.69641772920461,40.11414594374236,4100.0,2.6108552E7
4200.0,571.206301544,0.0038428021235435888,4200.0,64.57142857142857,35.705608722704504,-172.02925045703836,10.79136690647481,73.21767002355828,69.06444906444906,58.55153203342619,76.10139592977154,52.864417568427754,99.33837429111531,70.54451225749258,99.58033573141488,41.5086887835703,4200.0,2.6109256E7
4300.0,585.54204743,0.003939638582485917,4300.0,65.09302325581395,36.79517260559435,-173.90510948905106,10.119760479041915,73.63656094484134,68.9040812098612,60.21733368672144,76.0320841269564,52.676591700981945,99.38757655293088,71.3873773365816,99.58083832335329,43.19391634980988,4300.0,2.6110848E7
4400.0,599.798527447,0.004035942942900063,4400.0,65.70454545454545,37.75541504264762,-170.43010752688167,11.651053864168633,74.01497292361078,69.27306047648136,61.19825147852917,76.26083368479478,53.10646269122697,99.41520467836257,71.89760797018488,99.59016393442623,44.205052005943536,4400.0,2.6111752E7
4500.0,614.094718066,0.004132520760946192,4500.0,66.26666666666667,38.66892442118852,-170.5882352941176,12.808730614589296,74.37312862039737,69.55475330926595,62.18236173393124,76.43914327282549,53.43605546995378,99.44223107569721,72.4158562890308,99.59793222286044,45.23378035520116,4500.0,2.611316E7
4600.0,628.435731447,0.004229405741850527,4600.0,66.82608695652173,39.69754620316006,-171.53024911032034,12.650257584430442,74.77100654951748,69.51658010387534,63.614687649022414,76.43430605408896,53.390610616753605,99.47800149142431,73.17855595822873,99.59931310818546,46.75779880827199,4600.0,2.6114336E7
4700.0,642.707362636,0.004325825357900632,4700.0,67.48936170212765,40.71782805495604,-170.44247787610624,14.589155953046385,75.17129221412254,69.99214454045561,64.53110492107707,76.72493997452696,53.950953678474114,99.49892627057982,73.67931703707089,99.60871995528228,47.7499141188595,4700.0,2.6115248E7
4800.0,657.103814999,0.004423180604606699,4800.0,68.02083333333333,41.583060990519144,-166.03119584055455,15.426997245179066,75.49141442449279,70.18838609438725,65.51336778252079,76.82672878793954,54.19916016796641,99.45429740791269,74.2017248778327,99.55922865013774,48.84422110552764,4800.0,2.614004E7
4900.0,671.455175289,0.004520237542026656,4900.0,68.44897959183673,42.30614861364617,-165.18010291595203,15.565264882577834,75.75655783026026,70.21194605009634,66.46420824295011,76.82914884397279,54.24233402798452,99.41596365996106,74.71350278030921,99.50846531949755,49.91854024112089,4900.0,2.6141824E7
5000.0,685.844654568,0.004617555967471829,5000.0,68.94,43.136165340258835,-162.77495769881563,15.551930396954875,76.08003303981336,70.20909265298293,67.55796950073115,76.84239364622454,54.238292827504445,99.44649446494465,75.3326507346623,99.510603588907,51.15469788041759,5000.0,2.6142816E7
5100.0,700.219963697,0.00471478528162788,5100.0,69.35294117647058,43.81427705066997,-163.5750421585159,15.604751619870402,76.34516076045477,70.22289959992379,68.43062007675216,76.86263707865615,54.253753311745655,99.47152084556666,75.83460564534148,99.51403887688986,52.1551724137931,5100.0,2.6144624E7
5200.0,714.641744654,0.004812333630059214,5200.0,69.86538461538461,44.63589765889561,-162.47906197654947,15.571120689655174,76.66609014975775,70.21478806310587,69.50768632029576,76.87118321000985,54.243759177679884,99.49860724233983,76.46208855799372,99.51508620689656,53.40909090909091,5200.0,2.6145888E7
5300.0,729.054052412,0.00490982136217633,5300.0,70.39622641509435,45.46183607424384,-160.19900497512438,15.73576799140709,76.98913735432177,70.25592417061613,70.53521126760563,76.90773191626332,54.292411368297685,99.52305246422894,77.0707153073409,99.51664876476907,54.62478184991274,5300.0,2.6146816E7
5400.0,743.46709181,0.0050073222761419615,5400.0,70.66666666666667,45.83224410142927,-160.09852216748774,15.923566878980896,77.07991965174453,70.25910627112279,71.06320789185239,76.8469943182189,54.35793143521208,99.33605720122574,77.31426128417498,99.3099787685775,55.31854379977247,5400.0,2.6149024E7
5500.0,757.998385164,0.005105634729573017,5500.0,71.14545454545454,46.559558433848835,-158.0487804878049,16.385669125395157,77.36642662637779,70.37521000560015,71.87666135034554,76.92928813047473,54.4955189361087,99.36305732484077,77.80856145368251,99.31506849315068,56.30205441421433,5500.0,2.6152104E7
5600.0,772.489869342,0.005203686398939192,5600.0,71.66071428571429,47.31887752077678,-157.21231766612632,16.47368421052633,77.66573838225162,70.39731393396754,72.82068847405378,76.95702693433367,54.52181450447847,99.39223936418887,78.38762446657184,99.31578947368422,57.45945945945946,5600.0,2.6154384E7
5700.0,786.961338239,0.005301606655086263,5700.0,72.08771929824562,47.94217550008507,-153.74800637958538,17.264690587623488,77.88606055878589,70.57518032180508,73.45236108793593,77.04387151993434,54.7646383467279,99.32310469314079,78.74686552196005,99.21996879875195,58.27376224516813,5700.0,2.6155456E7
5800.0,801.499523329,0.0053999818623606385,5800.0,72.51724137931035,48.577687949351485,-149.4522691705789,17.792676637442003,78.13722162532825,70.70929805218668,74.11497239363429,77.13566243549437,54.924350556665715,99.34697431432303,79.1651322337243,99.22640536358948,59.1038591038591,5800.0,2.6156392E7
5900.0,815.984585617,0.005498003600449278,5900.0,72.83050847457628,49.045332020760945,-147.75888717156107,18.50533807829182,78.31038361013127,70.88101725703903,74.53534551231135,77.23337859810673,55.144149236856975,99.32260795935647,79.41785067651335,99.18657854600916,59.64912280701754,5900.0,2.6157992E7
6000.0,830.485833026,0.005596147139581044,6000.0,73.15,49.4519622114458,-145.20547945205467,18.922999496728764,78.40253644055097,70.92582566323769,75.05805852299117,77.19519332839762,55.289814293753516,99.1005723630417,79.64824561744537,98.89280322093609,60.40368801395465,6000.0,2.6161264E7
6100.0,845.009284002,0.005694447263212748,6100.0,73.39344262295083,49.79060782155454,-141.87779433681072,19.930932412432178,78.47081959270635,71.12613413983276,75.33059735522116,77.25158006982463,55.62047857540345,98.88268156424581,79.7291620816013,98.61864824864331,60.83967591455929,6100.0,2.6162944E7
6200.0,859.541351076,0.005792812561051702,6200.0,73.62903225806451,50.055182199798985,-137.30043541364302,20.82324455205811,78.44893483468573,71.2401055408971,75.65152643335816,77.1944194612189,55.93922651933701,98.44961240310077,79.74489900483384,98.06295399515739,61.42684401451027,6200.0,2.6164768E7
6300.0,874.099518689,0.005891358747525902,6300.0,73.98412698412699,50.59996520942377,-134.47782546495,21.840724845016695,78.64877470734413,71.490694033745,76.07648518464457,77.3422169865951,56.27053669222344,98.41389728096676,80.00023486187568,97.99713876967095,62.00333095408042,6300.0,2.6165888E7
6400.0,888.639908807,0.00598978766522856,6400.0,74.359375,51.17232175833202,-132.10749646393205,22.557810287871646,78.88085884232893,71.68248490077654,76.57387580299785,77.47989099432921,56.50163220892275,98.45814977973568,80.33342339622192,98.01793298725813,62.6489138051857,6400.0,2.6166704E7
6500.0,903.244479599,0.006088656545136319,6500.0,74.73846153846154,51.781352173227525,-129.97198879551823,23.805104408352683,79.1165835912419,72.00818274803954,76.98345948976731,77.68505617257775,56.91188358932903,98.45822875582645,80.60185988642037,98.0046403712297,63.199079401611044,6500.0,2.616816E7
6600.0,917.852848076,0.006187563499841918,6600.0,74.89393939393939,51.96658453348794,-129.50138504155132,24.33789954337898,79.11823902194517,72.08087615838248,77.1920165175499,77.66490755917405,57.11615487316421,98.21366024518389,80.62699965831082,97.67123287671234,63.5827664399093,6600.0,2.6171432E7
6700.0,932.446335556,0.0062863742321575865,6700.0,75.26865671641791,52.57566603126088,-126.6757865937072,25.461088618983375,79.36555194326071,72.38793534410931,77.60508176780645,77.87267798113578,57.490735839068286,98.25462012320328,80.91678354836249,97.70580296896087,64.12776412776412,6700.0,2.6172632E7
6800.0,946.987949957,0.006384841653244292,6800.0,75.54411764705883,52.989117872915145,-125.03382949932342,25.858225590726715,79.53586429926594,72.49875971556143,77.98225870515027,77.96064223029934,57.623554153522605,98.29773030707611,81.17605490702746,97.72625947391886,64.62585034013605,6800.0,2.6174736E7
6900.0,961.697845253,0.006484452533119688,6900.0,75.8840579710145,53.45052598035222,-124.56140350877195,25.87973273942096,79.72534221826552,72.50495703899537,78.52348993288591,77.99089787381813,57.63068032571579,98.35111542192047,81.53868604058667,97.728285077951,65.34908700322234,6900.0,2.6175776E7
7000.0,976.266086144,0.00658311002219789,7000.0,76.08571428571429,53.761449644450884,-123.49799732977303,26.54673102237826,79.827774463981,72.66492488569563,78.7455561198578,78.07789563493455,57.86736020806242,98.28843106180666,81.65788794458749,97.6305397103993,65.68523617877568,7000.0,2.6177328E7
7100.0,990.903993709,0.006682242693510594,7100.0,76.4225352112676,54.251605316227206,-122.60638297872337,26.9633507853403,80.02829698423753,72.78048780487805,79.20496894409938,78.17184638248187,58.009331259720064,98.33436150524368,81.97506773179082,97.64397905759162,66.30615640599001,7100.0,2.6178224E7
7200.0,1005.451298873,0.006780764124253927,7200.0,76.72222222222223,54.680706514085095,-122.57636122177946,27.288503253796097,80.2045194943885,72.87147944318549,79.61566528825105,78.24861815295692,58.120320165246575,98.37691614066728,82.26070695007301,97.65726681127983,66.86414708886619,7200.0,2.6178848E7
7300.0,1020.063275174,0.006879734879798621,7300.0,76.94520547945206,55.0337765478923,-122.32496697490092,27.984595635430033,80.33334910411544,73.05044035228183,79.85637342908439,78.35825399277726,58.36745138178097,98.34905660377359,82.4105871683233,97.60376551133932,67.21740882530727,7300.0,2.6181848E7
7400.0,1034.731636963,0.0069790888240962344,7400.0,77.25675675675676,55.43637444122821,-122.32496697490085,27.984595635430065,80.49932434374867,73.05044035228183,80.32729398012857,78.38189293029482,58.36745138178097,98.3963344788087,82.73433387160883,97.60376551133932,67.86490223187833,7400.0,2.6182184E7
7500.0,1049.389457229,0.007078373884852349,7500.0,77.52,55.76349066604405,-122.13438735177876,27.917913638306956,80.63527254964495,73.03262955854126,80.72702331961591,78.39139420106868,58.343981599795555,98.43880680234179,83.01139395268837,97.60581445061992,68.41697345475683,7500.0,2.6182848E7
7600.0,1064.289860841,0.007179304062748295,7600.0,77.81578947368422,56.13311055259972,-122.13438735177856,27.91791363830699,80.7878600303749,73.03262955854126,81.15780062583818,78.4125657931172,58.343981599795555,98.48114998643884,83.31155577121379,97.60581445061992,69.01729709180763,7600.0,2.618336E7
7700.0,1079.281847351,0.007280858563023861,7700.0,78.05194805194805,56.40167070754464,-122.66139657444015,27.74690038477982,80.90039769366672,72.98593350383632,81.51793525809273,78.40204734630038,58.28440132754659,98.5196933650542,83.56321313838589,97.60581445061992,69.52061182615184,7700.0,2.6184384E7
7800.0,1094.105408607,0.007381273391450746,7800.0,78.33333333333333,56.74213897816808,-122.66139657444003,27.74690038477981,81.04113324759459,72.98593350383632,81.91352739726027,78.42110872455103,58.28440132754659,98.5578161215555,83.84227730405011,97.60581445061992,70.07874015748031,7800.0,2.6184704E7
7900.0,1109.006072974,0.0074822127676893845,7900.0,78.60759493670886,57.06890911168752,-122.66139657444003,27.746900384779806,81.17629704453097,72.98593350383632,82.29253981559094,78.43921296605801,58.28440132754659,98.59402460456941,84.11130499549517,97.60581445061992,70.61679554037043,7900.0,2.6185288E7
8000.0,1123.841359206,0.007582713253871287,8000.0,78.8375,57.32054714403119,-123.05665349143595,27.61864044463449,81.2816639722271,72.95095063109123,82.61985422441228,78.43362344937975,58.23979591836734,98.62745098039215,84.34433100202784,97.60581445061992,71.08284755343578,8000.0,2.6186328E7
8100.0,1138.636646033,0.007682945584290464,8100.0,79.09876543209876,57.622865661273394,-123.05665349143608,27.618640444634458,81.4068638811756,72.95095063109123,82.9695201689971,78.45004149985353,58.23979591836734,98.66028708133972,84.59530437858196,97.60581445061992,71.584794306544,8100.0,2.6187064E7
8200.0,1153.506256421,0.007783683612982008,8200.0,79.35365853658537,57.91371137608516,-123.05665349143612,27.61864044463448,81.52738634350297,72.95095063109123,83.30539394537027,78.46569235170703,58.23979591836734,98.69158878504672,84.83771357234971,97.60581445061992,72.06961269407951,8200.0,2.6187632E7
8300.0,1168.23492583,0.007883469117162622,8300.0,79.60240963855422,58.19372520598335,-123.05665349143602,27.61864044463447,81.64348930914522,72.95095063109123,83.62827579537762,78.48062855279098,58.23979591836734,98.72146118721462,85.07198959404003,97.60581445061992,72.53816473746015,8300.0,2.618824E7
8400.0,1183.086547304,0.007984126339927893,8400.0,79.82142857142858,58.42347226555342,-123.32015810276688,27.53313381787092,81.7396278898179,72.92764734068041,83.91688015940792,78.47976930219677,58.210096889342175,98.74944171505136,85.28203608193428,97.60581445061992,72.95825771324864,8400.0,2.619832E7
8500.0,1197.948805616,0.008084858545466667,8500.0,80.01176470588234,58.604535279260794,-123.84716732542816,27.362120564343712,81.8164365367567,72.88108539505187,84.17326502095948,78.46323914143174,58.15078960774325,98.77568867512025,85.4690328542663,97.60581445061992,73.33225125791267,8500.0,2.6199072E7
8600.0,1212.670966766,0.008184642887654683,8600.0,80.24418604651163,58.85639277730527,-123.84716732542829,27.362120564343734,81.92102325041932,72.88108539505187,84.46273433927755,78.47633618170646,58.15078960774325,98.80188275566965,85.6820000219878,97.60581445061992,73.75818559335569,8600.0,2.6199512E7
8700.0,1227.454405004,0.008284844605605251,8700.0,80.47126436781609,59.09951811405482,-123.84716732542829,27.362120564343726,82.02203730529973,72.88108539505187,84.74180511899417,78.488884539942,58.15078960774325,98.82697947214076,85.88827116179793,97.60581445061992,74.17072787297595,8700.0,2.6200048E7
8800.0,1242.22770985,0.008384981002957925,8800.0,80.67045454545455,59.32915162557868,-122.93577981651379,27.4626865671642,82.11747954156783,72.90969899665552,84.9748255454465,78.5171053998037,58.18505338078291,98.84915741882449,86.06390973097334,97.61194029850746,74.5158791634392,8800.0,2.6200928E7
8900.0,1256.991017654,0.00848505345765068,8900.0,80.88764044943821,59.590828747155264,-122.35294117647058,27.64780944279029,82.22544156319901,72.96137339055794,85.22026240333652,78.55984935320124,58.24873096446701,98.87096774193549,86.24984810055713,97.61803487877498,74.88166132233928,8900.0,2.6201928E7
9000.0,1271.777572344,0.008585288998793359,9000.0,81.05555555555556,59.735307336240126,-122.8758169934641,27.47766907698853,82.28721170827478,72.91501191421763,85.4335753951303,78.54103011785247,58.189655172413794,98.89240506329115,86.40865648285268,97.61803487877498,75.19927808693036,9000.0,2.6203368E7
9100.0,1286.565827173,0.008685543134842285,9100.0,81.21978021978022,59.87373148108682,-123.39869281045736,27.30752871118675,82.34648856815488,72.86870931893951,85.63986219645406,78.52187128320338,58.130699088145896,98.91304347826086,86.56275873439417,97.61803487877498,75.50748259001332,9100.0,2.6205216E7
9200.0,1301.340332427,0.00878570690198402,9200.0,81.34782608695652,59.950064423590874,-124.31372549019596,27.00978307103359,82.38119871813517,72.78782112274024,85.81114602282122,78.48006469348329,58.02781289506953,98.93231649189704,86.69045998574462,97.61803487877498,75.76288509271426,9200.0,2.620596E7
9300.0,1316.11912986,0.008885908087425004,9300.0,81.33333333333333,59.88993134124564,-123.13624678663247,27.120067170445004,82.30844362545268,72.75580665411175,85.80307491004253,78.44498251277912,58.0952380952381,98.79472693032015,86.57217363822191,97.31318219983207,75.83116507661174,9300.0,2.6208136E7
9324.0,1320.511418337,0.008915688182319128,9324.0,81.37065637065636,59.940258855208405,-122.1227621483376,27.23083368244657,82.32283932615213,72.77856135401973,85.84005869405723,78.45884680679556,58.13720580871306,98.78048780487805,86.58713930189468,97.27691663175534,75.89736197203402,9324.0,2.6208224E7
