learning evaluation instances,evaluation time (cpu seconds),model cost (RAM-Hours),classified instances,classifications correct (percent),Kappa Statistic (percent),Kappa Temporal Statistic (percent),Kappa M Statistic (percent),F1 Score (percent),F1 Score for class 0 (percent),F1 Score for class 1 (percent),Precision (percent),Precision for class 0 (percent),Precision for class 1 (percent),Recall (percent),Recall for class 0 (percent),Recall for class 1 (percent),model training instances,model serialized size (bytes),tree size (nodes),tree size (leaves),active learning leaves,tree depth,active leaf byte size estimate,inactive leaf byte size estimate,byte size estimate overhead
100.0,0.590607624,5.12276373013854E-9,100.0,100.0,?,?,?,?,100.0,?,?,100.0,?,?,100.0,?,100.0,33528.0,1.0,1.0,1.0,0.0,0.0,0.0,1.0
200.0,0.773878673,7.685685799926933E-9,200.0,97.0,0.0,-50.0,0.0,?,98.47715736040608,?,?,97.0,?,50.0,100.0,0.0,200.0,54056.0,1.0,1.0,1.0,0.0,0.0,0.0,1.0
300.0,0.892418609,9.397359696835692E-9,300.0,98.0,0.0,-50.00000000000042,0.0,?,98.98989898989899,?,?,98.0,?,50.0,100.0,0.0,300.0,55816.0,1.0,1.0,1.0,0.0,0.0,0.0,1.0
400.0,0.99052084,1.0845593647559482E-8,400.0,98.5,0.0,-50.0,0.0,?,99.24433249370279,?,?,98.5,?,50.0,100.0,0.0,400.0,57064.0,1.0,1.0,1.0,0.0,0.0,0.0,1.0
500.0,1.095804651,1.2439066931843341E-8,500.0,98.4,0.0,-33.33333333333333,0.0,?,99.19354838709677,?,?,98.4,?,50.0,100.0,0.0,500.0,58504.0,1.0,1.0,1.0,0.0,0.0,0.0,1.0
600.0,1.179813183,1.3876752800459247E-8,600.0,98.33333333333333,0.0,-25.00000000000063,0.0,?,99.15966386554621,?,?,98.33333333333333,?,50.0,100.0,0.0,600.0,66152.0,1.0,1.0,1.0,0.0,0.0,0.0,1.0
700.0,1.266468696,1.5546433760997734E-8,700.0,96.85714285714285,0.0,-83.33333333333377,0.0,?,98.4034833091437,?,?,96.85714285714285,?,50.0,100.0,0.0,700.0,74480.0,1.0,1.0,1.0,0.0,0.0,0.0,1.0
800.0,1.349826251,1.720673999391703E-8,800.0,84.75,0.0,-838.461538461539,0.0,?,91.74560216508796,?,?,84.75,?,50.0,100.0,0.0,800.0,76992.0,1.0,1.0,1.0,0.0,0.0,0.0,1.0
900.0,1.464388178,1.986792816557197E-8,900.0,77.66666666666666,0.0,-617.8571428571435,0.0,?,87.4296435272045,?,?,77.66666666666666,?,50.0,100.0,0.0,900.0,89792.0,1.0,1.0,1.0,0.0,0.0,0.0,1.0
1000.0,1.597718662,2.3066918352066225E-8,1000.0,74.3,0.0,-301.56250000000034,0.0,?,85.25530694205393,?,?,74.3,?,50.0,100.0,0.0,1000.0,92744.0,1.0,1.0,1.0,0.0,0.0,0.0,1.0
1100.0,1.730891277,2.6306494781008608E-8,1100.0,70.45454545454545,0.0,-238.5416666666666,0.0,?,82.66666666666667,?,?,70.45454545454545,?,50.0,100.0,0.0,1100.0,94032.0,1.0,1.0,1.0,0.0,0.0,0.0,1.0
1200.0,1.863687831,2.9586118830212698E-8,1200.0,70.08333333333333,0.0,-206.83760683760676,0.0,?,82.41058304752573,?,?,70.08333333333333,?,50.0,100.0,0.0,1200.0,95464.0,1.0,1.0,1.0,0.0,0.0,0.0,1.0
1300.0,1.98177494,3.2556969333086156E-8,1300.0,67.76923076923077,0.0,-235.20000000000005,0.0,?,80.7886290692343,?,?,67.76923076923077,?,50.0,100.0,0.0,1300.0,97248.0,1.0,1.0,1.0,0.0,0.0,0.0,1.0
1400.0,2.084937459,3.51952597567439E-8,1400.0,65.85714285714286,0.0,-229.6551724137932,0.0,?,79.41429801894918,?,?,65.85714285714286,?,50.0,100.0,0.0,1400.0,98856.0,1.0,1.0,1.0,0.0,0.0,0.0,1.0
1500.0,2.174290436,3.749499243432448E-8,1500.0,64.33333333333333,0.0,-198.88268156424593,0.0,?,78.29614604462475,?,?,64.33333333333333,?,50.0,100.0,0.0,1500.0,99488.0,1.0,1.0,1.0,0.0,0.0,0.0,1.0
1600.0,2.292617007,4.05592928499956E-8,1600.0,62.875,0.0,-166.36771300448424,0.0,?,77.20644666155026,?,?,62.875,?,50.0,100.0,0.0,1600.0,100104.0,1.0,1.0,1.0,0.0,0.0,0.0,1.0
1700.0,2.39554538,4.323036504548042E-8,1700.0,61.588235294117645,0.0,-172.08333333333326,0.0,?,76.22861303239898,?,?,61.588235294117645,?,50.0,100.0,0.0,1700.0,100312.0,1.0,1.0,1.0,0.0,0.0,0.0,1.0
1800.0,2.48362759,4.5518355185298445E-8,1800.0,61.111111111111114,0.0,-146.47887323943655,0.0,?,75.86206896551725,?,?,61.111111111111114,?,50.0,100.0,0.0,1800.0,100408.0,1.0,1.0,1.0,0.0,0.0,0.0,1.0
1900.0,2.581426421,4.806967046467586E-8,1900.0,59.578947368421055,0.0,-154.30463576158942,0.0,?,74.67018469656993,?,?,59.578947368421055,?,50.0,100.0,0.0,1900.0,100840.0,1.0,1.0,1.0,0.0,0.0,0.0,1.0
2000.0,2.660621979,5.015567132661946E-8,2000.0,59.599999999999994,0.0,-141.9161676646706,0.0,?,74.68671679197995,?,?,59.599999999999994,?,50.0,100.0,0.0,2000.0,101816.0,1.0,1.0,1.0,0.0,0.0,0.0,1.0
2100.0,2.748162912,5.246203182363468E-8,2100.0,57.99999999999999,0.0,-137.73584905660383,0.0,?,73.41772151898734,?,?,57.99999999999999,?,50.0,100.0,0.0,2100.0,101840.0,1.0,1.0,1.0,0.0,0.0,0.0,1.0
2200.0,2.8321239,5.46742485664433E-8,2200.0,56.59090909090909,0.0,-139.9497487437186,0.0,?,72.27866473149493,?,?,56.59090909090909,?,50.0,100.0,0.0,2200.0,101848.0,1.0,1.0,1.0,0.0,0.0,0.0,1.0
2300.0,2.919301586,5.6971941045822775E-8,2300.0,55.869565217391305,0.0,-149.38574938574936,0.0,?,71.68758716875871,?,?,55.869565217391305,?,50.0,100.0,0.0,2300.0,101880.0,1.0,1.0,1.0,0.0,0.0,0.0,1.0
2400.0,2.999956928,5.909789475431251E-8,2400.0,55.50000000000001,0.0,-147.79582366589327,0.0,?,71.38263665594855,?,?,55.50000000000001,?,50.0,100.0,0.0,2400.0,101888.0,1.0,1.0,1.0,0.0,0.0,0.0,1.0
2500.0,3.103072499,6.181607978305054E-8,2500.0,55.279999999999994,0.0,-143.5729847494554,0.0,?,71.20041215868109,?,?,55.279999999999994,?,50.0,100.0,0.0,2500.0,101896.0,1.0,1.0,1.0,0.0,0.0,0.0,1.0
2600.0,3.19773915,6.43174241602607E-8,2600.0,53.15384615384615,0.0,-165.35947712418303,0.0,?,69.4123556002009,?,?,53.15384615384615,?,50.0,100.0,0.0,2600.0,102136.0,1.0,1.0,1.0,0.0,0.0,0.0,1.0
2700.0,3.294023153,6.686170254331701E-8,2700.0,51.18518518518519,0.0,-187.14596949891057,0.0,?,67.71190592846644,?,?,51.18518518518519,?,50.0,100.0,0.0,2700.0,102144.0,1.0,1.0,1.0,0.0,0.0,0.0,1.0
2800.0,3.395419411,6.954107086322578E-8,2800.0,50.535714285714285,2.297987610639083,-201.74291938997823,-0.21707670043416166,60.82115544454096,66.61846228006749,4.548587181254306,74.97289483194795,49.945789663895916,100.0,51.163610719322996,100.0,2.32722143864598,2800.0,102144.0,1.0,1.0,1.0,0.0,0.0,0.0,1.0
2900.0,3.492664253,7.211637439092205E-8,2900.0,52.241379310344826,8.385096001197056,-201.74291938997828,-0.21707670043416083,63.03777325153208,66.61846228006749,16.1114476075106,74.97289483194795,49.945789663895916,100.0,54.38076416337287,100.0,8.761528326745719,2900.0,102368.0,1.0,1.0,1.0,0.0,0.0,0.0,1.0
3000.0,3.657396676,7.64789295799968E-8,3000.0,53.833333333333336,13.419678883903604,-201.74291938997814,-0.21707670043415359,64.8916724314456,66.61846228006749,25.175580767152887,74.97289483194795,49.945789663895916,100.0,57.200247218788626,100.0,14.400494437577255,3000.0,102368.0,1.0,1.0,1.0,0.0,0.0,0.0,1.0
3100.0,3.79727652,8.021285060600479E-8,3100.0,55.32258064516129,17.653002198732924,-201.7429193899782,-0.2170767004341552,66.46515035148911,66.61846228006749,32.47196489517308,74.97289483194795,49.945789663895916,100.0,59.69150174621654,100.0,19.383003492433062,3100.0,103184.0,1.0,1.0,1.0,0.0,0.0,0.0,1.0
3200.0,3.903749541,8.307088314542959E-8,3200.0,56.53125,20.723914335093905,-200.43196544276464,-0.21613832853026757,67.32831510866097,66.5222623345367,38.04008908685969,74.28005418529668,49.945789663895916,98.61431870669746,61.56642237787151,99.56772334293949,23.56512141280353,3200.0,103760.0,1.0,1.0,1.0,0.0,0.0,0.0,1.0
3300.0,4.032966745,8.654157235587428E-8,3300.0,56.84848484848485,21.10917226746999,-201.05708245243133,-0.21111893033074142,66.2016672306703,65.99808978032475,40.96185737976783,71.31435824658212,49.945789663895916,92.6829268292683,61.77301700074792,97.25545390570021,26.290580095795633,3300.0,103824.0,1.0,1.0,1.0,0.0,0.0,0.0,1.0
3400.0,4.16118157,8.655855502053887E-8,3400.0,57.94117647058824,23.584481897443535,-199.79035639413001,-0.2102312543798118,67.12831098350294,65.90367191225562,45.126630851880286,71.41839246227971,49.945789663895916,92.89099526066352,63.32443132960701,96.84653118430273,29.802331474911302,3400.0,512.0,3.0,2.0,2.0,1.0,0.0,0.0,1.0
3500.0,4.300000762,8.854639059801688E-8,3500.0,58.74285714285714,24.790771318706163,-197.11934156378592,1.9021739130434798,67.61276764263296,66.35601118359739,46.6765140324963,71.71881518564874,50.49645390070921,92.94117647058823,63.9514192607838,96.73913043478261,31.163708086785007,3500.0,55352.0,3.0,2.0,2.0,1.0,0.0,0.0,1.0
3600.0,4.448522209,9.090891970702549E-8,3600.0,58.30555555555556,24.089683074848274,-204.46247464503048,0.9240924092409104,67.3432212764981,66.15558060879368,45.714285714285715,71.59045124899275,50.23972602739726,92.94117647058823,63.571716883918604,96.83168316831683,30.31175059952038,3600.0,61488.0,3.0,2.0,2.0,1.0,0.0,0.0,1.0
3700.0,4.595665185,9.328728295738704E-8,3700.0,58.648648648648646,24.530364496609135,-207.8470824949699,1.9859064702114089,67.44168643718972,66.34403871535416,46.39103013314646,71.55333778449356,50.51926298157454,92.58741258741259,63.77689107957851,96.6047405509289,30.949041608228146,3700.0,62480.0,3.0,2.0,2.0,1.0,0.0,0.0,1.0
3800.0,4.724269315,9.53761054071308E-8,3800.0,59.5,26.129057520860744,-197.1042471042472,2.902208201892743,68.02231070144612,66.47789152690046,48.85343968095713,71.66720295764475,50.765136393878905,92.56926952141058,64.73022338372581,96.27760252365931,33.182844243792324,3800.0,62784.0,3.0,2.0,2.0,1.0,0.0,0.0,1.0
3900.0,4.829073541,9.711003139260121E-8,3900.0,59.87179487179487,26.4737061733416,-192.52336448598143,4.398289554062299,67.96197632554396,66.69504149819112,49.532408900354724,71.4112400992067,51.17570215545395,91.64677804295943,64.83056829595974,95.72388515577276,33.93725143614671,3900.0,63952.0,3.0,2.0,2.0,1.0,0.0,0.0,1.0
4000.0,4.923530955,9.867277529049457E-8,4000.0,58.8,25.35614922881986,-208.03738317757006,-0.6719609040928601,67.49671666179042,65.53743203680467,48.788067122436296,70.81899236697998,49.82511923688394,91.81286549707602,64.47218379667605,95.72388515577276,33.22048243757935,4000.0,63952.0,3.0,2.0,2.0,1.0,0.0,0.0,1.0
4100.0,5.056087221,1.0152837209112735E-7,4100.0,59.731707317073166,27.186074319233732,-207.4487895716946,-0.24286581663630863,68.3101120846015,65.62565063501977,51.39829261112746,71.20772110158751,49.93662864385298,92.47881355932203,65.63910317861652,95.68913175470553,35.58907460252752,4100.0,83272.0,5.0,3.0,3.0,2.0,0.0,0.0,1.0
4200.0,5.178072538,1.0419360825205015E-7,4200.0,60.523809523809526,28.576000157543895,-203.10786106032901,0.5995203836930435,68.8663358686998,65.77208918249381,53.374578177727784,71.41660599023929,50.157430730478595,92.67578125,66.49192494345755,95.50359712230215,37.480252764612956,4200.0,84456.0,5.0,3.0,3.0,2.0,0.0,0.0,1.0
4300.0,5.299072851,1.0686712356025974E-7,4300.0,61.34883720930232,30.17980171399764,-203.28467153284672,0.47904191616765185,69.58493229107535,65.74608408903546,55.65635005336179,71.70864961562636,50.12570710245129,93.29159212880143,67.58338835636711,95.50898203592814,39.657794676806084,4300.0,85408.0,5.0,3.0,3.0,2.0,0.0,0.0,1.0
4400.0,5.395535184,1.091244416911217E-7,4400.0,61.909090909090914,30.97509472391536,-200.35842293906802,1.87353629976582,69.83245021921468,65.99025974025975,56.71487603305785,71.7738709337825,50.49689440993789,93.05084745762711,67.99329090270069,95.19906323185012,40.78751857355126,4400.0,90456.0,5.0,3.0,3.0,2.0,0.0,0.0,1.0
4500.0,5.539570853,1.125770016621819E-7,4500.0,61.266666666666666,30.0578014064236,-210.6951871657753,-0.11487650775417076,69.47037342263684,65.56016597510373,55.75019040365574,71.5103634878497,49.96987951807229,93.05084745762711,67.5435455453709,95.29006318207927,39.79702790866256,4500.0,92656.0,5.0,3.0,3.0,2.0,0.0,0.0,1.0
4600.0,5.659345947,1.1545621172038838E-7,4600.0,62.0,31.39416563725493,-211.03202846975094,-0.05724098454493677,70.06972421738513,65.57699881843246,57.593401261523525,71.7616042813894,49.98498949264485,93.53821907013396,68.45578349625848,95.30623926731539,41.60532772520154,4600.0,92920.0,5.0,3.0,3.0,2.0,0.0,0.0,1.0
4700.0,5.751542013,1.1770184879275039E-7,4700.0,62.21276595744681,31.36310898671945,-214.33628318584073,0.7266629401900528,69.64738607753532,65.40708998831322,58.368495077355846,71.03811934980337,50.19431988041853,91.88191881918819,68.31006077638855,93.85131358300727,42.76880796976984,4700.0,94152.0,5.0,3.0,3.0,2.0,0.0,0.0,1.0
4800.0,5.845879688,1.2013202337678523E-7,4800.0,62.708333333333336,32.048809074710725,-210.22530329289418,1.3774104683195687,69.80507521684451,65.41731066460586,59.53887884267631,70.94690166131188,50.37191312109491,91.52189020152885,68.69941996483797,93.27823691460055,44.120603015075375,4800.0,99576.0,5.0,3.0,3.0,2.0,0.0,0.0,1.0
4900.0,5.955599338,1.2203537789055457E-7,4900.0,63.26530612244898,32.92852172788904,-208.74785591766724,1.6930638995084857,70.13755845847014,65.42451018056089,60.8184588593818,71.03290831815421,50.45925925925926,91.60655737704919,69.26449890280689,93.00928454396504,45.51971326164875,4900.0,67056.0,7.0,4.0,4.0,3.0,0.0,0.0,1.0
5000.0,6.066300964,1.2542137564177315E-7,5000.0,63.82,33.852257316401065,-206.0913705583757,1.6313213703099523,70.54244397773017,65.3912378037115,62.09930861093652,71.18911147503523,50.442739079102715,91.93548387096774,69.90741911472388,92.93094072865688,46.88389750079089,5000.0,118232.0,7.0,4.0,4.0,3.0,0.0,0.0,1.0
5100.0,6.157347383,1.2822973918865124E-7,5100.0,64.3921568627451,34.72601785858262,-206.2394603709948,1.94384449244061,70.88600611886802,65.40952380952382,63.31313131313131,71.29893923915984,50.529723366686284,92.06815511163337,70.47782852248667,92.71058315334774,48.245073891625616,5100.0,119232.0,7.0,4.0,4.0,3.0,0.0,0.0,1.0
5200.0,6.258759747,1.3137316599692735E-7,5200.0,64.96153846153845,35.61991450055013,-205.1926298157455,1.8318965517241252,71.27492121232318,65.36121673003802,64.55252918287938,71.4356750475662,50.4994124559342,92.37193763919822,71.11488925094869,92.61853448275862,49.61124401913876,5200.0,119816.0,7.0,4.0,4.0,3.0,0.0,0.0,1.0
5300.0,6.399693007,1.357588105614566E-7,5300.0,65.58490566037736,36.56529748009266,-202.48756218905476,2.0408163265305994,71.68357565937804,65.38899430740038,65.77861163227017,71.60539434634588,50.5575117370892,92.65327695560254,71.76192788128387,92.53490870032223,50.988947062245494,5300.0,120288.0,7.0,4.0,4.0,3.0,0.0,0.0,1.0
5400.0,6.50773348,1.3915307648994854E-7,5400.0,65.92592592592592,36.921398577531825,-202.1346469622333,2.335456475583858,71.70479712731806,65.29611467370803,66.53328483084758,71.46208799027409,50.643651258045644,92.28052472250252,71.94916052549583,91.87898089171973,52.0193401592719,5400.0,121440.0,7.0,4.0,4.0,3.0,0.0,0.0,1.0
5500.0,6.601581333,1.4213447711127912E-7,5500.0,66.30909090909091,37.3801858041683,-201.3008130081301,2.3709167544783973,71.82129506717115,65.18880330640617,67.3595208737009,71.40075630991119,50.65693430656935,92.144578313253,72.24681698318871,91.41201264488936,53.08162132148806,5500.0,122800.0,7.0,4.0,4.0,3.0,0.0,0.0,1.0
5600.0,6.692957165,1.4503772368634326E-7,5600.0,66.875,38.18506396905681,-200.64829821717987,2.3684210526315703,72.17199372899601,65.1643192488263,68.42553191489361,71.53536370500882,50.65693430656935,92.41379310344827,72.82005689900426,91.3157894736842,54.32432432432432,5600.0,122816.0,7.0,4.0,4.0,3.0,0.0,0.0,1.0
5700.0,6.781868402,1.4787922471069626E-7,5700.0,67.15789473684211,38.42670253595152,-198.56459330143542,2.6521060842433584,72.15133586707131,65.0615901455767,69.01688182720955,71.39766910552648,50.74235807860262,92.05298013245033,72.92108364239256,90.6396255850234,55.20254169976172,5700.0,123536.0,7.0,4.0,4.0,3.0,0.0,0.0,1.0
5800.0,6.879284002,1.5099412830475303E-7,5800.0,67.48275862068965,38.77819436305827,-195.14866979655702,2.7333677153171836,72.23294829308166,64.97028231797918,69.65894465894465,71.3506451086069,50.76923076923077,91.93205944798302,73.13734533951141,90.20113460546673,56.07355607355608,5800.0,123600.0,7.0,4.0,4.0,3.0,0.0,0.0,1.0
5900.0,6.968183212,1.5383818874101671E-7,5900.0,67.67796610169492,38.86401711653205,-194.74497681607417,3.050330452465702,72.1312007112538,64.84792626728111,70.08627450980391,71.17497249076197,50.86755349913245,91.48239148239148,73.11347247379886,89.42552109811896,56.80142384947877,5900.0,123664.0,7.0,4.0,4.0,3.0,0.0,0.0,1.0
6000.0,7.057919148,1.5670994627642134E-7,6000.0,67.98333333333333,39.19690538308375,-192.38964992389643,3.321590337191749,72.2139258191888,64.81040483605055,70.63140192631097,71.16352155398704,50.95046082949308,91.37658227848101,73.29580348517544,89.02868646200301,57.56292050834787,6000.0,123704.0,7.0,4.0,4.0,3.0,0.0,0.0,1.0
6100.0,7.160345602,1.6017077053422728E-7,6100.0,68.06557377049181,39.11086947944374,-190.3129657228018,3.897385298470658,72.01946881341827,64.72292647591452,70.82958969751422,70.95856707827744,51.13018597997139,90.7869481765835,73.11257512895818,88.15984213122842,58.065308126687945,6100.0,130608.0,7.0,4.0,4.0,3.0,0.0,0.0,1.0
6200.0,7.249760861,1.6319862950793155E-7,6200.0,68.11290322580645,38.92280018137697,-186.93759071117572,4.261501210653744,71.75964573355597,64.53811659192826,71.03296703296704,70.68254270856501,51.25356125356125,90.11152416356877,72.87008382349927,87.11864406779661,58.62152357920194,6200.0,130896.0,7.0,4.0,4.0,3.0,0.0,0.0,1.0
6300.0,7.339841666,1.662520086998244E-7,6300.0,68.14285714285714,38.6679030002043,-187.12446351931345,4.291845493562216,71.46798700929112,64.24371993586317,71.27522541863462,70.35975932682123,51.27986348122867,89.4396551724138,72.61168448042936,85.97997138769671,59.24339757316203,6300.0,131024.0,7.0,4.0,4.0,3.0,0.0,0.0,1.0
6400.0,7.427951753,1.6923950019515428E-7,6400.0,68.390625,38.88451783287008,-186.1386138613861,4.530438886267111,71.49236473578581,64.162976085031,71.72606568832984,70.32227244397025,51.36131593874078,89.28322894919972,72.70205421653611,85.4648419065597,59.939266526512505,6400.0,131064.0,7.0,4.0,4.0,3.0,0.0,0.0,1.0
6500.0,7.527190256,1.7260821797115726E-7,6500.0,68.38461538461539,38.57762188370237,-187.81512605042022,4.640371229698392,71.1844128510587,63.877658639479705,71.89167008617152,70.00950405291283,51.414827391058296,88.60418071476737,72.39942969890987,84.3155452436195,60.48331415420023,6500.0,131216.0,7.0,4.0,4.0,3.0,0.0,0.0,1.0
6600.0,7.619576625,1.757468210904093E-7,6600.0,68.22727272727272,38.00276833349011,-190.44321329639894,4.246575342465739,70.75222631910547,63.43504795117698,71.90890823844607,69.5838402212378,51.31170662905501,87.85597381342062,71.96051936756437,83.05936073059361,60.86167800453515,6600.0,131320.0,7.0,4.0,4.0,3.0,0.0,0.0,1.0
6700.0,7.723356528,1.7927270671469883E-7,6700.0,68.25373134328359,37.78208041487869,-190.97127222982212,4.3184885290148625,70.52384707823282,63.18158213605677,72.09759937032663,69.34980275262672,51.350590883511536,87.3490146217419,71.73832747995428,82.09626630679261,61.38038865311592,6700.0,131328.0,7.0,4.0,4.0,3.0,0.0,0.0,1.0
6800.0,7.822068501,1.8262702408816458E-7,6800.0,68.45588235294117,37.906126118762515,-190.257104194858,4.369148461881407,70.51713758131623,63.03636050318801,72.4894190073105,69.29931335830213,51.37640449438202,87.22222222222223,71.77853005928472,81.54257690592955,62.014483212639895,6800.0,131352.0,7.0,4.0,4.0,3.0,0.0,0.0,1.0
6900.0,7.917548065,1.8587189664587586E-7,6900.0,68.88405797101449,38.47815632560817,-189.74358974358984,4.365256124721608,70.79835076833281,63.040110173868136,73.13227380803404,69.4823938828735,51.37485970819304,87.58992805755396,72.1651168966004,81.55902004454343,62.77121374865736,6900.0,131368.0,7.0,4.0,4.0,3.0,0.0,0.0,1.0
7000.0,8.020669356,1.8939397373561645E-7,7000.0,68.92857142857143,38.3121424231428,-190.38718291054744,4.563405002193957,70.61350471998911,62.839569451563314,73.30305633975696,69.30599343837294,51.454952434247346,87.15703444249854,71.97129905785387,80.69328652917946,63.24931158652828,7000.0,132024.0,7.0,4.0,4.0,3.0,0.0,0.0,1.0
7100.0,8.159848161,1.9415853023441094E-7,7100.0,69.22535211267605,38.640578830135475,-190.55851063829786,4.668411867364721,70.74505956378746,62.795845394176744,73.76005764380929,69.38155331662269,51.49399609047752,87.26911054276783,72.16323216396174,80.45375218150087,63.87271214642263,7100.0,132328.0,7.0,4.0,4.0,3.0,0.0,0.0,1.0
7200.0,8.303163155,1.9906497893714864E-7,7200.0,69.54166666666667,38.9979964255552,-191.23505976095606,4.859002169197394,70.88941935563187,62.77372262773723,74.22728875308498,69.47201516319228,51.56162855549359,87.38240177089098,72.36586538568064,80.21691973969631,64.51481103166496,7200.0,132336.0,7.0,4.0,4.0,3.0,0.0,0.0,1.0
7300.0,8.402185107,2.0245872569465596E-7,7300.0,69.58904109589041,38.88293574305883,-193.26287978863928,5.006418485237499,70.75807005396261,62.61367463792522,74.37081505425999,69.35106863695233,51.624548736462096,87.07758853744255,72.22334449078078,79.5464270432178,64.90026193834375,7300.0,132480.0,7.0,4.0,4.0,3.0,0.0,0.0,1.0
7400.0,8.49815724,2.0574794700974185E-7,7400.0,70.0,39.40271616590788,-193.2628797886394,5.006418485237485,71.01285057923657,62.61367463792522,74.94922139471902,69.521145123693,51.624548736462096,87.41774151092393,72.5699743353557,79.5464270432178,65.59352162749357,7400.0,132480.0,7.0,4.0,4.0,3.0,0.0,0.0,1.0
7500.0,8.60229759,2.093171149366494E-7,7500.0,70.37333333333333,39.87186374852475,-192.75362318840595,5.002137665669073,71.2444993571082,62.61776581426649,75.4637809187279,69.67530120589183,51.62274618585299,87.72785622593068,72.88600770454305,79.56391620350577,66.20809920558031,7500.0,132480.0,7.0,4.0,4.0,3.0,0.0,0.0,1.0
7600.0,8.702362906,2.1274662056499677E-7,7600.0,70.76315789473684,40.34943576893282,-192.75362318840575,5.002137665669081,71.47813426117013,62.61776581426649,75.99394987035436,69.82889499530447,51.62274618585299,88.03504380475594,73.20716243552974,79.56391620350577,66.8504086675537,7600.0,132480.0,7.0,4.0,4.0,3.0,0.0,0.0,1.0
7700.0,8.81867515,2.167329518073197E-7,7700.0,71.14285714285714,40.807366022236586,-192.75362318840595,5.002137665669093,71.70196160373081,62.61776581426649,76.50169204737732,69.97498725654066,51.62274618585299,88.32722832722833,73.51633601632106,79.56391620350577,67.46875582913636,7700.0,132480.0,7.0,4.0,4.0,3.0,0.0,0.0,1.0
7800.0,8.911699245,2.1992113598668532E-7,7800.0,71.51282051282051,41.246841843166926,-192.75362318840584,5.002137665669058,71.91659028396332,62.61776581426649,76.98840099420049,70.11411445168692,51.62274618585299,88.60548271752086,73.81418663132622,79.56391620350577,68.06445705914668,7800.0,132480.0,7.0,4.0,4.0,3.0,0.0,0.0,1.0
7900.0,9.00534111,2.2313049279385762E-7,7900.0,71.87341772151899,41.668956758306884,-192.75362318840575,5.002137665669071,72.12257944873068,62.61776581426649,77.45535714285714,70.24676308128505,51.62274618585299,88.87077997671712,74.10132512207296,79.56391620350577,68.63873404064017,7900.0,132480.0,7.0,4.0,4.0,3.0,0.0,0.0,1.0
8000.0,9.104627105,2.2623143468397357E-7,8000.0,72.1625,41.9757806856472,-193.41238471673245,4.788371098760157,72.27741930738962,62.56513699781476,77.84300069644812,70.3314319247345,51.551246537396125,89.1116173120729,74.33415735983449,79.56391620350577,69.10439851616323,8000.0,120728.0,9.0,5.0,5.0,3.0,0.0,0.0,1.0
8100.0,9.202811829,2.292979812157485E-7,8100.0,72.4567901234568,42.288840471665964,-193.93939393939382,4.617357845233035,72.43415595468241,62.52309759784982,78.22777398262906,70.4194084973456,51.49418926397343,89.34462773071779,74.5675855969794,79.56391620350577,69.57125499045304,8100.0,120728.0,9.0,5.0,5.0,3.0,0.0,0.0,1.0
8200.0,9.300723593,2.3236127115359736E-7,8200.0,72.79268292682927,42.66634257134535,-193.93939393939405,4.617357845233009,72.61802577695339,62.52309759784982,78.64458696276444,70.53558133063478,51.49418926397343,89.57697339729613,74.82717222903491,79.56391620350577,70.09042825456406,8200.0,120936.0,9.0,5.0,5.0,3.0,0.0,0.0,1.0
8300.0,9.417943066,2.3652352661763835E-7,8300.0,73.08433734939759,42.97247435096135,-194.3346508563899,4.489097905087645,72.77014949598129,62.491605104096706,79.01164975573093,70.62217347306073,51.4514791263478,89.79286781977365,75.05288579844806,79.56391620350577,70.54185539339038,8300.0,137256.0,11.0,6.0,6.0,4.0,0.0,0.0,1.0
8400.0,9.543407879,2.4098245441300383E-7,8400.0,73.36904761904762,43.266616829563155,-194.72990777338617,4.360837964942315,72.91635228905827,62.4601443195167,79.36537219813671,70.70441988950276,51.40883977900552,90.0,75.27115130419473,79.56391620350577,70.9783864048837,8400.0,137376.0,11.0,6.0,6.0,4.0,0.0,0.0,1.0
8500.0,9.655046076,2.449529979884666E-7,8500.0,73.68235294117646,43.605833709502036,-194.729907773386,4.360837964942248,73.08129639829264,62.4601443195167,79.73915406213206,70.80687890589621,51.40883977900552,90.20491803278688,75.5066781147378,79.56391620350577,71.4494400259698,8500.0,137480.0,11.0,6.0,6.0,4.0,0.0,0.0,1.0
8600.0,9.750219521,2.483428776117911E-7,8600.0,73.98837209302326,43.93326851832423,-194.72990777338606,4.360837964942308,73.2404251946771,62.4601443195167,80.09963526376657,70.90522310235417,51.40883977900552,90.40160642570281,75.73468130890829,79.56391620350577,71.90544641431082,8600.0,137680.0,11.0,6.0,6.0,4.0,0.0,0.0,1.0
8700.0,9.842630017,2.516345380072544E-7,8700.0,74.28735632183908,44.24952462034081,-194.72990777338606,4.3608379649423075,73.39404219911493,62.4601443195167,80.44751332925443,70.99969548005393,51.40883977900552,90.59055118110237,75.95551571847982,79.56391620350577,72.34711523345386,8700.0,137688.0,11.0,6.0,6.0,4.0,0.0,0.0,1.0
8800.0,9.94005676,2.553458307999E-7,8800.0,74.55681818181819,44.545890532790864,-193.4469200524247,4.520255863539459,73.5309416685018,62.489529234377606,80.74972057432724,71.09445104080304,51.462472406181014,90.72642967542504,76.14036159800752,79.53091684434968,72.74980635166538,8800.0,147248.0,11.0,6.0,6.0,4.0,0.0,0.0,1.0
8900.0,10.037956609,2.591942827799916E-7,8900.0,74.78651685393258,44.753597270664606,-193.33333333333337,4.551254785197766,73.61976906050008,62.46236199397791,81.01844019624428,71.14810633588583,51.475048249241794,90.82116442252986,76.26934188945306,79.41301573798384,73.12566804092228,8900.0,151952.0,11.0,6.0,6.0,4.0,0.0,0.0,1.0
9000.0,10.147458934,2.635176391592808E-7,9000.0,75.04444444444445,45.00555848142212,-193.59477124183016,4.466184602296912,73.74410610740615,62.44147157190636,81.31447587354408,71.21766111844741,51.44667952604023,90.98864271085459,76.45639507007479,79.41301573798384,73.49977440216574,9000.0,152616.0,11.0,6.0,6.0,4.0,0.0,0.0,1.0
9100.0,10.252182139,2.6765339063063885E-7,9100.0,75.31868131868133,45.28468662441806,-193.59477124182987,4.466184602296922,73.87954308132552,62.44147157190636,81.62029459901801,71.30001678733011,51.44667952604023,91.15335404861999,76.65272212295547,79.41301573798384,73.8924285079271,9100.0,152656.0,11.0,6.0,6.0,4.0,0.0,0.0,1.0
9200.0,10.356362164,2.7240115752958384E-7,9200.0,75.57608695652173,45.5372324534064,-193.72549019607828,4.423649510846432,74.00304433531998,62.43103160006688,81.9067557774378,71.37154967332869,51.43250688705234,91.31059245960502,76.83601582635795,79.41301573798384,74.25901591473207,9200.0,176160.0,11.0,6.0,6.0,4.0,0.0,0.0,1.0
9300.0,10.457984886,2.7717014010341014E-7,9300.0,75.48387096774194,45.11914456679531,-193.05912596401035,4.282115869017639,73.71194163773846,62.10106382978723,81.88175460902734,71.1658783645303,51.40341221794166,90.92834451111895,76.4469427034065,78.42149454240135,74.47239086441168,9300.0,181400.0,11.0,6.0,6.0,4.0,0.0,0.0,1.0
9324.0,10.486814103,2.785232255234549E-7,9324.0,75.49335049335049,45.076714527831754,-192.19948849104853,4.273146208630086,73.67670473137322,62.049493439627966,81.90385681476202,71.14107342004287,51.40341221794166,90.87873462214411,76.39976799997632,78.25722664432342,74.54230935562923,9324.0,181424.0,11.0,6.0,6.0,4.0,0.0,0.0,1.0
