learning evaluation instances,evaluation time (cpu seconds),model cost (RAM-Hours),classified instances,classifications correct (percent),Kappa Statistic (percent),Kappa Temporal Statistic (percent),Kappa M Statistic (percent),F1 Score (percent),F1 Score for class 0 (percent),F1 Score for class 1 (percent),Precision (percent),Precision for class 0 (percent),Precision for class 1 (percent),Recall (percent),Recall for class 0 (percent),Recall for class 1 (percent),model training instances,model serialized size (bytes),tree size (nodes),tree size (leaves),active learning leaves,tree depth,active leaf byte size estimate,inactive leaf byte size estimate,byte size estimate overhead
100.0,0.53003305,1.863734076316986E-9,100.0,100.0,?,?,?,?,100.0,?,?,100.0,?,?,100.0,?,100.0,13592.0,1.0,1.0,1.0,0.0,0.0,0.0,1.0
200.0,0.739635378,3.205025672345526E-9,200.0,97.0,0.0,-50.0,0.0,?,98.47715736040608,?,?,97.0,?,50.0,100.0,0.0,200.0,24736.0,1.0,1.0,1.0,0.0,0.0,0.0,1.0
300.0,0.878327616,4.092834977350302E-9,300.0,98.0,0.0,-50.00000000000042,0.0,?,98.98989898989899,?,?,98.0,?,50.0,100.0,0.0,300.0,24744.0,1.0,1.0,1.0,0.0,0.0,0.0,1.0
400.0,1.012322618,4.950575910189914E-9,400.0,98.5,0.0,-50.0,0.0,?,99.24433249370279,?,?,98.5,?,50.0,100.0,0.0,400.0,24744.0,1.0,1.0,1.0,0.0,0.0,0.0,1.0
500.0,1.140197003,5.846679316328633E-9,500.0,98.4,0.0,-33.33333333333333,0.0,?,99.19354838709677,?,?,98.4,?,50.0,100.0,0.0,500.0,27088.0,1.0,1.0,1.0,0.0,0.0,0.0,1.0
600.0,1.239263161,6.5411087709209995E-9,600.0,98.33333333333333,0.0,-25.00000000000063,0.0,?,99.15966386554621,?,?,98.33333333333333,?,50.0,100.0,0.0,600.0,27096.0,1.0,1.0,1.0,0.0,0.0,0.0,1.0
700.0,1.334073278,7.263392973440804E-9,700.0,96.85714285714285,0.0,-83.33333333333377,0.0,?,98.4034833091437,?,?,96.85714285714285,?,50.0,100.0,0.0,700.0,29448.0,1.0,1.0,1.0,0.0,0.0,0.0,1.0
800.0,1.404631541,7.827498306102223E-9,800.0,84.75,0.0,-838.461538461539,0.0,?,91.74560216508796,?,?,84.75,?,50.0,100.0,0.0,800.0,30904.0,1.0,1.0,1.0,0.0,0.0,0.0,1.0
900.0,1.480854805,8.448568336698744E-9,900.0,77.66666666666666,0.0,-617.8571428571435,0.0,?,87.4296435272045,?,?,77.66666666666666,?,50.0,100.0,0.0,900.0,31496.0,1.0,1.0,1.0,0.0,0.0,0.0,1.0
1000.0,1.559267019,9.134211336088678E-9,1000.0,74.3,0.0,-301.56250000000034,0.0,?,85.25530694205393,?,?,74.3,?,50.0,100.0,0.0,1000.0,33800.0,1.0,1.0,1.0,0.0,0.0,0.0,1.0
1100.0,1.63510229,9.915347060256949E-9,1100.0,70.45454545454545,0.0,-238.5416666666666,0.0,?,82.66666666666667,?,?,70.45454545454545,?,50.0,100.0,0.0,1100.0,39816.0,1.0,1.0,1.0,0.0,0.0,0.0,1.0
1200.0,1.690821977,1.0496779322183381E-8,1200.0,70.08333333333333,0.0,-206.83760683760676,0.0,?,82.41058304752573,?,?,70.08333333333333,?,50.0,100.0,0.0,1200.0,40336.0,1.0,1.0,1.0,0.0,0.0,0.0,1.0
1300.0,1.741174918,1.104357304758082E-8,1300.0,67.76923076923077,0.0,-235.20000000000005,0.0,?,80.7886290692343,?,?,67.76923076923077,?,50.0,100.0,0.0,1300.0,41976.0,1.0,1.0,1.0,0.0,0.0,0.0,1.0
1400.0,1.79358982,1.1637599567087988E-8,1400.0,65.85714285714286,0.0,-229.6551724137932,0.0,?,79.41429801894918,?,?,65.85714285714286,?,50.0,100.0,0.0,1400.0,43808.0,1.0,1.0,1.0,0.0,0.0,0.0,1.0
1500.0,1.845771125,1.2287727825894125E-8,1500.0,64.33333333333333,0.0,-198.88268156424593,0.0,?,78.29614604462475,?,?,64.33333333333333,?,50.0,100.0,0.0,1500.0,48160.0,1.0,1.0,1.0,0.0,0.0,0.0,1.0
1600.0,1.915836185,1.3234478849102227E-8,1600.0,62.875,0.0,-166.36771300448424,0.0,?,77.20644666155026,?,?,62.875,?,50.0,100.0,0.0,1600.0,52232.0,1.0,1.0,1.0,0.0,0.0,0.0,1.0
1700.0,1.965833051,1.3960554503169326E-8,1700.0,61.588235294117645,0.0,-172.08333333333326,0.0,?,76.22861303239898,?,?,61.588235294117645,?,50.0,100.0,0.0,1700.0,56136.0,1.0,1.0,1.0,0.0,0.0,0.0,1.0
1800.0,2.02168695,1.4779086585150413E-8,1800.0,61.111111111111114,0.0,-146.47887323943655,0.0,?,75.86206896551725,?,?,61.111111111111114,?,50.0,100.0,0.0,1800.0,56648.0,1.0,1.0,1.0,0.0,0.0,0.0,1.0
1900.0,2.071403428,1.552372689758945E-8,1900.0,59.578947368421055,0.0,-154.30463576158942,0.0,?,74.67018469656993,?,?,59.578947368421055,?,50.0,100.0,0.0,1900.0,57896.0,1.0,1.0,1.0,0.0,0.0,0.0,1.0
2000.0,2.122376345,1.6293937428233527E-8,2000.0,59.599999999999994,0.0,-141.9161676646706,0.0,?,74.68671679197995,?,?,59.599999999999994,?,50.0,100.0,0.0,2000.0,58408.0,1.0,1.0,1.0,0.0,0.0,0.0,1.0
2100.0,2.172190779,1.70471585402348E-8,2100.0,57.99999999999999,0.0,-137.73584905660383,0.0,?,73.41772151898734,?,?,57.99999999999999,?,50.0,100.0,0.0,2100.0,58448.0,1.0,1.0,1.0,0.0,0.0,0.0,1.0
2200.0,2.223391457,1.7831407104788557E-8,2200.0,56.59090909090909,0.0,-139.9497487437186,0.0,?,72.27866473149493,?,?,56.59090909090909,?,50.0,100.0,0.0,2200.0,59208.0,1.0,1.0,1.0,0.0,0.0,0.0,1.0
2300.0,2.273268073,1.8640897004562948E-8,2300.0,55.869565217391305,0.0,-149.38574938574936,0.0,?,71.68758716875871,?,?,55.869565217391305,?,50.0,100.0,0.0,2300.0,62736.0,1.0,1.0,1.0,0.0,0.0,0.0,1.0
2400.0,2.32065932,1.941662118320457E-8,2400.0,55.50000000000001,0.0,-147.79582366589327,0.0,?,71.38263665594855,?,?,55.50000000000001,?,50.0,100.0,0.0,2400.0,63272.0,1.0,1.0,1.0,0.0,0.0,0.0,1.0
2500.0,2.398705726,2.0704785358113136E-8,2500.0,55.279999999999994,0.0,-143.5729847494554,0.0,?,71.20041215868109,?,?,55.279999999999994,?,50.0,100.0,0.0,2500.0,63800.0,1.0,1.0,1.0,0.0,0.0,0.0,1.0
2600.0,2.447678029,2.1518348766610858E-8,2600.0,53.15384615384615,0.0,-165.35947712418303,0.0,?,69.4123556002009,?,?,53.15384615384615,?,50.0,100.0,0.0,2600.0,64216.0,1.0,1.0,1.0,0.0,0.0,0.0,1.0
2700.0,2.493372587,2.2277459898392362E-8,2700.0,51.18518518518519,0.0,-187.14596949891057,0.0,?,67.71190592846644,?,?,51.18518518518519,?,50.0,100.0,0.0,2700.0,64216.0,1.0,1.0,1.0,0.0,0.0,0.0,1.0
2800.0,2.539305391,2.30405289454841E-8,2800.0,50.535714285714285,2.297987610639083,-201.74291938997823,-0.21707670043416166,60.82115544454096,66.61846228006749,4.548587181254306,74.97289483194795,49.945789663895916,100.0,51.163610719322996,100.0,2.32722143864598,2800.0,64216.0,1.0,1.0,1.0,0.0,0.0,0.0,1.0
2900.0,2.586359721,2.3822229595734845E-8,2900.0,52.241379310344826,8.385096001197056,-201.74291938997828,-0.21707670043416083,63.03777325153208,66.61846228006749,16.1114476075106,74.97289483194795,49.945789663895916,100.0,54.38076416337287,100.0,8.761528326745719,2900.0,64216.0,1.0,1.0,1.0,0.0,0.0,0.0,1.0
3000.0,2.631607822,2.4576358649041507E-8,3000.0,53.833333333333336,13.419678883903604,-201.74291938997814,-0.21707670043415359,64.8916724314456,66.61846228006749,25.175580767152887,74.97289483194795,49.945789663895916,100.0,57.200247218788626,100.0,14.400494437577255,3000.0,64424.0,1.0,1.0,1.0,0.0,0.0,0.0,1.0
3100.0,2.675995105,2.5318529317677025E-8,3100.0,55.32258064516129,17.653002198732924,-201.7429193899782,-0.2170767004341552,66.46515035148911,66.61846228006749,32.47196489517308,74.97289483194795,49.945789663895916,100.0,59.69150174621654,100.0,19.383003492433062,3100.0,64632.0,1.0,1.0,1.0,0.0,0.0,0.0,1.0
3200.0,2.720414674,2.6068502367896343E-8,3200.0,56.53125,20.723914335093905,-200.43196544276464,-0.21613832853026757,67.32831510866097,66.5222623345367,38.04008908685969,74.28005418529668,49.945789663895916,98.61431870669746,61.56642237787151,99.56772334293949,23.56512141280353,3200.0,65264.0,1.0,1.0,1.0,0.0,0.0,0.0,1.0
3300.0,2.765580682,2.683126512901237E-8,3300.0,56.84848484848485,21.10917226746999,-201.05708245243133,-0.21111893033074142,66.2016672306703,65.99808978032475,40.96185737976783,71.31435824658212,49.945789663895916,92.6829268292683,61.77301700074792,97.25545390570021,26.290580095795633,3300.0,65280.0,1.0,1.0,1.0,0.0,0.0,0.0,1.0
3400.0,2.812166509,2.6837628472422567E-8,3400.0,57.94117647058824,23.584481897443535,-199.79035639413001,-0.2102312543798118,67.12831098350294,65.90367191225562,45.126630851880286,71.41839246227971,49.945789663895916,92.89099526066352,63.32443132960701,96.84653118430273,29.802331474911302,3400.0,528.0,3.0,2.0,2.0,1.0,0.0,0.0,1.0
3500.0,2.897025324,2.7499732042075037E-8,3500.0,57.85714285714286,22.83779929965868,-203.49794238683114,-0.20380434782606827,65.6763930175946,65.20405756074547,46.5773270554147,68.8337406709657,49.945789663895916,87.72169167803547,62.795991981819746,93.88586956521739,31.70611439842209,3500.0,30160.0,3.0,2.0,2.0,1.0,0.0,0.0,1.0
3600.0,2.954869393,2.8058199793412873E-8,3600.0,57.833333333333336,22.277736770020436,-207.9107505070994,-0.1980198019802026,64.61191032743649,64.54927603923399,47.97806716929404,66.98970155463704,49.945789663895916,84.03361344537815,62.39713179951089,91.22112211221122,33.573141486810556,3600.0,37320.0,3.0,2.0,2.0,1.0,0.0,0.0,1.0
3700.0,3.019818574,2.8862026589055447E-8,3700.0,58.75675675675676,23.680878966162602,-207.04225352112684,2.2421524663677164,65.2225401076438,65.06410256410255,49.670184696569926,67.47297489758247,50.62344139650873,84.32250839865621,63.117378096717594,91.03139013452915,35.203366058906035,3700.0,47840.0,5.0,3.0,3.0,2.0,0.0,0.0,1.0
3800.0,3.069271744,2.952555232669124E-8,3800.0,59.68421052631578,25.426533940175716,-195.75289575289588,3.343848580441632,66.05278251479601,65.30797101449276,51.884422110552755,68.08929152727852,50.936064994701525,85.24251805985553,64.1345571846672,90.97791798107255,37.29119638826185,3800.0,51864.0,5.0,3.0,3.0,2.0,0.0,0.0,1.0
3900.0,3.124181626,3.038547987229088E-8,3900.0,60.48717948717949,26.593772214608695,-188.03738317757018,5.864386072083074,66.55615664952782,65.88443657294664,53.06122448979591,68.52941176470588,51.66666666666667,85.3921568627451,64.6933579446359,90.89798411728772,38.48873177198409,3900.0,60536.0,5.0,3.0,3.0,2.0,0.0,0.0,1.0
4000.0,3.170841371,3.1151451499253104E-8,4000.0,61.375,28.48698833481605,-188.78504672897188,5.6200366524129555,67.477880722426,65.82614465826144,55.59068697901696,69.12187622726302,51.59500693481276,86.64874551971326,65.91027009503827,90.89798411728772,40.92255607278883,4000.0,63456.0,5.0,3.0,3.0,2.0,0.0,0.0,1.0
4100.0,3.223656656,3.1877467371202595E-8,4100.0,62.26829268292683,30.186948887781355,-188.08193668528864,6.071645415907716,68.28177051312306,65.93261396168245,57.72068871276306,69.64495078168247,51.72771250863857,87.56218905472637,66.97092961519925,90.89253187613843,43.04932735426009,4100.0,53136.0,7.0,4.0,4.0,3.0,0.0,0.0,1.0
4200.0,3.283915442,3.314840663218457E-8,4200.0,62.904761904761905,31.288495075654488,-184.8263254113345,6.594724220623506,68.7400108190309,65.99738105630729,59.19329491880566,69.8784011545059,51.88743994509266,87.86936236391914,67.63811699455601,90.64748201438849,44.62875197472354,4200.0,81528.0,7.0,4.0,4.0,3.0,0.0,0.0,1.0
4300.0,3.332975929,3.4247024687029836E-8,4300.0,63.74418604651163,32.82461871455198,-184.48905109489044,6.646706586826355,69.45509134598086,65.9978189749182,61.1706102117061,70.28410251964505,51.90394511149228,88.66425992779784,68.64540880216752,90.59880239520957,46.69201520912548,4300.0,86560.0,7.0,4.0,4.0,3.0,0.0,0.0,1.0
4400.0,3.393121194,3.597127987711587E-8,4400.0,64.22727272727272,33.572942387936465,-182.078853046595,7.845433255269308,69.76565412701322,66.26660951564509,61.92549588776003,70.51532363866203,52.26504394861393,88.76560332871013,69.03175685785969,90.5152224824356,47.5482912332838,4400.0,110816.0,7.0,4.0,4.0,3.0,0.0,0.0,1.0
4500.0,3.446250047,3.754848555873459E-8,4500.0,64.73333333333333,34.400187241697566,-182.8877005347593,8.845491097070633,70.13529820933148,66.51192234648661,62.75522177892513,70.79151302821501,52.568378919279525,89.01464713715048,69.49113745854775,90.52268811028145,48.459586806814066,4500.0,114752.0,7.0,4.0,4.0,3.0,0.0,0.0,1.0
4600.0,3.504598143,3.9309130686031035E-8,4600.0,65.47826086956522,35.68313076853587,-182.5622775800712,9.101316542644538,70.72489293469347,66.56842105263159,64.31460674157304,71.12643148961246,52.647352647352655,89.60551033187227,70.32786263608277,90.49799656554093,50.1577287066246,4600.0,116640.0,7.0,4.0,4.0,3.0,0.0,0.0,1.0
4700.0,3.581107539,4.1689836991460375E-8,4700.0,66.02127659574468,36.46977847581638,-182.6548672566372,10.732252655114582,71.00207451303898,66.90155440414507,65.09289617486338,71.32261420644572,53.16205533596838,89.48317307692307,70.68440308238885,90.21799888205702,51.15080728272071,4700.0,120280.0,7.0,4.0,4.0,3.0,0.0,0.0,1.0
4800.0,3.636675952,4.353232737782929E-8,4800.0,66.35416666666667,36.95961902531374,-179.89601386481792,11.019283746556493,71.16606556166072,66.89895470383276,65.791145943656,71.36111645871183,53.26370757180157,89.45852534562212,70.97207802095879,89.91735537190083,52.02680067001675,4800.0,128168.0,7.0,4.0,4.0,3.0,0.0,0.0,1.0
4900.0,3.683652766,4.509995881814096E-8,4900.0,66.91836734693878,37.83688092016662,-178.04459691252146,11.469142545057363,71.52071649264374,66.95208970438327,66.88457609805926,71.53262603854823,53.41574495770982,89.64950711938664,71.50881091174602,89.67777170944838,53.339850114043664,4900.0,128992.0,7.0,4.0,4.0,3.0,0.0,0.0,1.0
5000.0,3.733333522,4.682249518926773E-8,5000.0,67.38,38.50607232741583,-175.97292724196288,11.310494834148987,71.76551837125568,66.81586978636827,67.92527040314651,71.57096453260301,53.381014304291284,89.76091476091476,71.96113281790942,89.28765633496467,54.634609300854166,5000.0,134024.0,7.0,4.0,4.0,3.0,0.0,0.0,1.0
5100.0,3.781229509,4.85109050892935E-8,5100.0,68.0,39.4942500927592,-175.210792580101,11.879049676025936,72.2181697080566,66.96356275303643,68.97338403041825,71.86061094572463,53.56217616580311,90.15904572564612,72.57930449307898,89.30885529157668,55.84975369458128,5100.0,136264.0,7.0,4.0,4.0,3.0,0.0,0.0,1.0
5200.0,3.829218115,5.0247769416287124E-8,5200.0,68.5576923076923,40.32692590600318,-173.8693467336684,11.907327586206891,72.58149585856393,66.93629929221436,70.0274977085243,72.02782784345484,53.57720945289738,90.47844623401232,73.14374175053622,89.17025862068965,57.11722488038278,5200.0,139904.0,7.0,4.0,4.0,3.0,0.0,0.0,1.0
5300.0,3.886752228,5.195325098463644E-8,5300.0,69.0566037735849,41.05018032188282,-171.97346600331682,11.92266380236303,72.89652531557506,66.90879741727198,70.9425939050319,72.1700410410346,53.58758888170653,90.75249320036265,73.63778431368874,89.04403866809882,58.231529959278646,5300.0,114584.0,9.0,5.0,5.0,4.0,0.0,0.0,1.0
5400.0,3.9365453,5.3544580380871064E-8,5400.0,69.18518518518518,40.98621120127106,-173.2348111658457,11.67728237791932,72.70264740876709,66.5863453815261,71.40893470790378,71.8719718992248,53.55297157622739,90.19097222222221,73.5527488532858,88.00424628450106,59.10125142207053,5400.0,123536.0,9.0,5.0,5.0,4.0,0.0,0.0,1.0
5500.0,3.998098593,5.581405188962196E-8,5500.0,69.4909090909091,41.271114781021254,-172.84552845528452,11.591148577449957,72.73779223840967,66.39967961553864,72.06127206127205,71.78480525566778,53.55297157622739,90.01663893510815,73.71642261733764,87.35511064278188,60.077734591893396,5500.0,142520.0,9.0,5.0,5.0,4.0,0.0,0.0,1.0
5600.0,4.050058519,5.777197003993516E-8,5600.0,70.0,41.97177538734826,-172.28525121555913,11.578947368421044,73.05428567432817,66.37309847878304,72.92069632495163,71.94421741750668,53.55297157622739,90.33546325878594,74.19914651493599,87.26315789473685,61.13513513513513,5600.0,145656.0,9.0,5.0,5.0,4.0,0.0,0.0,1.0
5700.0,4.119453248,6.045952601320213E-8,5700.0,70.12280701754386,41.87742544136657,-171.6108452950558,11.440457618304736,72.8612893141031,66.06893803546524,73.31139319855822,71.68816013527191,53.55297157622739,89.82334869431644,74.07345221529273,86.21944877795111,61.927455652634364,5700.0,149704.0,9.0,5.0,5.0,4.0,0.0,0.0,1.0
5800.0,4.204044073,6.416032345860162E-8,5800.0,70.36206896551724,42.02263781588015,-169.01408450704213,11.346054667354327,72.8338418028132,65.85898709036742,73.81568926123381,71.58047987095392,53.55297157622739,89.60798816568047,74.13187828350283,85.50799381124291,62.75576275576276,5800.0,169112.0,9.0,5.0,5.0,4.0,0.0,0.0,1.0
5900.0,4.255229452,6.65119424067272E-8,5900.0,70.40677966101696,41.78027107717067,-169.86089644513137,11.235383833248608,72.56646282157372,65.52132701421802,74.07957244655583,71.28987105125499,53.56796900226025,89.01177310024974,73.88960823328112,84.34163701067615,63.437579455886095,5900.0,177592.0,9.0,5.0,5.0,4.0,0.0,0.0,1.0
6000.0,4.307397633,6.901117562150789E-8,6000.0,70.66666666666667,42.00567443721065,-167.88432267884312,11.424257674886777,72.60071721413942,65.42239685658153,74.52966714905934,71.27140203379739,53.65775056397035,88.88505350362443,73.98056216641662,83.79466532460997,64.16645900822327,6000.0,185184.0,9.0,5.0,5.0,4.0,0.0,0.0,1.0
6100.0,4.36115228,7.170812054490463E-8,6100.0,70.60655737704919,41.649459500063166,-167.21311475409837,11.54415392205231,72.29115789071581,65.15063168124394,74.58540042523035,70.99089082280727,53.75240538806928,88.22937625754527,73.63994495620202,82.68376911692155,64.59612079548245,6100.0,193936.0,9.0,5.0,5.0,4.0,0.0,0.0,1.0
6200.0,4.418785562,7.486696432547436E-8,6200.0,70.5,41.15211046576797,-165.45718432510898,11.428571428571404,71.90061197487971,64.75236076315282,74.63597281930384,70.63047691516162,53.77720870678617,87.48374512353706,73.21726477158609,81.35593220338984,65.07859733978233,6200.0,211864.0,9.0,5.0,5.0,4.0,0.0,0.0,1.0
6300.0,4.471857108,7.784124519389122E-8,6300.0,70.55555555555556,40.98585660267598,-165.37911301859805,11.540295660467347,71.71311810774264,64.51119188827244,74.84063474840636,70.4502575059715,53.86581469648563,87.03470031545741,73.0220800797305,80.4005722460658,65.6435879133952,6300.0,216632.0,9.0,5.0,5.0,4.0,0.0,0.0,1.0
6400.0,4.523878125,8.078744303604587E-8,6400.0,70.671875,40.9070740521018,-165.48797736916552,11.420481359131642,71.59120520638834,64.24080777290912,75.14236524963582,70.31211224120916,53.86581469648563,86.75840978593273,72.91769806311876,79.56583294006607,66.26956318617145,6400.0,218920.0,9.0,5.0,5.0,4.0,0.0,0.0,1.0
6500.0,4.575591811,8.375369468974777E-8,6500.0,70.6,40.47179748669881,-167.64705882352953,11.32250580046403,71.25882972165434,63.85473803669377,75.2236483858421,70.0147394302321,53.89527458492975,86.13420427553444,72.54793225805591,78.32946635730859,66.76639815880321,6500.0,221720.0,9.0,5.0,5.0,4.0,0.0,0.0,1.0
6600.0,4.628156699,8.688223704574216E-8,6600.0,70.43939393939394,39.87993355165295,-170.22160664819953,10.9132420091324,70.86220558340393,63.37525811901633,75.21910326432109,69.65663518275211,53.80937201147593,85.5038983540283,72.1102413568167,77.07762557077625,67.14285714285714,6600.0,230064.0,9.0,5.0,5.0,4.0,0.0,0.0,1.0
6700.0,4.686264438,9.040092757761064E-8,6700.0,70.41791044776119,39.555033941290894,-171.13543091655268,10.841205578047676,70.6119903333347,63.036180529653116,75.3421249066932,69.43554823282456,53.838802166295,85.03229429935412,71.82898426917565,76.0233918128655,67.63457672548581,6700.0,234072.0,9.0,5.0,5.0,4.0,0.0,0.0,1.0
6800.0,4.731875592,9.318111112221661E-8,6800.0,70.58823529411765,39.611043612637886,-170.63599458728015,10.833704859563094,70.59108961298342,62.85289747399704,75.6572541382668,69.4047178092876,53.86819484240688,84.94124077616834,71.81872533288409,75.43468568880964,68.20276497695853,6800.0,235616.0,9.0,5.0,5.0,4.0,0.0,0.0,1.0
6900.0,4.779839977,9.615119070150371E-8,6900.0,70.95652173913042,40.0497634307719,-170.44534412955477,10.734966592427613,70.80506643788561,62.80623608017818,76.17689015691869,69.55736289819721,53.83391664015272,85.28080915624167,72.09834959654944,75.3674832962138,68.82921589688506,6900.0,239360.0,9.0,5.0,5.0,4.0,0.0,0.0,1.0
7000.0,4.828713966,9.92130989387652E-8,7000.0,70.94285714285714,39.791291701338764,-171.5620827770361,10.750329091706897,70.60889153395622,62.5414364640884,76.26604434072345,69.39641244343039,53.88765471278959,84.90517017407119,71.86449238272247,74.50636243966652,69.22262232577843,7000.0,242168.0,9.0,5.0,5.0,4.0,0.0,0.0,1.0
7100.0,4.87543228,1.021751508282932E-7,7100.0,71.1830985915493,40.006680516679495,-172.0744680851063,10.732984293193711,70.69383628538522,62.44493392070485,76.62248628884826,69.45627569239312,53.89733840304183,85.01521298174443,71.97629822895524,74.21465968586386,69.7379367720466,7100.0,245080.0,9.0,5.0,5.0,4.0,0.0,0.0,1.0
7200.0,4.92893323,1.0559292632606501E-7,7200.0,71.33333333333334,40.04882167582359,-174.10358565737042,10.455531453362262,70.69321694945953,62.253108997805406,76.89207344379759,69.43642003845085,53.80967435978501,85.06316571711668,71.99634848078631,73.83947939262472,70.1532175689479,7200.0,246936.0,9.0,5.0,5.0,4.0,0.0,0.0,1.0
7300.0,4.976351987,1.0864531660794384E-7,7300.0,71.31506849315068,39.750246241928394,-176.61822985468956,10.397946084723994,70.4799846055871,61.94111232279171,76.9839525170367,69.26525957466318,53.838862559241704,84.69165659008465,71.73807614084922,72.91399229781771,70.56215998388072,7300.0,248824.0,9.0,5.0,5.0,4.0,0.0,0.0,1.0
7400.0,5.022032793,1.115858333385446E-7,7400.0,71.70270270270271,40.22125957551216,-176.61822985468953,10.39794608472402,70.7138175209339,61.94111232279171,77.47902774790278,69.44599562436701,53.838862559241704,85.05312868949233,72.02879152714311,72.91399229781771,71.1435907564685,7400.0,248824.0,9.0,5.0,5.0,4.0,0.0,0.0,1.0
7500.0,5.082004842,1.1545758569442563E-7,7500.0,72.05333333333334,40.62127820630934,-176.1528326745719,10.389055151774258,70.90821390493409,61.91860465116279,77.92754844144903,69.5953251665874,53.838862559241704,85.35178777393311,72.27158932563835,72.85164600256519,71.69153264871149,7500.0,249552.0,9.0,5.0,5.0,4.0,0.0,0.0,1.0
7600.0,5.133689714,1.1881079682797193E-7,7600.0,72.42105263157896,41.055034074598154,-176.15283267457167,10.389055151774281,71.12339102498444,61.91860465116279,78.38283828382838,69.76046848367947,53.838862559241704,85.68207440811724,72.54063007218167,72.85164600256519,72.22961414179814,7600.0,250784.0,9.0,5.0,5.0,4.0,0.0,0.0,1.0
7700.0,5.178265776,1.217028025852475E-7,7700.0,72.77922077922078,41.47147427028827,-176.15283267457193,10.389055151774263,71.32989624711759,61.91860465116279,78.81972514147131,69.91832874378844,53.838862559241704,85.99779492833517,72.79963385746615,72.85164600256519,72.74762171236709,7700.0,250784.0,9.0,5.0,5.0,4.0,0.0,0.0,1.0
7800.0,5.222549699,1.2459510150312138E-7,7800.0,73.1025641025641,41.829063670593044,-176.41633728590244,10.303548525010683,71.50906784043578,61.89611333091173,79.21537547057656,70.04942031503244,53.80486264603726,86.29397798402762,73.03084039736389,72.85164600256519,73.2100347921626,7800.0,252464.0,9.0,5.0,5.0,4.0,0.0,0.0,1.0
7900.0,5.267125886,1.2750648894779387E-7,7900.0,73.44303797468355,42.214282641197286,-176.41633728590242,10.303548525010683,71.69995533766397,61.89611333091173,79.61919564795026,70.1942124343645,53.80486264603726,86.58356222269174,73.27171402807635,72.85164600256519,73.69178205358749,7900.0,252464.0,9.0,5.0,5.0,4.0,0.0,0.0,1.0
8000.0,5.313045537,1.3052415347925287E-7,8000.0,73.7625,42.564150836007656,-176.54808959156776,10.26079521162891,71.8742212834404,61.88487379698565,79.99618793481368,70.32316124824402,53.78787878787878,86.85844370860927,73.49524536482261,72.85164600256519,74.13884472708003,8000.0,254024.0,9.0,5.0,5.0,4.0,0.0,0.0,1.0
8100.0,5.357790118,1.3348367323678818E-7,8100.0,74.08641975308642,42.92135347487524,-176.5480895915678,10.260795211628915,72.05111101723841,61.88487379698565,80.37033573365754,70.45638870456389,53.78787878787878,87.12489862124899,73.71969559284656,72.85164600256519,74.58774518312794,8100.0,255672.0,9.0,5.0,5.0,4.0,0.0,0.0,1.0
8200.0,5.402835628,1.3647167403246795E-7,8200.0,74.40243902439025,43.26558790481588,-176.54808959156793,10.26079521162891,72.22152702363822,61.88487379698565,80.73074451482604,70.58432095196801,53.78787878787878,87.38076311605724,73.93648671054723,72.85164600256519,75.02132741852925,8200.0,256408.0,9.0,5.0,5.0,4.0,0.0,0.0,1.0
8300.0,5.447182054,1.394281708339809E-7,8300.0,74.71084337349397,43.5975477493085,-176.54808959156776,10.260795211628903,72.38581900086388,61.88487379698565,81.07815739655638,70.70726753111788,53.78787878787878,87.62665627435698,74.14600417893735,72.85164600256519,75.4403623553095,8300.0,257704.0,9.0,5.0,5.0,4.0,0.0,0.0,1.0
8400.0,5.495286054,1.4265031092431397E-7,8400.0,75.01190476190476,43.917878032358374,-176.54808959156807,10.260795211628903,72.54431185157377,61.88487379698565,81.41326485433453,70.82551431748679,53.78787878787878,87.8631498470948,74.34860802025636,72.85164600256519,75.84557003794752,8400.0,258920.0,9.0,5.0,5.0,4.0,0.0,0.0,1.0
8500.0,5.54410522,1.4592409317578292E-7,8500.0,75.30588235294118,44.22717936168997,-176.54808959156773,10.26079521162889,72.69730784742286,61.88487379698565,81.73670930131385,70.93932574052604,53.78787878787878,88.09077269317329,74.54463488247072,72.85164600256519,76.23762376237624,8500.0,259216.0,9.0,5.0,5.0,4.0,0.0,0.0,1.0
8600.0,5.594914461,1.4934794309737366E-7,8600.0,75.59302325581395,44.526011687170886,-176.5480895915679,10.26079521162891,72.8450885701906,61.88487379698565,82.04908919866585,71.04894675770964,53.78787878787878,88.3100147275405,74.73439990593042,72.85164600256519,76.61715380929563,8600.0,260480.0,9.0,5.0,5.0,4.0,0.0,0.0,1.0
8700.0,5.640121586,1.5239915196868692E-7,8700.0,75.8735632183908,44.81489768395004,-176.5480895915679,10.26079521162892,72.98791665600012,61.88487379698565,82.35096275119818,71.15460461447447,53.78787878787878,88.52133044107013,74.91819841395356,72.85164600256519,76.98475082534193,8700.0,260896.0,9.0,5.0,5.0,4.0,0.0,0.0,1.0
8800.0,5.686701782,1.5555614562812362E-7,8800.0,76.07954545454545,44.961564608063576,-175.88466579292285,10.234541577825143,73.04880081094828,61.817522220206776,82.58459501944239,71.20324337121212,53.78787878787878,88.61860795454545,74.99257612567901,72.66524520255864,77.31990704879938,8800.0,261984.0,9.0,5.0,5.0,4.0,0.0,0.0,1.0
8900.0,5.732498359,1.5867329847873498E-7,8900.0,76.28089887640449,45.1018029776557,-175.94771241830068,10.208421948107157,73.10673219779645,61.750317086428694,82.8108460223109,71.25018503245998,53.78787878787878,88.71249127704117,75.06261894189137,72.47979583156103,77.64544205222171,8900.0,263104.0,9.0,5.0,5.0,4.0,0.0,0.0,1.0
9000.0,5.779624658,1.6189451618113244E-7,9000.0,76.54444444444445,45.366024344340545,-175.9477124183007,10.20842194810721,73.2373876934017,61.750317086428694,83.08629116256711,71.34695722658687,53.78787878787878,88.90603566529492,75.23072360385392,72.47979583156103,77.98165137614679,9000.0,264216.0,9.0,5.0,5.0,4.0,0.0,0.0,1.0
9100.0,5.825719255,1.650486484078442E-7,9100.0,76.8021978021978,45.62199004703603,-175.94771241830054,10.208421948107196,73.36393610179745,61.750317086428694,83.35304786688748,71.44046670344714,53.78787878787878,89.0930546190155,75.39384664892617,72.47979583156103,78.3078974662913,9100.0,264504.0,9.0,5.0,5.0,4.0,0.0,0.0,1.0
9200.0,5.872356091,1.6753123579408973E-7,9200.0,77.05434782608695,45.87008105942261,-175.9477124183005,10.208421948107175,73.48656833798599,61.750317086428694,83.61152084465492,71.53087573346194,53.78787878787878,89.2738726790451,75.55220628196537,72.47979583156103,78.62461673236969,9200.0,205768.0,11.0,6.0,6.0,5.0,0.0,0.0,1.0
9300.0,5.932243682,1.7130507360130134E-7,9300.0,76.98924731182795,45.52131681727551,-175.0642673521852,10.159529806884965,73.26176106823515,61.45533141210374,83.59901900674433,71.39465111851008,53.81703470031546,88.97226753670473,75.22915069147545,71.62048698572629,78.83781439722462,9300.0,243584.0,11.0,6.0,6.0,5.0,0.0,0.0,1.0
9324.0,5.94934652,1.724049729876924E-7,9324.0,76.994851994852,45.474260990109904,-174.2966751918158,10.138248847926272,73.22986511568719,61.40003599064243,83.6146971201589,71.3755306748246,53.81703470031546,88.93402664933376,75.18312064550794,71.47046501885211,78.89577627216376,9324.0,248592.0,11.0,6.0,6.0,5.0,0.0,0.0,1.0
