learning evaluation instances,evaluation time (cpu seconds),model cost (RAM-Hours),classified instances,classifications correct (percent),Kappa Statistic (percent),Kappa Temporal Statistic (percent),Kappa M Statistic (percent),F1 Score (percent),F1 Score for class 0 (percent),F1 Score for class 1 (percent),Precision (percent),Precision for class 0 (percent),Precision for class 1 (percent),Recall (percent),Recall for class 0 (percent),Recall for class 1 (percent),model training instances,model serialized size (bytes),tree size (nodes),tree size (leaves),active learning leaves,tree depth,active leaf byte size estimate,inactive leaf byte size estimate,byte size estimate overhead
100.0,6.542248401,1.7671432093781605E-6,100.0,100.0,?,?,?,?,100.0,?,?,100.0,?,?,100.0,?,100.0,1044112.0,1.0,1.0,1.0,0.0,0.0,0.0,1.0
200.0,11.534943118,3.429098714526145E-6,200.0,97.0,0.0,-50.0,0.0,?,98.47715736040608,?,?,97.0,?,50.0,100.0,0.0,200.0,1286728.0,1.0,1.0,1.0,0.0,0.0,0.0,1.0
300.0,16.302719114,5.018117862138821E-6,300.0,98.0,0.0,-50.00000000000042,0.0,?,98.98989898989899,?,?,98.0,?,50.0,100.0,0.0,300.0,1288296.0,1.0,1.0,1.0,0.0,0.0,0.0,1.0
400.0,21.156395771,6.636820993728226E-6,400.0,98.5,0.0,-50.0,0.0,?,99.24433249370279,?,?,98.5,?,50.0,100.0,0.0,400.0,1289136.0,1.0,1.0,1.0,0.0,0.0,0.0,1.0
500.0,26.002899375,8.258979604211443E-6,500.0,98.4,0.0,-33.33333333333333,0.0,?,99.19354838709677,?,?,98.4,?,50.0,100.0,0.0,500.0,1293800.0,1.0,1.0,1.0,0.0,0.0,0.0,1.0
600.0,30.919237835,9.905214495686601E-6,600.0,98.33333333333333,0.0,-25.00000000000063,0.0,?,99.15966386554621,?,?,98.33333333333333,?,50.0,100.0,0.0,600.0,1294352.0,1.0,1.0,1.0,0.0,0.0,0.0,1.0
700.0,35.762356534,1.1586410301872568E-5,700.0,96.85714285714285,0.0,-83.33333333333377,0.0,?,98.4034833091437,?,?,96.85714285714285,?,50.0,100.0,0.0,700.0,1341824.0,1.0,1.0,1.0,0.0,0.0,0.0,1.0
800.0,40.782239994,1.3349952748631745E-5,800.0,84.75,0.0,-838.461538461539,0.0,?,91.74560216508796,?,?,84.75,?,50.0,100.0,0.0,800.0,1357984.0,1.0,1.0,1.0,0.0,0.0,0.0,1.0
900.0,45.61938512,1.5059037816274486E-5,900.0,77.66666666666666,0.0,-617.8571428571435,0.0,?,87.4296435272045,?,?,77.66666666666666,?,50.0,100.0,0.0,900.0,1365768.0,1.0,1.0,1.0,0.0,0.0,0.0,1.0
1000.0,50.676837351,1.6847365495576417E-5,1000.0,74.3,0.0,-301.56250000000034,0.0,?,85.25530694205393,?,?,74.3,?,50.0,100.0,0.0,1000.0,1366840.0,1.0,1.0,1.0,0.0,0.0,0.0,1.0
1100.0,55.728309167,1.8842157311510698E-5,1100.0,70.45454545454545,0.0,-238.5416666666666,0.0,?,82.66666666666667,?,?,70.45454545454545,?,50.0,100.0,0.0,1100.0,1526448.0,1.0,1.0,1.0,0.0,0.0,0.0,1.0
1200.0,60.714919467,2.0824762489217218E-5,1200.0,70.08333333333333,0.0,-206.83760683760676,0.0,?,82.41058304752573,?,?,70.08333333333333,?,50.0,100.0,0.0,1200.0,1536856.0,1.0,1.0,1.0,0.0,0.0,0.0,1.0
1300.0,65.65524793,2.2875803618940822E-5,1300.0,67.76923076923077,0.0,-235.20000000000005,0.0,?,80.7886290692343,?,?,67.76923076923077,?,50.0,100.0,0.0,1300.0,1604800.0,1.0,1.0,1.0,0.0,0.0,0.0,1.0
1400.0,70.704680932,2.4990805205398685E-5,1400.0,65.85714285714286,0.0,-229.6551724137932,0.0,?,79.41429801894918,?,?,65.85714285714286,?,50.0,100.0,0.0,1400.0,1619088.0,1.0,1.0,1.0,0.0,0.0,0.0,1.0
1500.0,75.696256026,2.71099609412784E-5,1500.0,64.33333333333333,0.0,-198.88268156424593,0.0,?,78.29614604462475,?,?,64.33333333333333,?,50.0,100.0,0.0,1500.0,1641072.0,1.0,1.0,1.0,0.0,0.0,0.0,1.0
1600.0,80.739632347,2.9357490769362507E-5,1600.0,62.875,0.0,-166.36771300448424,0.0,?,77.20644666155026,?,?,62.875,?,50.0,100.0,0.0,1600.0,1722608.0,1.0,1.0,1.0,0.0,0.0,0.0,1.0
1700.0,85.875111676,3.1659265869119475E-5,1700.0,61.588235294117645,0.0,-172.08333333333326,0.0,?,76.22861303239898,?,?,61.588235294117645,?,50.0,100.0,0.0,1700.0,1732544.0,1.0,1.0,1.0,0.0,0.0,0.0,1.0
1800.0,91.046086283,3.399142996241696E-5,1800.0,61.111111111111114,0.0,-146.47887323943655,0.0,?,75.86206896551725,?,?,61.111111111111114,?,50.0,100.0,0.0,1800.0,1743368.0,1.0,1.0,1.0,0.0,0.0,0.0,1.0
1900.0,96.12310786,3.633093091319508E-5,1900.0,59.578947368421055,0.0,-154.30463576158942,0.0,?,74.67018469656993,?,?,59.578947368421055,?,50.0,100.0,0.0,1900.0,1781216.0,1.0,1.0,1.0,0.0,0.0,0.0,1.0
2000.0,101.34420991,3.875274109512295E-5,2000.0,59.599999999999994,0.0,-141.9161676646706,0.0,?,74.68671679197995,?,?,59.599999999999994,?,50.0,100.0,0.0,2000.0,1793000.0,1.0,1.0,1.0,0.0,0.0,0.0,1.0
2100.0,106.604018862,4.136543620624715E-5,2100.0,57.99999999999999,0.0,-137.73584905660383,0.0,?,73.41772151898734,?,?,57.99999999999999,?,50.0,100.0,0.0,2100.0,1920088.0,1.0,1.0,1.0,0.0,0.0,0.0,1.0
2200.0,111.91349696,4.401803347720053E-5,2200.0,56.59090909090909,0.0,-139.9497487437186,0.0,?,72.27866473149493,?,?,56.59090909090909,?,50.0,100.0,0.0,2200.0,1931176.0,1.0,1.0,1.0,0.0,0.0,0.0,1.0
2300.0,117.140162442,4.666614428218047E-5,2300.0,55.869565217391305,0.0,-149.38574938574936,0.0,?,71.68758716875871,?,?,55.869565217391305,?,50.0,100.0,0.0,2300.0,1958456.0,1.0,1.0,1.0,0.0,0.0,0.0,1.0
2400.0,122.380985168,4.934527922530636E-5,2400.0,55.50000000000001,0.0,-147.79582366589327,0.0,?,71.38263665594855,?,?,55.50000000000001,?,50.0,100.0,0.0,2400.0,1976048.0,1.0,1.0,1.0,0.0,0.0,0.0,1.0
2500.0,127.704895412,5.209053440151835E-5,2500.0,55.279999999999994,0.0,-143.5729847494554,0.0,?,71.20041215868109,?,?,55.279999999999994,?,50.0,100.0,0.0,2500.0,1993216.0,1.0,1.0,1.0,0.0,0.0,0.0,1.0
2600.0,133.098532903,5.488014969732164E-5,2600.0,53.15384615384615,0.0,-165.35947712418303,0.0,?,69.4123556002009,?,?,53.15384615384615,?,50.0,100.0,0.0,2600.0,1999240.0,1.0,1.0,1.0,0.0,0.0,0.0,1.0
2700.0,138.234962209,5.753712900485447E-5,2700.0,51.18518518518519,0.0,-187.14596949891057,0.0,?,67.71190592846644,?,?,51.18518518518519,?,50.0,100.0,0.0,2700.0,1999536.0,1.0,1.0,1.0,0.0,0.0,0.0,1.0
2800.0,143.328143348,6.0172917418512184E-5,2800.0,50.535714285714285,2.297987610639083,-201.74291938997823,-0.21707670043416166,60.82115544454096,66.61846228006749,4.548587181254306,74.97289483194795,49.945789663895916,100.0,51.163610719322996,100.0,2.32722143864598,2800.0,2000432.0,1.0,1.0,1.0,0.0,0.0,0.0,1.0
2900.0,148.439072185,6.281827129383244E-5,2900.0,52.241379310344826,8.385096001197056,-201.74291938997828,-0.21707670043416083,63.03777325153208,66.61846228006749,16.1114476075106,74.97289483194795,49.945789663895916,100.0,54.38076416337287,100.0,8.761528326745719,2900.0,2000720.0,1.0,1.0,1.0,0.0,0.0,0.0,1.0
3000.0,153.505931986,6.544129795288845E-5,3000.0,53.833333333333336,13.419678883903604,-201.74291938997814,-0.21707670043415359,64.8916724314456,66.61846228006749,25.175580767152887,74.97289483194795,49.945789663895916,100.0,57.200247218788626,100.0,14.400494437577255,3000.0,2001088.0,1.0,1.0,1.0,0.0,0.0,0.0,1.0
3100.0,158.601991614,6.807985218950186E-5,3100.0,55.32258064516129,17.653002198732924,-201.7429193899782,-0.2170767004341552,66.46515035148911,66.61846228006749,32.47196489517308,74.97289483194795,49.945789663895916,100.0,59.69150174621654,100.0,19.383003492433062,3100.0,2001400.0,1.0,1.0,1.0,0.0,0.0,0.0,1.0
3200.0,163.697746372,7.074018467818293E-5,3200.0,56.53125,20.723914335093905,-200.43196544276464,-0.21613832853026757,67.32831510866097,66.5222623345367,38.04008908685969,74.28005418529668,49.945789663895916,98.61431870669746,61.56642237787151,99.56772334293949,23.56512141280353,3200.0,2018040.0,1.0,1.0,1.0,0.0,0.0,0.0,1.0
3300.0,168.858211569,7.34463689866246E-5,3300.0,56.84848484848485,21.10917226746999,-201.05708245243133,-0.21111893033074142,66.2016672306703,65.99808978032475,40.96185737976783,71.31435824658212,49.945789663895916,92.6829268292683,61.77301700074792,97.25545390570021,26.290580095795633,3300.0,2027080.0,1.0,1.0,1.0,0.0,0.0,0.0,1.0
3400.0,174.03979356,7.344707675951906E-5,3400.0,57.94117647058824,23.584481897443535,-199.79035639413001,-0.2102312543798118,67.12831098350294,65.90367191225562,45.126630851880286,71.41839246227971,49.945789663895916,92.89099526066352,63.32443132960701,96.84653118430273,29.802331474911302,3400.0,528.0,3.0,2.0,2.0,1.0,0.0,0.0,1.0
3500.0,181.036422848,7.814110050114161E-5,3500.0,58.885714285714286,24.99533873543615,-196.09053497942378,2.2418478260869623,67.64726342709065,66.40205463460191,47.037173352962824,71.6650428365859,50.58697972251868,92.74310595065312,64.05606830460509,96.60326086956522,31.50887573964497,3500.0,2593336.0,3.0,2.0,2.0,1.0,0.0,0.0,1.0
3600.0,186.239296611,8.183519995882229E-5,3600.0,59.77777777777777,26.42245266959971,-193.71196754563903,4.422442244224402,68.2796565522225,66.91042047531992,48.725212464589234,72.13485069851235,51.17091925900035,93.09878213802436,64.81563264240093,96.63366336633663,32.99760191846523,3600.0,2744528.0,3.0,2.0,2.0,1.0,0.0,0.0,1.0
3700.0,191.450292379,8.563895521150196E-5,3700.0,60.7027027027027,27.867874777193286,-192.5553319919518,6.854580397181302,68.91241882795444,67.48658318425761,50.3415300546448,72.62361768372142,51.83785640673308,93.40937896070976,65.56207750932246,96.66880204996798,34.45535296867695,3700.0,2821592.0,3.0,2.0,2.0,1.0,0.0,0.0,1.0
3800.0,196.702089657,8.96861374458159E-5,3800.0,61.526315789473685,29.448846095723326,-182.2393822393823,7.760252365930604,69.5650502640829,67.68346595932803,52.4707412223667,72.91038574119762,52.092548485879554,93.72822299651567,66.51323425739331,96.59305993690852,36.433408577878104,3800.0,2978840.0,3.0,2.0,2.0,1.0,0.0,0.0,1.0
3900.0,203.905496387,9.762948612273089E-5,3900.0,62.17948717948718,30.323738741575873,-175.70093457943935,9.896151496640194,69.81566621071673,68.12189323535769,53.51402458241412,73.00286669851887,52.70903010033445,93.2967032967033,66.89512113679169,96.27367135003054,37.516570923552806,3900.0,4262536.0,5.0,3.0,3.0,2.0,0.0,0.0,1.0
4000.0,209.250757033,1.0365967745403241E-4,4000.0,63.025,32.16875167112988,-176.44859813084105,9.651802076970062,70.61609967160783,68.06305333621249,56.09973285841495,73.28749613209189,52.638610554442224,93.93638170974154,68.1326037664245,96.27367135003054,39.99153618281845,4000.0,4360784.0,5.0,3.0,3.0,2.0,0.0,0.0,1.0
4100.0,214.555908853,1.0991419096249258E-4,4100.0,63.6829268292683,33.3952587557485,-177.28119180633146,9.59319975713419,70.96420284386473,67.91639732816203,58.16240516999157,73.10954035859542,52.638610554442224,93.58047016274864,68.94118226544897,95.68913175470553,42.19323277619242,4100.0,4557200.0,5.0,3.0,3.0,2.0,0.0,0.0,1.0
4200.0,220.072186865,1.1780008402243033E-4,4200.0,63.857142857142854,33.64257666137106,-177.5137111517367,8.99280575539568,70.81661374309078,67.56410256410257,59.193548387096776,72.58340375870256,52.49003984063745,92.67676767676768,69.1337924920727,94.7841726618705,43.48341232227489,4200.0,5525952.0,5.0,3.0,3.0,2.0,0.0,0.0,1.0
4300.0,225.541603364,1.2571196404146436E-4,4300.0,64.62790697674419,35.07407569181654,-177.5547445255474,8.922155688622757,71.41992351545723,67.52081998718769,61.16926219045187,72.77865586859944,52.47261865250581,93.08469308469309,70.1109947405569,94.67065868263474,45.55133079847909,4300.0,5591664.0,5.0,3.0,3.0,2.0,0.0,0.0,1.0
4400.0,231.102047253,1.3388747120736765E-4,4400.0,64.6590909090909,34.75044955624203,-178.673835125448,8.957845433255274,70.81663127349591,67.10387137719484,61.8217530076111,71.8498867539136,52.533951639615765,91.16582186821144,69.8126724686903,92.85714285714286,46.76820208023774,4400.0,5683392.0,5.0,3.0,3.0,2.0,0.0,0.0,1.0
4500.0,236.529465099,1.4191845397274632E-4,4500.0,64.71111111111111,34.51194721659278,-183.0659536541889,8.788052843193547,70.33518313994922,66.66666666666667,62.51180358829084,71.08588163282583,52.53059874297056,89.64116452268111,69.60017437579357,91.21194715680643,47.98840159478072,4500.0,5719760.0,5.0,3.0,3.0,2.0,0.0,0.0,1.0
4600.0,241.957648856,1.499548727598905E-4,4600.0,65.30434782608697,35.497304919674754,-183.98576512455514,8.643388666285071,70.72973005243244,66.55490360435876,63.956639566395665,71.20031483667847,52.49586776859504,89.90476190476191,70.26532490428237,90.89868345735546,49.63196635120926,4600.0,5722824.0,5.0,3.0,3.0,2.0,0.0,0.0,1.0
4700.0,247.448361583,1.5813661548325192E-4,4700.0,65.19148936170212,34.86264754213486,-189.55752212389388,8.552263834544425,70.03499031499662,66.02990033222592,64.31064572425828,70.3162274733614,52.52725470763132,88.10520023909146,69.75599386993956,88.87646730016769,50.635520439711435,4700.0,5759960.0,5.0,3.0,3.0,2.0,0.0,0.0,1.0
4800.0,252.957803011,1.6664208907828354E-4,4800.0,65.41666666666667,35.036187485171574,-187.69497400346614,8.53994490358128,69.94705952111579,65.78730420445177,65.03791069924179,70.06492622376584,52.55186038854133,87.57799205899036,69.82958871492448,87.93388429752066,51.72529313232831,4800.0,5967512.0,5.0,3.0,3.0,2.0,0.0,0.0,1.0
4900.0,258.43062527,1.7516114157061278E-4,4900.0,65.71428571428571,35.36766081023766,-188.16466552315615,8.246859639541244,69.98076689241512,65.51724137931035,65.9090909090909,69.92076549661353,52.4827359421243,87.35879505110275,70.04087135515404,87.16548334243582,52.91625936787228,4900.0,6017032.0,5.0,3.0,3.0,2.0,0.0,0.0,1.0
5000.0,263.914357501,1.8374713565787727E-4,5000.0,66.22,36.11549531710317,-185.78680203045693,8.156606851549762,70.28808344196665,65.41060823264387,66.9923783466875,70.04583759932711,52.46386333771353,87.6278118609407,70.53201066078752,86.84067427949972,54.22334704207529,5000.0,6052248.0,5.0,3.0,3.0,2.0,0.0,0.0,1.0
5100.0,269.401011448,1.92400975569254E-4,5100.0,66.52941176470588,36.4621835516484,-187.85834738617189,7.829373650107993,70.36566199259691,65.17037339318506,67.7863747876958,69.97243463219552,52.37782879632667,87.56704046806436,70.76333400717105,86.23110151187905,55.29556650246305,5100.0,6096824.0,5.0,3.0,3.0,2.0,0.0,0.0,1.0
5200.0,274.910517734,2.012376552534704E-4,5200.0,67.13461538461539,37.377599236929534,-186.26465661641552,7.92025862068964,70.79089281987686,65.17220297534135,68.88767522301112,70.22499774654511,52.409046214355946,88.04094927873429,71.36598230490019,86.15301724137932,56.57894736842105,5200.0,6199816.0,5.0,3.0,3.0,2.0,0.0,0.0,1.0
5300.0,280.474430313,2.102554451269813E-4,5300.0,67.64150943396227,38.06966775717287,-184.4112769485904,7.894736842105258,71.08159638645047,65.09261143903929,69.84350272551434,70.35747997689785,52.409046214355946,88.30591373943976,71.82077294957662,85.87540279269602,57.76614310645725,5300.0,6265016.0,5.0,3.0,3.0,2.0,0.0,0.0,1.0
5400.0,286.067412342,2.1935737900310716E-4,5400.0,67.7962962962963,38.107418093466464,-185.55008210180628,7.696390658174113,70.99761096384485,64.84738225186982,70.28874081667522,70.19289402647107,52.366960496245504,88.01882755669662,71.82099302189083,85.13800424628451,58.503981797497154,5400.0,6290608.0,5.0,3.0,3.0,2.0,0.0,0.0,1.0
5500.0,291.663055832,2.2854099210182507E-4,5500.0,68.16363636363636,38.509465092045836,-184.71544715447158,7.744994731296096,71.11703717721815,64.71892000805964,70.99552757992382,70.2031279833585,52.39804241435563,88.0082135523614,72.05505488403878,84.61538461538461,59.49472515269295,5500.0,6344040.0,5.0,3.0,3.0,2.0,0.0,0.0,1.0
5600.0,297.271701107,2.3784212510253092E-4,5600.0,68.21428571428572,38.51771439849996,-188.49270664505661,6.31578947368422,71.15795964617855,64.3714971977582,71.30883301096068,70.13832132154445,51.93798449612403,88.33865814696486,72.20768136557611,84.63157894736842,59.78378378378378,5600.0,6410328.0,5.0,3.0,3.0,2.0,0.0,0.0,1.0
5700.0,302.909361315,2.472896175229557E-4,5700.0,67.94736842105263,38.09889625479866,-191.38755980861245,4.992199687987515,70.99898303077259,64.070796460177,71.06888361045132,69.96705110779156,51.51802656546489,88.4160756501182,72.06181019282074,84.71138845553821,59.41223193010325,5700.0,6477688.0,5.0,3.0,3.0,2.0,0.0,0.0,1.0
5800.0,308.565808014,2.568803901845834E-4,5800.0,67.60344827586206,37.50632207886697,-194.05320813771507,3.094378545642089,70.74734697630151,63.5923270683976,70.81845006988662,69.68587518221074,50.93109869646183,88.44065166795966,71.84165613768502,84.63125322331099,59.05205905205905,5800.0,6554088.0,5.0,3.0,3.0,2.0,0.0,0.0,1.0
5900.0,314.248165067,2.666000628001317E-4,5900.0,67.28813559322035,37.04388329383396,-198.29984544049458,1.8810371123538585,70.56889673726062,63.335866261398166,70.47123623011016,69.51797644653267,50.561116166211704,88.47483672685364,71.65207877603132,84.74834773767158,58.55580981439105,5900.0,6611888.0,5.0,3.0,3.0,2.0,0.0,0.0,1.0
6000.0,319.939228901,2.7639167047073234E-4,6000.0,67.25,36.96888668770056,-199.08675799086748,1.1071967790639274,70.55815209326722,63.16776007497656,70.51762940735185,69.47046119247258,50.328554360812426,88.61236802413272,71.68044444383132,84.8012078510317,58.55968103663095,6000.0,6650632.0,5.0,3.0,3.0,2.0,0.0,0.0,1.0
6100.0,325.673804553,2.8631869335663196E-4,6100.0,67.27868852459017,37.05620348139846,-197.46646795827124,1.5293537247163507,70.60479837986765,63.29532916513424,70.4821058858326,69.5373585709568,50.454412195836994,88.62030494607662,71.70552076793875,84.90379871731622,58.50724281856125,6100.0,6691448.0,5.0,3.0,3.0,2.0,0.0,0.0,1.0
6200.0,331.403860432,2.963781124439549E-4,6200.0,67.0,36.61459834975699,-196.95210449927438,0.9200968523002389,70.39033615068277,63.12184571016582,70.14010507880909,69.35794459254272,50.272753373528566,88.44313581155686,71.45392635360459,84.79418886198548,58.1136638452237,6200.0,6786040.0,5.0,3.0,3.0,2.0,0.0,0.0,1.0
6300.0,337.183732965,3.0665762261857584E-4,6300.0,66.61904761904762,35.865263466072776,-200.8583690987125,-0.2861230329041411,69.96850164765227,62.6664299662702,69.81484139514855,68.9517904735088,49.915158371040725,87.98842257597684,71.01564486433662,84.16785884597043,57.86343088270283,6300.0,6874744.0,5.0,3.0,3.0,2.0,0.0,0.0,1.0
6400.0,342.926094304,3.1692948467674164E-4,6400.0,66.796875,35.86851385466447,-200.56577086280055,-0.28315243039170496,69.85291246023074,62.42263483642794,70.25892232330303,68.777411587755,49.915158371040725,87.63966480446928,70.96258377529739,83.29400660689005,58.63116094370474,6400.0,6914504.0,5.0,3.0,3.0,2.0,0.0,0.0,1.0
6500.0,348.706349686,3.2736909268266134E-4,6500.0,66.75384615384615,35.42236938046115,-202.66106442577038,-0.2784222737819002,69.45777649851338,62.027763134774204,70.43371186208785,68.37863181709932,49.915158371040725,86.8421052631579,70.57152926664514,81.90255220417633,59.24050632911393,6500.0,6981352.0,5.0,3.0,3.0,2.0,0.0,0.0,1.0
6600.0,354.511680601,3.380651963474323E-4,6600.0,66.72727272727272,35.017700924321815,-204.15512465373968,-0.27397260273974455,69.10238945446095,61.64862032832693,70.61814289537061,68.02220059544204,49.915158371040725,86.12924281984334,70.21743857360296,80.59360730593608,59.84126984126984,6600.0,7121984.0,5.0,3.0,3.0,2.0,0.0,0.0,1.0
6700.0,360.318076921,3.4883142312713166E-4,6700.0,66.73134328358209,34.68272994287499,-204.92476060191515,-0.2699055330634205,68.80224109946316,61.29536377843377,70.82842559874362,67.71990535492618,49.915158371040725,85.52465233881163,69.91973570920939,79.39721097615835,60.44226044226044,6700.0,7167360.0,5.0,3.0,3.0,2.0,0.0,0.0,1.0
6800.0,366.220478315,3.5982445190712204E-4,6800.0,66.9264705882353,34.74122822289543,-204.33017591339654,-0.26749888542130307,68.75527100346295,61.08323239314759,71.24408643395984,67.63527526395173,49.915158371040725,85.35539215686273,69.91298410552578,78.68925546143558,61.136712749615974,6800.0,7199312.0,5.0,3.0,3.0,2.0,0.0,0.0,1.0
6900.0,372.067158537,3.7072725419554987E-4,6900.0,67.3768115942029,35.31679233858038,-203.77867746288803,-0.26726057906456596,69.03314147498125,61.06209998270196,71.92916822546452,67.82321533296388,49.915158371040725,85.73127229488703,70.28702044643904,78.61915367483296,61.954887218045116,6900.0,7208272.0,5.0,3.0,3.0,2.0,0.0,0.0,1.0
7000.0,377.891146306,3.8165385260611925E-4,7000.0,67.35714285714286,34.94770926461751,-205.07343124165556,-0.2632733655111649,68.73101977544313,60.705073086844365,72.08307880268784,67.53841059429635,49.915158371040725,85.16166281755197,69.96650481696571,77.44624835454147,62.48676127938996,7000.0,7252152.0,5.0,3.0,3.0,2.0,0.0,0.0,1.0
7100.0,383.714054865,3.925932250523139E-4,7100.0,67.63380281690141,35.17701548078934,-205.58510638297864,-0.26178010471204843,68.80213003298138,60.56966369251887,72.55136168179645,67.5642009588088,49.915158371040725,85.21324354657688,70.08626910355922,77.00698080279233,63.16555740432612,7100.0,7261976.0,5.0,3.0,3.0,2.0,0.0,0.0,1.0
7200.0,389.547136769,4.035717376879527E-4,7200.0,67.90277777777777,35.39238587510251,-206.90571049136776,-0.26030368763558087,68.86783542092228,60.43485704502655,72.99918214744713,67.5885835523326,49.915158371040725,85.26200873362446,70.1964464159497,76.57266811279827,63.82022471910113,7200.0,7275248.0,5.0,3.0,3.0,2.0,0.0,0.0,1.0
7300.0,395.373496391,4.14551790817413E-4,7300.0,67.9041095890411,35.07881153447957,-209.51122853368554,-0.25673940949935364,68.61578422852088,60.10556785288609,73.15228600893778,67.35927950433013,49.915158371040725,84.80340063761955,69.92005711757807,75.52417629439452,64.31593794076164,7300.0,7284664.0,5.0,3.0,3.0,2.0,0.0,0.0,1.0
7400.0,401.255671866,4.256370802842366E-4,7400.0,68.33783783783784,35.6245453522037,-209.51122853368562,-0.2567394094993555,68.88741935185175,60.10556785288609,73.75378066539712,67.55592287082057,49.915158371040725,85.19668737060042,70.27245749343467,75.52417629439452,65.02073869247482,7400.0,7284696.0,5.0,3.0,3.0,2.0,0.0,0.0,1.0
7500.0,407.333346731,4.371042959253815E-4,7500.0,68.73333333333333,36.09446892586966,-208.95915678524383,-0.2565198802907299,69.11537677624565,60.08510638297872,74.3013698630137,67.71741773244267,49.915158371040725,85.5196770938446,70.572271448499,75.45959811885422,65.68494477814377,7500.0,7293280.0,5.0,3.0,3.0,2.0,0.0,0.0,1.0
7600.0,413.470310309,4.487043583406964E-4,7600.0,69.14473684210526,36.595899218288835,-208.9591567852437,-0.25651988029073414,69.36450145933212,60.08510638297872,74.85254691689008,67.89557131150461,49.915158371040725,85.8759842519685,70.89839818506863,75.45959811885422,66.33719825128303,7600.0,7306496.0,5.0,3.0,3.0,2.0,0.0,0.0,1.0
7700.0,419.419284315,4.599985534068487E-4,7700.0,69.54545454545455,37.076797774414715,-208.9591567852439,-0.2565198802907189,69.60320535731213,60.08510638297872,75.38057742782152,68.06516804238876,49.915158371040725,86.2151777137368,71.21235828345247,75.45959811885422,66.96511844805075,7700.0,7338640.0,5.0,3.0,3.0,2.0,0.0,0.0,1.0
7800.0,425.46121115,4.714709085748992E-4,7800.0,69.93589743589743,37.53840034378296,-208.95915678524375,-0.2565198802907513,69.83213289545185,60.08510638297872,75.88688946015424,68.22680995475113,49.915158371040725,86.53846153846155,71.51482011784131,75.45959811885422,67.57004211682842,7800.0,7339720.0,5.0,3.0,3.0,2.0,0.0,0.0,1.0
7900.0,431.200982426,4.8237360806214786E-4,7900.0,70.31645569620252,37.98184545780917,-208.9591567852437,-0.2565198802907389,70.05187607328179,60.08510638297872,76.37279596977329,68.38104389679442,49.915158371040725,86.84692942254813,71.80640398659848,75.45959811885422,68.15320985434275,7900.0,7342464.0,5.0,3.0,3.0,2.0,0.0,0.0,1.0
8000.0,436.944296187,4.93283666481027E-4,8000.0,70.6875,38.408183805738624,-208.95915678524358,-0.2565198802906942,70.26297972993693,60.08510638297872,76.8395061728395,68.52836771598632,49.915158371040725,87.1415770609319,72.08768635849087,75.45959811885422,68.71577459812754,8000.0,7342888.0,5.0,3.0,3.0,2.0,0.0,0.0,1.0
8100.0,442.662667078,5.041468047213729E-4,8100.0,71.04938271604938,38.818386546042575,-208.95915678524366,-0.2565198802907113,70.46594618217891,60.08510638297872,77.28813559322035,68.66923562723815,49.915158371040725,87.42331288343557,72.35920367668105,75.45959811885422,69.25880923450791,8100.0,7343200.0,5.0,3.0,3.0,2.0,0.0,0.0,1.0
8200.0,449.267075143,5.140411461613669E-4,8200.0,71.40243902439025,39.21335269165766,-208.9591567852439,-0.2565198802907227,70.66123932136604,60.08510638297872,77.71971496437055,68.80406289049463,49.915158371040725,87.69296740994854,72.62145577329846,75.45959811885422,69.78331342774271,8200.0,5791024.0,7.0,4.0,4.0,3.0,0.0,0.0,1.0
8300.0,454.904240716,5.226541999094559E-4,8300.0,71.73493975903614,39.57494859380289,-209.090909090909,-0.299273193672507,70.840929236072,60.07488087134105,78.12383439015294,68.92490893337111,49.901046084252194,87.94877178249003,72.86652108593272,75.45959811885422,70.27344405301123,8300.0,5906072.0,7.0,4.0,4.0,3.0,0.0,0.0,1.0
8400.0,460.545975629,5.313887433435481E-4,8400.0,72.07142857142857,39.94205955727475,-209.0909090909092,-0.2992731936724766,71.02222367150024,60.07488087134105,78.52435005492494,69.04881627675493,49.901046084252194,88.19658646925767,73.11174923266584,75.45959811885422,70.76390034647748,8400.0,5984528.0,7.0,4.0,4.0,3.0,0.0,0.0,1.0
8500.0,466.163452254,5.401113304233626E-4,8500.0,72.39999999999999,40.29625345741906,-209.090909090909,-0.299273193672536,71.19703635102354,60.07488087134105,78.91046386192018,69.16773037639972,49.901046084252194,88.43441466854725,73.34901671889797,75.45959811885422,71.23843531894173,8500.0,6002144.0,7.0,4.0,4.0,3.0,0.0,0.0,1.0
8600.0,471.789800424,5.489266297353341E-4,8600.0,72.72093023255813,40.63820025201018,-209.09090909090918,-0.29927319367251176,71.36571018010794,60.07488087134105,79.28293889085128,69.28194709900937,49.901046084252194,88.66284811376654,73.5787049849981,75.45959811885422,71.69781185114199,8600.0,6056376.0,7.0,4.0,4.0,3.0,0.0,0.0,1.0
8700.0,477.438163296,5.578978208824378E-4,8700.0,73.03448275862068,40.96852435540777,-209.09090909090912,-0.2992731936724923,71.5285641872211,60.07488087134105,79.64248524817774,69.39173938921112,49.901046084252194,88.88243269417005,73.80117148514633,75.45959811885422,72.14274485143845,8700.0,6139456.0,7.0,4.0,4.0,3.0,0.0,0.0,1.0
8800.0,483.107755542,5.672361232981669E-4,8800.0,73.27272727272728,41.15498021639853,-208.25688073394502,-0.29850746268654565,71.60430932430695,60.013600816048964,79.92831541218638,69.44035773716695,49.901046084252194,88.97966939008171,73.90746830195597,75.26652452025586,72.54841208365607,8800.0,6366760.0,7.0,4.0,4.0,3.0,0.0,0.0,1.0
8900.0,488.76215805,5.766129859698178E-4,8900.0,73.50561797752809,41.333815793291706,-208.23529411764702,-0.29774564015313465,71.67657075815848,59.952445652173914,80.2048354600403,69.48716298245799,49.901046084252194,89.0732798806638,74.00843518471069,75.07443641003829,72.94243395938311,8900.0,6410224.0,7.0,4.0,4.0,3.0,0.0,0.0,1.0
9000.0,494.454283892,5.862320700979808E-4,9000.0,73.8,41.63531029074922,-208.23529411764721,-0.2977456401531218,71.82516954164481,59.952445652173914,80.53170409511229,69.58716957333606,49.901046084252194,89.27329306241991,74.21190612801509,75.07443641003829,73.34937584599189,9000.0,6532232.0,7.0,4.0,4.0,3.0,0.0,0.0,1.0
9100.0,501.020061727,5.992325688672366E-4,9100.0,74.08791208791209,41.92719608476641,-208.23529411764693,-0.29774564015311666,71.96896939758675,59.952445652173914,80.84795321637426,69.6835807448045,49.901046084252194,89.46611540535682,74.4093474093457,75.07443641003829,73.74425840865312,9100.0,7653784.0,7.0,4.0,4.0,3.0,0.0,0.0,1.0
9200.0,506.774293516,6.106277107547529E-4,9200.0,74.36956521739131,42.20992531799114,-208.23529411764682,-0.29774564015311816,72.10819981096095,59.952445652173914,81.15409207161125,69.77658696584145,49.901046084252194,89.65212784743069,74.60102314004615,75.07443641003829,74.12760987005402,9200.0,7654816.0,7.0,4.0,4.0,3.0,0.0,0.0,1.0
9300.0,512.483150167,6.220605988570638E-4,9300.0,74.31182795698925,41.833048699417795,-207.06940874036,-0.29387069689335976,71.84449636484277,59.63845244129076,81.16079173566753,69.59740834491977,49.901046084252194,89.29377060558737,74.24152887040196,74.09739714525608,74.38566059554785,9300.0,7741216.0,7.0,4.0,4.0,3.0,0.0,0.0,1.0
9324.0,514.081255305,6.252659554108926E-4,9324.0,74.32432432432432,41.79450195983085,-206.13810741687982,-0.2932551319648353,71.81339357558369,59.58811613774478,81.18516189877396,69.57640864779397,49.901046084252194,89.25177121133575,74.19900174042291,73.94218684541265,74.45581663543318,9324.0,7753064.0,7.0,4.0,4.0,3.0,0.0,0.0,1.0
