learning evaluation instances,evaluation time (cpu seconds),model cost (RAM-Hours),classified instances,classifications correct (percent),Kappa Statistic (percent),Kappa Temporal Statistic (percent),Kappa M Statistic (percent),F1 Score (percent),F1 Score for class 0 (percent),F1 Score for class 1 (percent),Precision (percent),Precision for class 0 (percent),Precision for class 1 (percent),Recall (percent),Recall for class 0 (percent),Recall for class 1 (percent),model training instances,model serialized size (bytes),tree size (nodes),tree size (leaves),active learning leaves,tree depth,active leaf byte size estimate,inactive leaf byte size estimate,byte size estimate overhead
100.0,0.603348078,3.7373370541756356E-9,100.0,100.0,?,?,?,?,100.0,?,?,100.0,?,?,100.0,?,100.0,23944.0,1.0,1.0,1.0,0.0,0.0,0.0,1.0
200.0,1.004542195,9.83100885756521E-9,200.0,97.0,0.0,-50.0,0.0,?,98.47715736040608,?,?,97.0,?,50.0,100.0,0.0,200.0,58712.0,1.0,1.0,1.0,0.0,0.0,0.0,1.0
300.0,1.316889789,1.4703846196517764E-8,300.0,98.0,0.0,-50.00000000000042,0.0,?,98.98989898989899,?,?,98.0,?,50.0,100.0,0.0,300.0,60304.0,1.0,1.0,1.0,0.0,0.0,0.0,1.0
400.0,1.589927614,1.8965684419371602E-8,400.0,98.5,0.0,-50.0,0.0,?,99.24433249370279,?,?,98.5,?,50.0,100.0,0.0,400.0,60336.0,1.0,1.0,1.0,0.0,0.0,0.0,1.0
500.0,1.788434606,2.2289719710149286E-8,500.0,98.4,0.0,-33.33333333333333,0.0,?,99.19354838709677,?,?,98.4,?,50.0,100.0,0.0,500.0,64728.0,1.0,1.0,1.0,0.0,0.0,0.0,1.0
600.0,2.019610508,2.627514964543076E-8,600.0,98.33333333333333,0.0,-25.00000000000063,0.0,?,99.15966386554621,?,?,98.33333333333333,?,50.0,100.0,0.0,600.0,66640.0,1.0,1.0,1.0,0.0,0.0,0.0,1.0
700.0,2.22269419,3.037100384397018E-8,700.0,96.85714285714285,0.0,-83.33333333333377,0.0,?,98.4034833091437,?,?,96.85714285714285,?,50.0,100.0,0.0,700.0,77960.0,1.0,1.0,1.0,0.0,0.0,0.0,1.0
800.0,2.425240264,3.483580200422762E-8,800.0,84.75,0.0,-838.461538461539,0.0,?,91.74560216508796,?,?,84.75,?,50.0,100.0,0.0,800.0,85208.0,1.0,1.0,1.0,0.0,0.0,0.0,1.0
900.0,2.603609892,3.881639824095492E-8,900.0,77.66666666666666,0.0,-617.8571428571435,0.0,?,87.4296435272045,?,?,77.66666666666666,?,50.0,100.0,0.0,900.0,86264.0,1.0,1.0,1.0,0.0,0.0,0.0,1.0
1000.0,2.784162942,4.2845720942461236E-8,1000.0,74.3,0.0,-301.56250000000034,0.0,?,85.25530694205393,?,?,74.3,?,50.0,100.0,0.0,1000.0,86264.0,1.0,1.0,1.0,0.0,0.0,0.0,1.0
1100.0,2.963213728,4.6842629975132224E-8,1100.0,70.45454545454545,0.0,-238.5416666666666,0.0,?,82.66666666666667,?,?,70.45454545454545,?,50.0,100.0,0.0,1100.0,86288.0,1.0,1.0,1.0,0.0,0.0,0.0,1.0
1200.0,3.133439064,5.064323513969985E-8,1200.0,70.08333333333333,0.0,-206.83760683760676,0.0,?,82.41058304752573,?,?,70.08333333333333,?,50.0,100.0,0.0,1200.0,86304.0,1.0,1.0,1.0,0.0,0.0,0.0,1.0
1300.0,3.235252919,5.293749501662328E-8,1300.0,67.76923076923077,0.0,-235.20000000000005,0.0,?,80.7886290692343,?,?,67.76923076923077,?,50.0,100.0,0.0,1300.0,87104.0,1.0,1.0,1.0,0.0,0.0,0.0,1.0
1400.0,3.388869576,5.6433726273357033E-8,1400.0,65.85714285714286,0.0,-229.6551724137932,0.0,?,79.41429801894918,?,?,65.85714285714286,?,50.0,100.0,0.0,1400.0,87976.0,1.0,1.0,1.0,0.0,0.0,0.0,1.0
1500.0,3.524861415,5.9548809207135596E-8,1500.0,64.33333333333333,0.0,-198.88268156424593,0.0,?,78.29614604462475,?,?,64.33333333333333,?,50.0,100.0,0.0,1500.0,88544.0,1.0,1.0,1.0,0.0,0.0,0.0,1.0
1600.0,3.63308338,6.207347567353396E-8,1600.0,62.875,0.0,-166.36771300448424,0.0,?,77.20644666155026,?,?,62.875,?,50.0,100.0,0.0,1600.0,90176.0,1.0,1.0,1.0,0.0,0.0,0.0,1.0
1700.0,3.726516682,6.428272902473806E-8,1700.0,61.588235294117645,0.0,-172.08333333333326,0.0,?,76.22861303239898,?,?,61.588235294117645,?,50.0,100.0,0.0,1700.0,91400.0,1.0,1.0,1.0,0.0,0.0,0.0,1.0
1800.0,3.818786469,6.64782200479735E-8,1800.0,61.111111111111114,0.0,-146.47887323943655,0.0,?,75.86206896551725,?,?,61.111111111111114,?,50.0,100.0,0.0,1800.0,91976.0,1.0,1.0,1.0,0.0,0.0,0.0,1.0
1900.0,3.913129038,6.873748002089973E-8,1900.0,59.578947368421055,0.0,-154.30463576158942,0.0,?,74.67018469656993,?,?,59.578947368421055,?,50.0,100.0,0.0,1900.0,92568.0,1.0,1.0,1.0,0.0,0.0,0.0,1.0
2000.0,4.00624208,7.097461888616283E-8,2000.0,59.599999999999994,0.0,-141.9161676646706,0.0,?,74.68671679197995,?,?,59.599999999999994,?,50.0,100.0,0.0,2000.0,92872.0,1.0,1.0,1.0,0.0,0.0,0.0,1.0
2100.0,4.1015853,7.329099209941922E-8,2100.0,57.99999999999999,0.0,-137.73584905660383,0.0,?,73.41772151898734,?,?,57.99999999999999,?,50.0,100.0,0.0,2100.0,93912.0,1.0,1.0,1.0,0.0,0.0,0.0,1.0
2200.0,4.196412607,7.560228884915302E-8,2200.0,56.59090909090909,0.0,-139.9497487437186,0.0,?,72.27866473149493,?,?,56.59090909090909,?,50.0,100.0,0.0,2200.0,94216.0,1.0,1.0,1.0,0.0,0.0,0.0,1.0
2300.0,4.291496772,7.793185018133163E-8,2300.0,55.869565217391305,0.0,-149.38574938574936,0.0,?,71.68758716875871,?,?,55.869565217391305,?,50.0,100.0,0.0,2300.0,94704.0,1.0,1.0,1.0,0.0,0.0,0.0,1.0
2400.0,4.383963661,8.019901060108507E-8,2400.0,55.50000000000001,0.0,-147.79582366589327,0.0,?,71.38263665594855,?,?,55.50000000000001,?,50.0,100.0,0.0,2400.0,94776.0,1.0,1.0,1.0,0.0,0.0,0.0,1.0
2500.0,4.472190089,8.236220077327553E-8,2500.0,55.279999999999994,0.0,-143.5729847494554,0.0,?,71.20041215868109,?,?,55.279999999999994,?,50.0,100.0,0.0,2500.0,94776.0,1.0,1.0,1.0,0.0,0.0,0.0,1.0
2600.0,4.558457995,8.447754923133383E-8,2600.0,53.15384615384615,0.0,-165.35947712418303,0.0,?,69.4123556002009,?,?,53.15384615384615,?,50.0,100.0,0.0,2600.0,94784.0,1.0,1.0,1.0,0.0,0.0,0.0,1.0
2700.0,4.645886331,8.662659955539634E-8,2700.0,51.18518518518519,0.0,-187.14596949891057,0.0,?,67.71190592846644,?,?,51.18518518518519,?,50.0,100.0,0.0,2700.0,95016.0,1.0,1.0,1.0,0.0,0.0,0.0,1.0
2800.0,4.738565777,8.890491768650708E-8,2800.0,50.535714285714285,2.297987610639083,-201.74291938997823,-0.21707670043416166,60.82115544454096,66.61846228006749,4.548587181254306,74.97289483194795,49.945789663895916,100.0,51.163610719322996,100.0,2.32722143864598,2800.0,95024.0,1.0,1.0,1.0,0.0,0.0,0.0,1.0
2900.0,4.864637186,9.200592941633733E-8,2900.0,52.241379310344826,8.385096001197056,-201.74291938997828,-0.21707670043416083,63.03777325153208,66.61846228006749,16.1114476075106,74.97289483194795,49.945789663895916,100.0,54.38076416337287,100.0,8.761528326745719,2900.0,95080.0,1.0,1.0,1.0,0.0,0.0,0.0,1.0
3000.0,4.96405919,9.445143869598082E-8,3000.0,53.833333333333336,13.419678883903604,-201.74291938997814,-0.21707670043415359,64.8916724314456,66.61846228006749,25.175580767152887,74.97289483194795,49.945789663895916,100.0,57.200247218788626,100.0,14.400494437577255,3000.0,95080.0,1.0,1.0,1.0,0.0,0.0,0.0,1.0
3100.0,5.056231389,9.6718622608102E-8,3100.0,55.32258064516129,17.653002198732924,-201.7429193899782,-0.2170767004341552,66.46515035148911,66.61846228006749,32.47196489517308,74.97289483194795,49.945789663895916,100.0,59.69150174621654,100.0,19.383003492433062,3100.0,95080.0,1.0,1.0,1.0,0.0,0.0,0.0,1.0
3200.0,5.147199878,9.896071700130275E-8,3200.0,56.53125,20.723914335093905,-200.43196544276464,-0.21613832853026757,67.32831510866097,66.5222623345367,38.04008908685969,74.28005418529668,49.945789663895916,98.61431870669746,61.56642237787151,99.56772334293949,23.56512141280353,3200.0,95272.0,1.0,1.0,1.0,0.0,0.0,0.0,1.0
3300.0,5.263132982,1.0181931230519584E-7,3300.0,56.84848484848485,21.10917226746999,-201.05708245243133,-0.21111893033074142,66.2016672306703,65.99808978032475,40.96185737976783,71.31435824658212,49.945789663895916,92.6829268292683,61.77301700074792,97.25545390570021,26.290580095795633,3300.0,95312.0,1.0,1.0,1.0,0.0,0.0,0.0,1.0
3400.0,5.36852425,1.0183370811769736E-7,3400.0,57.94117647058824,23.584481897443535,-199.79035639413001,-0.2102312543798118,67.12831098350294,65.90367191225562,45.126630851880286,71.41839246227971,49.945789663895916,92.89099526066352,63.32443132960701,96.84653118430273,29.802331474911302,3400.0,528.0,3.0,2.0,2.0,1.0,0.0,0.0,1.0
3500.0,5.50853975,1.0371407029123973E-7,3500.0,57.85714285714286,22.83779929965868,-203.49794238683114,-0.20380434782606827,65.6763930175946,65.20405756074547,46.5773270554147,68.8337406709657,49.945789663895916,87.72169167803547,62.795991981819746,93.88586956521739,31.70611439842209,3500.0,51912.0,3.0,2.0,2.0,1.0,0.0,0.0,1.0
3600.0,5.690666206,1.0622253914409417E-7,3600.0,58.666666666666664,24.035446721433516,-201.8255578093307,1.7821782178217709,66.07432779433084,65.53960166743863,48.36918806384456,68.96728769274361,50.48162682839814,87.45294855708909,63.414298264358806,93.3993399339934,33.42925659472422,3600.0,53240.0,3.0,2.0,2.0,1.0,0.0,0.0,1.0
3700.0,5.798728417,1.0772074483792397E-7,3700.0,59.56756756756757,25.37947245260656,-201.0060362173039,4.163997437540049,66.58963296247849,66.01544752385279,50.100066711140755,69.28560218552634,51.14396339317142,87.42724097788125,64.09561126320351,93.08135810377964,35.109864422627396,3700.0,53592.0,3.0,2.0,2.0,1.0,0.0,0.0,1.0
3800.0,5.90146399,1.0927012229682045E-7,3800.0,60.36842105263158,26.904502497697724,-190.7335907335908,4.984227129337552,67.26161250252778,66.17250673854447,52.16010165184244,69.68672976409309,51.377746773630975,87.9957127545552,64.999608348584,92.93375394321767,37.06546275395034,3800.0,58296.0,3.0,2.0,2.0,1.0,0.0,0.0,1.0
3900.0,6.008478664,1.1089665806234914E-7,3900.0,61.256410256410255,28.242302325071662,-182.4299065420562,7.69700671960903,67.87897738900112,66.84222075927146,53.407338883749624,70.26244059267543,52.157534246575345,88.36734693877551,65.65191383200735,93.03604153940135,38.267786124613345,3900.0,58752.0,3.0,2.0,2.0,1.0,0.0,0.0,1.0
4000.0,6.105874202,1.1237699080587464E-7,4000.0,62.175000000000004,30.191021910237563,-182.8037383177569,7.574832009773984,68.7905472596568,66.81289756525554,56.030223772159246,70.77334760672983,52.12183436002738,89.42486085343229,66.91582017723347,93.03604153940135,40.795598815065595,4000.0,58752.0,3.0,2.0,2.0,1.0,0.0,0.0,1.0
4100.0,6.29560508,1.1633901204212047E-7,4100.0,63.0,31.782865135019406,-182.49534450651768,7.893139040680031,69.51608962278753,66.8849596158044,58.082343188726156,71.17631342946773,52.21540558963872,90.13722126929675,67.93155154178459,93.01760777170614,42.845495311863026,4100.0,80720.0,5.0,3.0,3.0,2.0,0.0,0.0,1.0
4200.0,6.475123624,1.2035119265165797E-7,4200.0,63.595238095238095,32.744414952444146,-179.5246800731261,8.333333333333325,69.79362928465737,66.84016482324876,59.64634468197414,71.12905750224836,52.36153584777438,89.89657915672235,68.50742155091093,92.38609112709833,44.62875197472354,4200.0,86392.0,5.0,3.0,3.0,2.0,0.0,0.0,1.0
4300.0,6.651939843,1.243761651550026E-7,4300.0,64.27906976744187,34.03775092379907,-180.29197080291962,8.023952095808397,70.38309046544646,66.75324675324676,61.4070351758794,71.39485247959824,52.271186440677965,90.51851851851852,69.39960383415678,92.33532934131736,46.4638783269962,4300.0,87992.0,5.0,3.0,3.0,2.0,0.0,0.0,1.0
4400.0,6.826401531,1.2838906276656104E-7,4400.0,64.56818181818181,34.348496205772605,-179.39068100358423,8.723653395784533,70.35201094686242,66.75197270206867,62.07735344198492,71.21082098770248,52.49916135524991,89.92248062015504,69.51366874180067,91.62763466042153,47.39970282317979,4400.0,88912.0,5.0,3.0,3.0,2.0,0.0,0.0,1.0
4500.0,6.986199981,1.3213446434737904E-7,4500.0,64.24444444444445,33.898758149336864,-186.8092691622102,7.581849511774841,70.20055658992396,66.51404786680541,61.644815256257445,71.09791486359703,52.15404699738904,90.041782729805,69.32556789237,91.78632969557725,46.86480608916274,4500.0,90600.0,5.0,3.0,3.0,2.0,0.0,0.0,1.0
4600.0,7.083098536,1.3440981165352377E-7,4600.0,64.39130434782608,34.196311716721,-191.45907473309614,6.239267315397815,70.29329260611303,66.11501861812164,62.4828218048557,70.95874197726174,51.7654680919987,90.15201586252478,69.64020841095375,91.4710933028048,47.8093235191027,4600.0,90768.0,5.0,3.0,3.0,2.0,0.0,0.0,1.0
4700.0,7.188080714,1.3692321086687756E-7,4700.0,64.38297872340426,33.76517828715497,-196.28318584070797,6.428172163219678,69.71074963610891,65.71077427283902,62.94820717131473,70.17345106108077,51.85903653410928,88.48786558805227,69.25411005344121,89.65902738960312,48.84919271727928,4700.0,92544.0,5.0,3.0,3.0,2.0,0.0,0.0,1.0
4800.0,7.289468118,1.3938894612769696E-7,4800.0,64.625,33.93976088177582,-194.28076256499128,6.446280991735545,69.58988732051797,65.44566544566545,63.76440460947504,69.85919677110384,51.88770571151985,87.83068783068782,69.32264628929772,88.59504132231405,50.050251256281406,4800.0,94008.0,5.0,3.0,3.0,2.0,0.0,0.0,1.0
4900.0,7.387753318,1.4178920315219707E-7,4900.0,65.06122448979592,34.51845602562436,-193.65351629502575,6.499180775532514,69.74533286864889,65.28791565287916,64.83155299917831,69.81706666733588,51.91873589164786,87.7153974430239,69.67374632496812,87.93009284543966,51.417399804496576,4900.0,94400.0,5.0,3.0,3.0,2.0,0.0,0.0,1.0
5000.0,7.506126394,1.4532826506255812E-7,5000.0,65.68,35.48780020165702,-190.3553299492386,6.688417618270817,70.17573630693016,65.29126213592234,66.06012658227849,70.05366270250978,51.98067632850242,88.12664907651715,70.29823609828803,87.76508972267537,52.83138247390067,5000.0,115568.0,7.0,4.0,4.0,3.0,0.0,0.0,1.0
5100.0,7.607597149,1.4844494118068984E-7,5100.0,66.13725490196079,36.16004369793801,-191.23102866779075,6.74946004319655,70.45490380580037,65.24451599919502,66.98528006117377,70.1780582496941,52.005133140840556,88.35098335854765,70.73394226984009,87.52699784017278,53.94088669950739,5100.0,118728.0,7.0,4.0,4.0,3.0,0.0,0.0,1.0
5200.0,7.709220947,1.5158629853080748E-7,5200.0,66.71153846153847,37.00739350630011,-189.94974874371863,6.7349137931034555,70.82809931819195,65.19203699979892,68.10392482034274,70.36166402601317,52.005133140840556,88.71819491118579,71.30075998185119,87.33836206896551,55.26315789473685,5200.0,119488.0,7.0,4.0,4.0,3.0,0.0,0.0,1.0
5300.0,7.802516289,1.544746506669931E-7,5300.0,67.22641509433961,37.71662957398258,-188.05970149253736,6.713211600429629,71.12129438867993,65.11347660172724,69.09802526240883,70.4826398640529,52.005133140840556,88.96014658726523,71.77162864778501,87.05692803437164,56.48632926119838,5300.0,119672.0,7.0,4.0,4.0,3.0,0.0,0.0,1.0
5400.0,7.918622908,1.5827899988747097E-7,5400.0,67.11111111111111,37.296401604308286,-191.62561576354688,5.732484076433126,70.80273731776356,64.63560334528076,69.26272066458982,70.09118988086482,51.7208413001912,88.46153846153845,71.52887980696072,86.14649681528662,56.91126279863481,5400.0,126656.0,7.0,4.0,4.0,3.0,0.0,0.0,1.0
5500.0,8.01558642,1.6149303053448388E-7,5500.0,67.49090909090908,37.71834047307207,-190.7317073170732,5.795574288724978,70.92504453449703,64.5097260817785,70.010063737001,70.0918978732592,51.7515923566879,88.4322033898305,71.77823583549474,85.61643835616438,57.9400333148251,5500.0,128128.0,7.0,4.0,4.0,3.0,0.0,0.0,1.0
5600.0,8.163607671,1.6699806146881024E-7,5600.0,68.0,38.417732394020476,-190.4376012965963,5.684210526315808,71.25025057278233,64.45854819516065,70.89964274114972,70.26534642593923,51.718650541056654,88.81204231082181,72.26315789473684,85.52631578947368,59.0,5600.0,143760.0,9.0,5.0,5.0,4.0,0.0,0.0,1.0
5700.0,8.277338342,1.715243736282467E-7,5700.0,68.38596491228071,38.966106740681724,-187.40031897926633,6.292251690067603,71.48627582151231,64.58333333333333,71.4512040557668,70.43308374697365,51.91153238546603,88.95463510848126,72.57144296891812,85.43941757670306,59.70346836113317,5700.0,153840.0,9.0,5.0,5.0,4.0,0.0,0.0,1.0
5800.0,8.372980688,1.7540997403777928E-7,5800.0,68.72413793103448,39.31366974412785,-183.8810641627542,6.446621970087678,71.57980934598494,64.48707909162098,72.05791743684534,70.43689466526435,51.97223098769328,88.90155834283541,72.76042582901789,84.9406910778752,60.58016058016058,5800.0,157040.0,9.0,5.0,5.0,4.0,0.0,0.0,1.0
5900.0,8.461834904,1.7905528881850133E-7,5900.0,69.05084745762711,39.702278109207974,-182.22565687789802,7.168276563294359,71.69547726969253,64.55745341614907,72.53309265944645,70.5082236889656,52.21350078492936,88.80294659300183,72.92339880595293,84.54499237417387,61.30180523773201,5900.0,158584.0,9.0,5.0,5.0,4.0,0.0,0.0,1.0
6000.0,8.551524468,1.8277645375016454E-7,6000.0,69.35,40.07593639902975,-179.90867579908664,7.448414695520903,71.84215630469598,64.57329994220767,72.99162872668525,70.59329003981074,52.30961298377028,88.87696709585121,73.13600576686413,84.34826371414192,61.92374781958634,6000.0,160376.0,9.0,5.0,5.0,4.0,0.0,0.0,1.0
6100.0,8.639869273,1.864996025535257E-7,6100.0,69.55737704918033,40.32230601390914,-176.75111773472437,8.386778490379868,71.88805247658377,64.70252803649497,73.23821876351059,70.64423879048543,52.62832405689548,88.66015352407537,73.17645011107719,83.96645288603848,62.38644733611588,6100.0,162904.0,9.0,5.0,5.0,4.0,0.0,0.0,1.0
6200.0,8.726311907,1.9014455536299694E-7,6200.0,69.79032258064515,40.578992289790875,-171.84325108853423,9.29782082324453,71.92831460133755,64.799849652321,73.54146065828508,70.68276125681017,52.94840294840295,88.41711956521739,73.21855301258084,83.48668280871671,62.95042321644498,6200.0,162992.0,9.0,5.0,5.0,4.0,0.0,0.0,1.0
6300.0,8.819484253,1.9408445833888732E-7,6300.0,70.04761904761905,40.92280114209657,-169.95708154506448,10.014306151645206,72.04840473358779,64.91912994980478,73.86788533444123,70.78452502535065,53.199268738574034,88.36978131212724,73.35823890354223,83.2618025751073,63.45467523197716,6300.0,163456.0,9.0,5.0,5.0,4.0,0.0,0.0,1.0
6400.0,8.913080403,1.9805932859596691E-7,6400.0,70.40625,41.42467506824912,-167.89250353606784,10.618216139688535,72.2620633517373,65.04245108896272,74.34299647791927,70.94885446509886,53.41012428008487,88.48758465011286,73.6248019746371,83.1524303916942,64.09717355758,6400.0,164160.0,9.0,5.0,5.0,4.0,0.0,0.0,1.0
6500.0,9.024802787,2.028171689801125E-7,6500.0,70.67692307692309,41.7943356008282,-166.94677871148463,11.554524361948976,72.38382874819783,65.206279664111,74.66099441637863,71.06594181338922,53.74661450496539,88.38526912181302,73.75151853345045,82.87703016241299,64.62600690448792,6500.0,164616.0,9.0,5.0,5.0,4.0,0.0,0.0,1.0
6600.0,9.124399511,2.071017029730686E-7,6600.0,70.86363636363636,42.016868916403745,-166.3434903047092,12.191780821917796,72.43750624136214,65.28254197508575,74.8988382717661,71.11801692916868,53.986264556584054,88.24976930175332,73.8068834839872,82.55707762557077,65.05668934240363,6600.0,166288.0,9.0,5.0,5.0,4.0,0.0,0.0,1.0
6700.0,9.226508321,2.1154417664750998E-7,6700.0,71.07462686567165,42.28256570411082,-165.11627906976742,12.820512820512828,72.51757755241246,65.36812008577556,75.16658124038955,71.19111250599383,54.22472576341536,88.1574992485723,73.89441169345476,82.27620332883491,65.5126200580746,6700.0,168176.0,9.0,5.0,5.0,4.0,0.0,0.0,1.0
6800.0,9.330693417,2.1608194312671408E-7,6800.0,71.17647058823529,42.30096712549116,-165.22327469553454,12.617030762371826,72.48885264159503,65.21121760738374,75.39543057996485,71.13157972819705,54.17281038041876,88.09034907597535,73.89892979900603,81.89924208649131,65.89861751152074,6800.0,168360.0,9.0,5.0,5.0,4.0,0.0,0.0,1.0
6900.0,9.431764261,2.2049494601314683E-7,6900.0,71.56521739130434,42.812002982369805,-164.77732793522273,12.605790645879743,72.73840289968233,65.2127659574468,75.95588235294119,71.29222087529071,54.167893961708394,88.41654778887303,74.24447214121845,81.91536748329621,66.57357679914071,6900.0,168776.0,9.0,5.0,5.0,4.0,0.0,0.0,1.0
7000.0,9.53249566,2.249312786849878E-7,7000.0,71.72857142857143,43.00265299136296,-164.21895861148198,13.163668275559475,72.78347112022576,65.27460958062818,76.15949885555958,71.34102714887777,54.385964912280706,88.29608938547486,74.2854483329041,81.61474330846863,66.95615335733955,7000.0,170240.0,9.0,5.0,5.0,4.0,0.0,0.0,1.0
7100.0,9.635240082,2.2950666311014032E-7,7100.0,72.04225352112677,43.43517289929306,-163.96276595744675,13.39441535776614,72.98900923592684,65.33961934695303,76.57264251150714,71.49083247446735,54.46870451237263,88.51296043656207,74.5513222581329,81.63176265270506,67.47088186356073,7100.0,172136.0,9.0,5.0,5.0,4.0,0.0,0.0,1.0
7200.0,9.751794649,2.347259834963311E-7,7200.0,72.29166666666667,43.70582176802284,-164.94023904382465,13.449023861171355,73.09715271167202,65.29831275004348,76.93908218703041,71.55273977431695,54.50058072009292,88.604898828541,74.7097064382399,81.43167028199566,67.98774259448417,7200.0,173096.0,9.0,5.0,5.0,4.0,0.0,0.0,1.0
7300.0,9.854227572,2.3934155525919256E-7,7300.0,72.5068493150685,44.009393792227684,-165.1254953764861,14.120667522464691,73.20890614591535,65.42635658914729,77.18021603183628,71.66386141832393,54.75778546712803,88.56993736951983,74.82203996350917,81.25802310654684,68.38605682047148,7300.0,174176.0,9.0,5.0,5.0,4.0,0.0,0.0,1.0
7400.0,9.962449066,2.4394381047343006E-7,7400.0,72.82432432432432,44.386211589361295,-165.65389696169092,13.94950791613179,73.39578121894426,65.38130487175073,77.63318874429986,71.77199381493612,54.694700460829495,88.84928716904277,75.09474333285075,81.25802310654684,68.93146355915465,7400.0,164384.0,11.0,6.0,6.0,5.0,0.0,0.0,1.0
7500.0,10.064701328,2.483102044440578E-7,7500.0,73.16,44.77969007425034,-165.21739130434793,13.937580162462588,73.57940523118239,65.35880227155396,78.09337251061052,71.88558260380104,54.694700460829495,89.07646474677259,75.35497634567938,81.18854211201368,69.52141057934509,7500.0,165064.0,11.0,6.0,6.0,5.0,0.0,0.0,1.0
7600.0,10.16682181,2.5267815699263367E-7,7600.0,73.48684210526316,45.1650184184523,-165.48089591567842,13.85207353569903,73.76806675445357,65.33631515568554,78.53414296367316,71.99956550021473,54.66321243523316,89.33591856519631,75.62563391477894,81.18854211201368,70.0627257175442,7600.0,165336.0,11.0,6.0,6.0,5.0,0.0,0.0,1.0
7700.0,10.278983221,2.581441196990095E-7,7700.0,73.83116883116884,45.576316137289616,-165.4808959156786,13.852073535699041,73.96705369701006,65.33631515568554,78.98195473036404,72.12573778410972,54.66321243523316,89.58826313298628,75.90484744100964,81.18854211201368,70.6211527700056,7700.0,188376.0,11.0,6.0,6.0,5.0,0.0,0.0,1.0
7800.0,10.381110988,2.6316401970773515E-7,7800.0,74.14102564102564,45.9291554601909,-165.74440052700922,13.766566908935419,74.13978283591112,65.31384350816853,79.38681655595299,72.2279987310901,54.63176064441887,89.82423681776133,76.15552357386072,81.18854211201368,71.12250503570775,7800.0,190000.0,11.0,6.0,6.0,5.0,0.0,0.0,1.0
7900.0,10.485846435,2.6837430579589673E-7,7900.0,74.41772151898735,46.225850149508304,-166.2714097496705,13.595553655408299,74.28739296995491,65.26894655439078,79.75152790301573,72.30710719300984,54.568965517241374,90.04524886877829,76.37920182385436,81.18854211201368,71.56986153569503,7900.0,192296.0,11.0,6.0,6.0,5.0,0.0,0.0,1.0
8000.0,10.586409928,2.734330353220862E-7,8000.0,74.7,46.5302201011897,-166.66666666666654,13.467293715262949,74.43757843552967,65.23531432497424,80.11397131067007,72.39049264935967,54.52196382428941,90.25902147442993,76.60381000672226,81.18854211201368,72.01907790143083,8000.0,194448.0,11.0,6.0,6.0,5.0,0.0,0.0,1.0
8100.0,10.689342604,2.7861243505331995E-7,8100.0,74.96296296296296,46.801671873432355,-167.19367588932798,13.296280461735806,74.57283852595128,65.19052523171987,80.45112781954889,72.46057963520136,54.45942070547749,90.46173856492521,76.8119415993153,81.18854211201368,72.43534108661692,8100.0,194504.0,11.0,6.0,6.0,5.0,0.0,0.0,1.0
8200.0,10.794524849,2.8392853938995133E-7,8200.0,75.21951219512195,47.06164891856427,-167.72068511198955,13.125267208208646,74.70249011350867,65.14579759862778,80.77578051087986,72.52660559242865,54.397020910913774,90.65619027394351,77.0129709365733,81.18854211201368,72.83739976113291,8200.0,195368.0,11.0,6.0,6.0,5.0,0.0,0.0,1.0
8300.0,10.895566632,2.8904750591900816E-7,8300.0,75.46987951807229,47.31077222014188,-168.24769433465073,12.954253954681505,74.82684004147619,65.10113129928008,81.08861229797512,72.58881797841126,54.33476394849785,90.84287200832466,77.20725545459769,81.18854211201368,73.22596879718168,8300.0,195832.0,11.0,6.0,6.0,5.0,0.0,0.0,1.0
8400.0,11.008947839,2.948221159182488E-7,8400.0,75.73809523809524,47.58909917432442,-168.51119894598173,12.868747327917928,74.96314200325675,65.07882111034955,81.41189346953665,72.66479569242388,54.30368887617958,91.02590250866817,77.41162792781017,81.18854211201368,73.63471374360667,8400.0,196872.0,11.0,6.0,6.0,5.0,0.0,0.0,1.0
8500.0,11.16780397,3.029220115086415E-7,8500.0,75.97647058823529,47.81783424500549,-169.0382081686429,12.697734074390734,75.07754352379524,65.03424657534246,81.70250896057347,72.71994244607276,54.24164524421594,91.1982396479296,77.59313487681516,81.18854211201368,73.99772764161662,8500.0,197096.0,11.0,6.0,6.0,5.0,0.0,0.0,1.0
8600.0,11.276701692,3.084806691039249E-7,8600.0,76.13953488372093,47.921151740763065,-170.3557312252965,12.270200940572899,75.13762576439328,64.92307692307692,81.92070484581497,72.72052761332475,54.08715465679293,91.35390056985655,77.72092813953982,81.18854211201368,74.25331416706597,8600.0,197312.0,11.0,6.0,6.0,5.0,0.0,0.0,1.0
8700.0,11.372012367,3.1334676548455727E-7,8700.0,76.36781609195403,48.13294311447653,-170.8827404479579,12.099187687045758,75.24376166995856,64.87871540826785,82.19296726138924,72.76979359707877,54.02560455192034,91.51398264223722,77.89186577381851,81.18854211201368,74.59518943562333,8700.0,197352.0,11.0,6.0,6.0,5.0,0.0,0.0,1.0
8800.0,11.463539484,3.1813391522188554E-7,8800.0,76.5340909090909,48.26898080327126,-170.64220183486245,11.9402985074627,75.30949192311517,64.82711633452564,82.3940659902805,72.79488456841867,53.97050482132728,91.61926431551005,78.00404307994167,81.15138592750533,74.856700232378,8800.0,202176.0,11.0,6.0,6.0,5.0,0.0,0.0,1.0
8900.0,11.55541072,3.229827950055523E-7,8900.0,76.73033707865169,48.44402022911879,-170.71895424836597,11.90982560612505,75.38688130655929,64.79687234404216,82.62146513384242,72.83694701878335,53.963759909399776,91.71013412816691,78.12183312799712,81.07188430455126,75.17178195144297,8900.0,204016.0,11.0,6.0,6.0,5.0,0.0,0.0,1.0
9000.0,11.652226263,3.2810305002925284E-7,9000.0,76.94444444444444,48.63399148570247,-171.24183006535952,11.73968524032329,75.48242711699051,64.75284525225072,82.8696441839346,72.87924912052894,53.90271493212669,91.85578330893118,78.27845982410597,81.07188430455126,75.4850353436607,9000.0,204432.0,11.0,6.0,6.0,5.0,0.0,0.0,1.0
9100.0,11.750354204,3.3329332271674633E-7,9100.0,77.1978021978022,48.8908343408554,-171.24183006535932,11.739685240323285,75.60608694633699,64.75284525225072,83.14789247137172,72.95243582695478,53.90271493212669,92.0021567217829,78.46007906144736,81.07188430455126,75.84827381834346,9100.0,204456.0,11.0,6.0,6.0,5.0,0.0,0.0,1.0
9200.0,11.843295563,3.3821387841880305E-7,9200.0,77.42391304347827,49.102797092751274,-171.503267973856,11.654615057422381,75.71012509966685,64.73085413482765,83.39860922388299,73.00641528550396,53.87224420576597,92.14058636524196,78.6217941014653,81.07188430455126,76.17170389837933,9200.0,204648.0,11.0,6.0,6.0,5.0,0.0,0.0,1.0
9300.0,11.934536364,3.4320755345214765E-7,9300.0,77.41935483870968,49.02091974718134,-169.92287917737804,11.838790931989909,75.6303890219534,64.67025572005383,83.4070796460177,72.97085987033654,53.95845030881527,91.98326943185779,78.49111178592261,80.68849706129303,76.29372651055219,9300.0,211560.0,11.0,6.0,6.0,5.0,0.0,0.0,1.0
9324.0,11.959264198,3.4456614573305457E-7,9324.0,77.42385242385242,48.98440416849524,-169.18158567774935,11.813992459153742,75.60158350518098,64.62779364812637,83.4212806174687,72.9503367003367,53.956228956228955,91.94444444444444,78.45280756807074,80.5613741097612,76.34424102638027,9324.0,212376.0,11.0,6.0,6.0,5.0,0.0,0.0,1.0
