learning evaluation instances,evaluation time (cpu seconds),model cost (RAM-Hours),classified instances,classifications correct (percent),Kappa Statistic (percent),Kappa Temporal Statistic (percent),Kappa M Statistic (percent),F1 Score (percent),F1 Score for class 0 (percent),F1 Score for class 1 (percent),Precision (percent),Precision for class 0 (percent),Precision for class 1 (percent),Recall (percent),Recall for class 0 (percent),Recall for class 1 (percent),model training instances,model serialized size (bytes),tree size (nodes),tree size (leaves),active learning leaves,tree depth,active leaf byte size estimate,inactive leaf byte size estimate,byte size estimate overhead
100.0,11.899252762,8.164411764953724E-6,100.0,100.0,?,?,?,?,100.0,?,?,100.0,?,?,100.0,?,100.0,2652208.0,1.0,1.0,1.0,0.0,0.0,0.0,1.0
200.0,23.772513248,2.236358177873739E-5,200.0,97.0,0.0,-50.0,0.0,?,98.47715736040608,?,?,97.0,?,50.0,100.0,0.0,200.0,4622696.0,1.0,1.0,1.0,0.0,0.0,0.0,1.0
300.0,36.816154001,3.884287865462962E-5,300.0,98.0,0.0,-50.00000000000042,0.0,?,98.98989898989899,?,?,98.0,?,50.0,100.0,0.0,300.0,4883624.0,1.0,1.0,1.0,0.0,0.0,0.0,1.0
400.0,50.169201832,5.622179460870142E-5,400.0,98.5,0.0,-50.0,0.0,?,99.24433249370279,?,?,98.5,?,50.0,100.0,0.0,400.0,5030888.0,1.0,1.0,1.0,0.0,0.0,0.0,1.0
500.0,63.711212717,7.486827137403437E-5,500.0,98.4,0.0,-33.33333333333333,0.0,?,99.19354838709677,?,?,98.4,?,50.0,100.0,0.0,500.0,5322504.0,1.0,1.0,1.0,0.0,0.0,0.0,1.0
600.0,77.407808071,9.421791130840598E-5,600.0,98.33333333333333,0.0,-25.00000000000063,0.0,?,99.15966386554621,?,?,98.33333333333333,?,50.0,100.0,0.0,600.0,5460880.0,1.0,1.0,1.0,0.0,0.0,0.0,1.0
700.0,91.247922933,1.1450197769903449E-4,700.0,96.85714285714285,0.0,-83.33333333333377,0.0,?,98.4034833091437,?,?,96.85714285714285,?,50.0,100.0,0.0,700.0,5665232.0,1.0,1.0,1.0,0.0,0.0,0.0,1.0
800.0,105.471536278,1.3685263825074243E-4,800.0,84.75,0.0,-838.461538461539,0.0,?,91.74560216508796,?,?,84.75,?,50.0,100.0,0.0,800.0,6074112.0,1.0,1.0,1.0,0.0,0.0,0.0,1.0
900.0,119.633310918,1.6012864007031876E-4,900.0,77.66666666666666,0.0,-617.8571428571435,0.0,?,87.4296435272045,?,?,77.66666666666666,?,50.0,100.0,0.0,900.0,6353208.0,1.0,1.0,1.0,0.0,0.0,0.0,1.0
1000.0,133.867557463,1.8392787760071293E-4,1000.0,74.3,0.0,-301.56250000000034,0.0,?,85.25530694205393,?,?,74.3,?,50.0,100.0,0.0,1000.0,6462952.0,1.0,1.0,1.0,0.0,0.0,0.0,1.0
1100.0,148.204212282,2.0826130679315732E-4,1100.0,70.45454545454545,0.0,-238.5416666666666,0.0,?,82.66666666666667,?,?,70.45454545454545,?,50.0,100.0,0.0,1100.0,6560816.0,1.0,1.0,1.0,0.0,0.0,0.0,1.0
1200.0,162.541555239,2.3284669716638188E-4,1200.0,70.08333333333333,0.0,-206.83760683760676,0.0,?,82.41058304752573,?,?,70.08333333333333,?,50.0,100.0,0.0,1200.0,6628432.0,1.0,1.0,1.0,0.0,0.0,0.0,1.0
1300.0,176.945446339,2.577715694090938E-4,1300.0,67.76923076923077,0.0,-235.20000000000005,0.0,?,80.7886290692343,?,?,67.76923076923077,?,50.0,100.0,0.0,1300.0,6688912.0,1.0,1.0,1.0,0.0,0.0,0.0,1.0
1400.0,191.356610847,2.8291190031320615E-4,1400.0,65.85714285714286,0.0,-229.6551724137932,0.0,?,79.41429801894918,?,?,65.85714285714286,?,50.0,100.0,0.0,1400.0,6743328.0,1.0,1.0,1.0,0.0,0.0,0.0,1.0
1500.0,205.82668017,3.082681019861303E-4,1500.0,64.33333333333333,0.0,-198.88268156424593,0.0,?,78.29614604462475,?,?,64.33333333333333,?,50.0,100.0,0.0,1500.0,6773544.0,1.0,1.0,1.0,0.0,0.0,0.0,1.0
1600.0,220.374768349,3.33837765061468E-4,1600.0,62.875,0.0,-166.36771300448424,0.0,?,77.20644666155026,?,?,62.875,?,50.0,100.0,0.0,1600.0,6793936.0,1.0,1.0,1.0,0.0,0.0,0.0,1.0
1700.0,234.915823602,3.5951210363619027E-4,1700.0,61.588235294117645,0.0,-172.08333333333326,0.0,?,76.22861303239898,?,?,61.588235294117645,?,50.0,100.0,0.0,1700.0,6825048.0,1.0,1.0,1.0,0.0,0.0,0.0,1.0
1800.0,249.471197063,3.854053895318615E-4,1800.0,61.111111111111114,0.0,-146.47887323943655,0.0,?,75.86206896551725,?,?,61.111111111111114,?,50.0,100.0,0.0,1800.0,6876480.0,1.0,1.0,1.0,0.0,0.0,0.0,1.0
1900.0,264.104762388,4.1151061200077495E-4,1900.0,59.578947368421055,0.0,-154.30463576158942,0.0,?,74.67018469656993,?,?,59.578947368421055,?,50.0,100.0,0.0,1900.0,6895720.0,1.0,1.0,1.0,0.0,0.0,0.0,1.0
2000.0,278.756847296,4.3775066986481584E-4,2000.0,59.599999999999994,0.0,-141.9161676646706,0.0,?,74.68671679197995,?,?,59.599999999999994,?,50.0,100.0,0.0,2000.0,6922576.0,1.0,1.0,1.0,0.0,0.0,0.0,1.0
2100.0,293.516155755,4.6428156789033115E-4,2100.0,57.99999999999999,0.0,-137.73584905660383,0.0,?,73.41772151898734,?,?,57.99999999999999,?,50.0,100.0,0.0,2100.0,6948456.0,1.0,1.0,1.0,0.0,0.0,0.0,1.0
2200.0,308.29021095,4.90974978348811E-4,2200.0,56.59090909090909,0.0,-139.9497487437186,0.0,?,72.27866473149493,?,?,56.59090909090909,?,50.0,100.0,0.0,2200.0,6984040.0,1.0,1.0,1.0,0.0,0.0,0.0,1.0
2300.0,323.018880073,5.176456748713731E-4,2300.0,55.869565217391305,0.0,-149.38574938574936,0.0,?,71.68758716875871,?,?,55.869565217391305,?,50.0,100.0,0.0,2300.0,6999600.0,1.0,1.0,1.0,0.0,0.0,0.0,1.0
2400.0,337.775950288,5.444423820306525E-4,2400.0,55.50000000000001,0.0,-147.79582366589327,0.0,?,71.38263665594855,?,?,55.50000000000001,?,50.0,100.0,0.0,2400.0,7019136.0,1.0,1.0,1.0,0.0,0.0,0.0,1.0
2500.0,352.692259471,5.715745195936412E-4,2500.0,55.279999999999994,0.0,-143.5729847494554,0.0,?,71.20041215868109,?,?,55.279999999999994,?,50.0,100.0,0.0,2500.0,7031128.0,1.0,1.0,1.0,0.0,0.0,0.0,1.0
2600.0,367.63477863,5.988634976827104E-4,2600.0,53.15384615384615,0.0,-165.35947712418303,0.0,?,69.4123556002009,?,?,53.15384615384615,?,50.0,100.0,0.0,2600.0,7059368.0,1.0,1.0,1.0,0.0,0.0,0.0,1.0
2700.0,382.576954341,6.263888841658108E-4,2700.0,51.18518518518519,0.0,-187.14596949891057,0.0,?,67.71190592846644,?,?,51.18518518518519,?,50.0,100.0,0.0,2700.0,7120688.0,1.0,1.0,1.0,0.0,0.0,0.0,1.0
2800.0,397.456101409,6.541353886214284E-4,2800.0,50.535714285714285,2.297987610639083,-201.74291938997823,-0.21707670043416166,60.82115544454096,66.61846228006749,4.548587181254306,74.97289483194795,49.945789663895916,100.0,51.163610719322996,100.0,2.32722143864598,2800.0,7208296.0,1.0,1.0,1.0,0.0,0.0,0.0,1.0
2900.0,412.084539949,6.814765590431826E-4,2900.0,52.241379310344826,8.385096001197056,-201.74291938997828,-0.21707670043416083,63.03777325153208,66.61846228006749,16.1114476075106,74.97289483194795,49.945789663895916,100.0,54.38076416337287,100.0,8.761528326745719,2900.0,7224728.0,1.0,1.0,1.0,0.0,0.0,0.0,1.0
3000.0,426.768651056,7.089753619824332E-4,3000.0,53.833333333333336,13.419678883903604,-201.74291938997814,-0.21707670043415359,64.8916724314456,66.61846228006749,25.175580767152887,74.97289483194795,49.945789663895916,100.0,57.200247218788626,100.0,14.400494437577255,3000.0,7238832.0,1.0,1.0,1.0,0.0,0.0,0.0,1.0
3100.0,441.46990777,7.36555228466122E-4,3100.0,55.32258064516129,17.653002198732924,-201.7429193899782,-0.2170767004341552,66.46515035148911,66.61846228006749,32.47196489517308,74.97289483194795,49.945789663895916,100.0,59.69150174621654,100.0,19.383003492433062,3100.0,7251704.0,1.0,1.0,1.0,0.0,0.0,0.0,1.0
3200.0,456.217192948,7.643583017743323E-4,3200.0,56.53125,20.723914335093905,-200.43196544276464,-0.21613832853026757,67.32831510866097,66.5222623345367,38.04008908685969,74.28005418529668,49.945789663895916,98.61431870669746,61.56642237787151,99.56772334293949,23.56512141280353,3200.0,7287576.0,1.0,1.0,1.0,0.0,0.0,0.0,1.0
3300.0,472.109696809,7.944301164689582E-4,3300.0,56.84848484848485,21.10917226746999,-201.05708245243133,-0.21111893033074142,66.2016672306703,65.99808978032475,40.96185737976783,71.31435824658212,49.945789663895916,92.6829268292683,61.77301700074792,97.25545390570021,26.290580095795633,3300.0,7314248.0,1.0,1.0,1.0,0.0,0.0,0.0,1.0
3400.0,488.007605359,7.944322222227177E-4,3400.0,57.94117647058824,23.584481897443535,-199.79035639413001,-0.2102312543798118,67.12831098350294,65.90367191225562,45.126630851880286,71.41839246227971,49.945789663895916,92.89099526066352,63.32443132960701,96.84653118430273,29.802331474911302,3400.0,512.0,3.0,2.0,2.0,1.0,0.0,0.0,1.0
3500.0,505.19712539,8.210748070446637E-4,3500.0,58.77142857142857,24.86150594175068,-196.91358024691345,1.9701086956521867,67.69943726009106,66.40279394644935,46.6543438077634,71.85947777566739,50.51363797378675,93.205317577548,63.99469921104537,96.875,31.114398422090726,3500.0,5991216.0,3.0,2.0,2.0,1.0,0.0,0.0,1.0
3600.0,521.046789569,8.459606627164756E-4,3600.0,58.333333333333336,24.158475079738935,-204.25963488843814,0.9900990099009866,67.42893502094987,66.2009914375845,45.69152787834902,71.73095163858585,50.25658569962368,93.205317577548,63.61374266923095,96.96369636963696,30.26378896882494,3600.0,6069248.0,3.0,2.0,2.0,1.0,0.0,0.0,1.0
3700.0,537.449284592,8.724718793108625E-4,3700.0,58.05405405405405,23.656957249012798,-212.2736418511068,0.5765534913516916,67.2461083088258,66.12832824094282,44.92547906316536,71.68714433428445,50.148957298907646,93.22533136966126,63.32321946319519,97.05317104420243,29.59326788218794,3700.0,6247728.0,3.0,2.0,2.0,1.0,0.0,0.0,1.0
3800.0,553.213841175,8.982281186612533E-4,3800.0,57.97368421052631,23.709359890779886,-208.30115830115844,-0.7570977917981149,66.98008892414373,65.66329821543754,45.84604950830789,70.95119896340456,49.80430528375734,92.09809264305177,63.42994068261281,96.34069400630915,30.519187358916476,3800.0,6315432.0,3.0,2.0,2.0,1.0,0.0,0.0,1.0
3900.0,568.861816292,9.239108939292449E-4,3900.0,57.71794871794872,22.55060927672956,-208.22429906542067,-0.7330482590103876,65.34925300597496,64.93727408037422,46.754924120116236,68.30742842125517,49.80430528375734,86.810551558753,62.63666034917781,93.28039095907147,31.992929739284136,3900.0,6344336.0,3.0,2.0,2.0,1.0,0.0,0.0,1.0
4000.0,585.198598011,9.509700003981847E-4,4000.0,58.775,24.822621962644728,-208.2242990654205,-0.7330482590103855,66.45297893337761,64.93727408037422,49.9848346982105,69.01350167828124,49.80430528375734,88.22269807280514,64.07565887352642,93.28039095907147,34.87092678798138,4000.0,6402496.0,3.0,2.0,2.0,1.0,0.0,0.0,1.0
4100.0,601.77687702,9.79392339152019E-4,4100.0,59.536585365853654,26.257841588847054,-208.9385474860335,-0.7285974499089259,66.98029666322046,64.79949077021006,52.42328649268712,69.09944471151115,49.80430528375734,88.39458413926499,64.98726142554709,92.71402550091075,37.26049735018345,4100.0,6627088.0,3.0,2.0,2.0,1.0,0.0,0.0,1.0
4200.0,617.889821661,0.0010071705252533622,4200.0,60.0,26.91584882021299,-207.12979890310783,-0.7194244604316633,66.99312007074305,64.51204055766794,54.173486088379704,68.68522142494746,49.80430528375734,87.56613756613757,65.38238603430052,91.54676258992805,39.21800947867299,4200.0,6663944.0,3.0,2.0,2.0,1.0,0.0,0.0,1.0
4300.0,634.131078075,0.0010353607712252444,4300.0,60.883720930232556,28.562398018245094,-206.93430656934305,-0.7185628742515062,67.75813672514089,64.4847972972973,56.469979296066256,69.10798732583329,49.80430528375734,88.41166936790924,66.46000774117165,91.437125748503,41.4828897338403,4300.0,6709368.0,3.0,2.0,2.0,1.0,0.0,0.0,1.0
4400.0,650.343222046,0.0010636387235102376,4400.0,60.909090909090914,28.143785348928013,-208.24372759856624,-0.7025761124121682,67.10245805980928,63.971512358609125,57.277694982613006,68.1180446958517,49.80430528375734,86.43178410794603,66.11670975846555,89.40281030444966,42.83060921248143,4400.0,6742328.0,3.0,2.0,2.0,1.0,0.0,0.0,1.0
4500.0,666.803268824,0.0010925634211031016,4500.0,61.044444444444444,27.99630657609089,-212.47771836007118,-0.6892590465249959,66.69386110737146,63.532348658206786,58.19222513713331,67.4405068957141,49.80430528375734,85.07670850767084,65.9635667844092,87.70821367030443,44.21891989851395,4500.0,6792664.0,3.0,2.0,2.0,1.0,0.0,0.0,1.0
4600.0,682.533154639,0.0011204584363921598,4600.0,61.76086956521739,29.191728224491815,-212.9893238434164,-0.6868918145392119,67.2279055203024,63.453147724911695,59.9042625940278,67.73135733549015,49.80430528375734,85.65840938722295,66.73188286724967,87.40698340011448,46.05678233438486,4600.0,6854936.0,3.0,2.0,2.0,1.0,0.0,0.0,1.0
4700.0,698.493738117,0.0011489642596686004,4700.0,61.68085106382979,28.5579969264924,-218.76106194690271,-0.6707657909446687,66.56259075999334,62.90422245108136,60.374037403740374,66.88501677896558,49.80430528375734,83.96572827417381,66.24325840247829,85.35494689770822,47.13156990724837,4700.0,6903784.0,3.0,2.0,2.0,1.0,0.0,0.0,1.0
4800.0,715.323492895,0.0011819217637741594,4800.0,61.9375,28.697917428910124,-216.63778162911603,-0.6611570247933742,66.44207519870292,62.56914566687155,61.28417037507946,66.59765437198247,49.80430528375734,83.39100346020761,66.28722123011754,84.13223140495867,48.44221105527638,4800.0,7569704.0,3.0,2.0,2.0,1.0,0.0,0.0,1.0
4900.0,732.117590537,0.0012165808743892967,4900.0,62.36734693877551,29.237144844569364,-216.295025728988,-0.7099945385035288,66.60526785749799,62.351980400163335,62.382700938392496,66.60161645419954,49.788066514509296,83.41516639388979,66.60891966119146,83.39705079191698,49.82078853046595,4900.0,7977432.0,3.0,2.0,2.0,1.0,0.0,0.0,1.0
5000.0,748.527278378,0.001250602196656866,5000.0,62.96000000000001,30.110960548618404,-213.3671742808799,-0.7069059271342947,66.99029612272268,62.250305748063596,63.64350215940322,66.82367629915842,49.788066514509296,83.85928608380755,67.15774893133226,83.03425774877651,51.281240113888,5000.0,8014072.0,3.0,2.0,2.0,1.0,0.0,0.0,1.0
5100.0,764.070982689,0.0012830029622576114,5100.0,63.431372549019606,30.708197697747718,-214.5025295109611,-0.7019438444924442,67.2084423975533,62.085789794673715,64.68471880325696,66.90091963207018,49.788066514509296,84.01377274963109,67.51880539212036,82.451403887689,52.58620689655172,5100.0,8057552.0,3.0,2.0,2.0,1.0,0.0,0.0,1.0
5200.0,779.577411843,0.0013154315792276053,5200.0,64.0576923076923,31.62946812977035,-213.06532663316597,-0.7004310344827749,67.64302708169697,62.03534430225473,65.87547927697645,67.18189073498554,49.788066514509296,84.57571495546179,68.11053765880217,82.27370689655173,53.94736842105263,5200.0,8083864.0,3.0,2.0,2.0,1.0,0.0,0.0,1.0
5300.0,796.387604987,0.0013507353497582567,5300.0,64.62264150943396,32.40803820273876,-210.94527363184082,-0.6981740064446862,67.99480985759364,61.95982958003652,66.9370481396579,67.39291368716957,49.788066514509296,84.99776085982982,68.60755416339403,82.00859291084855,55.20651541593949,5300.0,8118032.0,3.0,2.0,2.0,1.0,0.0,0.0,1.0
5400.0,812.514865614,0.0013875726549353875,5400.0,64.9074074074074,32.598736626451156,-211.16584564860437,-0.5838641188959725,67.98011972660703,61.740359378154665,67.59021720540449,67.29563665047536,49.82078853046595,84.77048477048477,68.67867002891242,81.15711252653928,56.20022753128555,5400.0,8829368.0,3.0,2.0,2.0,1.0,0.0,0.0,1.0
5500.0,828.216181334,0.0014237490217791587,5500.0,65.29090909090908,32.99008154921033,-210.40650406504068,-0.5795574288724978,68.10239869065823,61.56633782967587,68.35736781037627,67.32092491105773,49.82078853046595,84.82106129164953,68.90222853595563,80.55848261327714,57.245974458634095,5500.0,8906176.0,3.0,2.0,2.0,1.0,0.0,0.0,1.0
5600.0,843.651682829,0.0014594990574973488,5600.0,65.875,33.79443461476595,-209.72447325769852,-0.5789473684210636,68.49123381702516,61.54155765747635,69.33076552720271,67.58127533990702,49.82078853046595,85.34176214934809,69.42603129445234,80.47368421052632,58.37837837837838,5600.0,8952784.0,3.0,2.0,2.0,1.0,0.0,0.0,1.0
5700.0,859.061158583,0.0014953673759427013,5700.0,66.0701754385965,33.79507064609712,-208.4529505582138,-0.5720228809152516,68.38204744939587,61.25801282051282,69.81897627965044,67.42274698283084,49.82078853046595,85.02470543519574,69.3690400515147,79.51118044721788,59.22689965581149,5700.0,8997576.0,3.0,2.0,2.0,1.0,0.0,0.0,1.0
5800.0,874.462238539,0.0015313366997476488,5800.0,66.37931034482759,34.032545577328385,-205.16431924882613,-0.5673027333676848,68.42844243940499,61.06230031948881,70.41868932038837,67.4039863560422,49.82078853046595,84.98718418161846,69.48452002603626,78.85507993811242,60.11396011396012,5800.0,9027832.0,3.0,2.0,2.0,1.0,0.0,0.0,1.0
5900.0,889.745813084,0.0015672140679753666,5900.0,66.47457627118644,33.838480445042265,-205.71870170015464,-0.5592272496187165,68.21511714256958,60.72279586973789,70.75694855115316,67.17461185619024,49.82078853046595,84.52843518191452,69.28836351542118,77.73258769700051,60.84413933384185,5900.0,9073984.0,3.0,2.0,2.0,1.0,0.0,0.0,1.0
6000.0,904.992225186,0.0016030459453929811,6000.0,66.7,33.91325171608897,-204.10958904109572,-0.5535983895319302,68.1748201741888,60.482594936708864,71.22695852534562,67.09736117072597,49.82078853046595,84.37393381098602,69.28744790302177,76.95017614494213,61.62471966110142,6000.0,9084568.0,3.0,2.0,2.0,1.0,0.0,0.0,1.0
6100.0,920.214144085,0.0016388637024187934,6100.0,66.59016393442623,33.3196523426408,-203.72578241430705,-0.5426739023186975,67.73655346407517,60.007849293563574,71.31193693693695,66.69528374065364,49.82078853046595,83.56977895084131,68.81085216990225,75.43167242229897,62.19003191750553,6100.0,9095600.0,3.0,2.0,2.0,1.0,0.0,0.0,1.0
6200.0,935.59991851,0.0016773915192954151,6200.0,66.46774193548387,32.73263180746934,-201.74165457184338,-0.6779661016949321,67.32560648647463,59.5289079229122,71.37546468401487,66.31829277227196,49.77213541666667,82.86445012787725,68.3639924930684,74.04358353510897,62.68440145102782,6200.0,9679600.0,3.0,2.0,2.0,1.0,0.0,0.0,1.0
6300.0,950.895997067,0.0017157427504490828,6300.0,66.4920634920635,32.42476956649784,-202.00286123032916,-0.6676204101096848,67.07938202664707,59.1603791835945,71.5919795451487,66.08805036013011,49.77213541666667,82.40396530359355,68.10090687318173,72.91368621840725,63.28812752795622,6300.0,9691736.0,3.0,2.0,2.0,1.0,0.0,0.0,1.0
6400.0,966.21142098,0.0017541835645894423,6400.0,66.671875,32.430720105424555,-201.69731258840167,-0.6606890042472893,67.02392407007912,58.9096513195916,71.967407018005,66.02188501602564,49.77213541666667,82.27163461538461,68.05684853307177,72.15667767815007,63.95701938799346,6400.0,9702104.0,3.0,2.0,2.0,1.0,0.0,0.0,1.0
6500.0,981.539466556,0.001792706307611468,6500.0,66.63076923076923,32.006859839171874,-203.78151260504214,-0.6496519721577783,66.72303523362963,58.50392194375359,72.09571593979157,65.75537926025865,49.77213541666667,81.73862310385064,67.71959662411658,70.95127610208817,64.487917146145,6500.0,9714776.0,3.0,2.0,2.0,1.0,0.0,0.0,1.0
6600.0,996.833772739,0.0018314109975111586,6600.0,66.6060606060606,31.623063819225862,-205.26315789473693,-0.639269406392715,66.4527253741472,58.11478525275561,72.23481985386748,65.5181538761338,49.77213541666667,81.2641723356009,67.41434473332713,69.81735159817352,65.01133786848072,6600.0,9782192.0,3.0,2.0,2.0,1.0,0.0,0.0,1.0
6700.0,1012.152344025,0.0018702368233488482,6700.0,66.61194029850746,31.306107490617556,-206.01915184678518,-0.6297795771479813,66.22702797270361,57.75259678942398,72.39975323874151,65.32156936213708,49.77213541666667,80.8710033076075,67.15794155985544,68.78092667566352,65.53495644404735,6700.0,9797264.0,3.0,2.0,2.0,1.0,0.0,0.0,1.0
6800.0,1027.510649525,0.001909253978755223,6800.0,66.80882352941177,31.364453695468463,-205.4127198917457,-0.624164065983063,66.21901896868333,57.535277516462834,72.75799637899819,65.3098874508226,49.77213541666667,80.84763948497854,67.15381851185816,68.16763263486402,66.14000438885232,6800.0,9820072.0,3.0,2.0,2.0,1.0,0.0,0.0,1.0
6900.0,1043.745143468,0.0019395154570834023,6900.0,67.2463768115942,31.893312625592714,-204.99325236167348,-0.668151447661466,66.48202519756784,57.50282060925159,73.35534072152794,65.52338357352842,49.75593882199804,81.2908283250588,67.46913417811152,68.10690423162583,66.8313641245972,6900.0,7205328.0,5.0,3.0,3.0,2.0,0.0,0.0,1.0
7000.0,1058.762248135,0.0019697526887571255,7000.0,67.5,32.32897779829557,-203.73831775700936,0.17551557700748877,66.6885916019881,57.737321196358906,73.59870024370431,65.72780171045112,50.06443298969072,81.3911704312115,67.67788727724908,68.18780166739799,67.16797288710019,7000.0,7783200.0,5.0,3.0,3.0,2.0,0.0,0.0,1.0
7100.0,1073.869827292,0.002000246319794624,7100.0,67.91549295774648,32.92513400209414,-202.92553191489353,0.6108202443280901,66.98445664674631,57.877218934911234,74.09008189262964,65.98832750772023,50.224646983311935,81.75200803212851,68.01112093572956,68.28097731239092,67.74126455906821,7100.0,7802192.0,5.0,3.0,3.0,2.0,0.0,0.0,1.0
7200.0,1089.989885027,0.0020439325051605168,7200.0,68.30555555555556,33.508346866733,-203.0544488711819,0.9978308026030195,67.279666375992,58.03604266274366,74.53693372015177,66.24573817851969,50.36706032556655,82.12441603147283,68.3463802764785,68.45986984815619,68.23289070480082,7200.0,1.0475624E7,5.0,3.0,3.0,2.0,0.0,0.0,1.0
7300.0,1105.216105164,0.002085626077531604,7300.0,68.0,33.11955499215255,-208.58652575957714,0.04278990158324872,67.12267712732827,57.909909909909906,74.18784530386739,66.07702483434718,50.01556178026766,82.13848788842671,68.20195592010747,68.76337184424476,67.64053999597019,7300.0,1.058472E7,5.0,3.0,3.0,2.0,0.0,0.0,1.0
7400.0,1120.477507612,0.002127978803376735,7400.0,68.2027027027027,33.28347148793928,-210.8322324966975,-0.6846384253316147,67.21990365013646,57.73306987605532,74.51532546301311,66.1231633887936,49.752321981424146,82.49400479616307,68.35363930944214,68.76337184424476,67.94390677463954,7400.0,1.0727272E7,5.0,3.0,3.0,2.0,0.0,0.0,1.0
7500.0,1135.741522266,0.002170399242694823,7500.0,68.60000000000001,33.742998233896884,-210.2766798418973,-0.6840530141085894,67.44665032913446,57.71233614652541,75.02915915597498,66.30473241928351,49.752321981424146,82.85714285714286,68.62859034431203,68.70457460453186,68.55260608409223,7500.0,1.0742584E7,5.0,3.0,3.0,2.0,0.0,0.0,1.0
7600.0,1151.006922198,0.002212891963074298,7600.0,69.01315789473685,34.23349204797744,-210.27667984189713,-0.6840530141085883,67.69242938387093,57.71233614652541,75.54771051811858,66.50087494952214,49.752321981424146,83.24942791762014,68.92746312435298,68.70457460453186,69.15035164417411,7600.0,1.0759912E7,5.0,3.0,3.0,2.0,0.0,0.0,1.0
7700.0,1166.270151306,0.002255732278112851,7700.0,69.41558441558442,34.70431408472614,-210.2766798418973,-0.6840530141085716,67.92822117611992,57.71233614652541,76.04516325907844,66.68824152762483,49.752321981424146,83.6241610738255,69.21518601519261,68.70457460453186,69.72579742585339,7700.0,1.0849472E7,5.0,3.0,3.0,2.0,0.0,0.0,1.0
7800.0,1181.49558201,0.002298493821593518,7800.0,69.8076923076923,35.156624515589705,-210.27667984189725,-0.6840530141086207,68.15462426299838,57.71233614652541,76.52277938390989,66.86740825548232,49.752321981424146,83.98249452954049,69.49237153592276,68.70457460453186,70.28016846731367,7800.0,1.0856408E7,5.0,3.0,3.0,2.0,0.0,0.0,1.0
7900.0,1196.738087033,0.0023413291554863474,7900.0,70.18987341772151,35.59149404053844,-210.27667984189716,-0.6840530141086121,68.37219013785183,57.71233614652541,76.98172221679211,67.03890189006968,49.752321981424146,84.3254817987152,69.75958814743765,68.70457460453186,70.81460169034347,7900.0,1.086296E7,5.0,3.0,3.0,2.0,0.0,0.0,1.0
8000.0,1212.018803242,0.002384790650021984,8000.0,70.5625,36.00991234988313,-210.27667984189713,-0.6840530141085939,68.5814277850988,57.71233614652541,77.42306586137475,67.2032050158693,49.752321981424146,84.65408805031447,70.01736414381335,68.70457460453186,71.33015368309485,8000.0,1.0994192E7,5.0,3.0,3.0,2.0,0.0,0.0,1.0
8100.0,1227.290687646,0.002428256387788744,8100.0,70.92592592592592,36.412795643582314,-210.27667984189713,-0.6840530141085763,68.78280771383088,57.71233614652541,77.84780359326498,67.36076058003445,49.752321981424146,84.96919917864476,70.26619113840549,68.70457460453186,71.82780767227912,8100.0,1.1001624E7,5.0,3.0,3.0,2.0,0.0,0.0,1.0
8200.0,1242.573424082,0.0024717734126866063,8200.0,71.28048780487805,36.80099332828465,-210.27667984189736,-0.684053014108594,68.97676553878804,57.71233614652541,78.2568553226849,67.5119758800481,49.752321981424146,85.27162977867204,70.50652719306954,68.70457460453186,72.30847978160723,8200.0,1.1006784E7,5.0,3.0,3.0,2.0,0.0,0.0,1.0
8300.0,1257.868181723,0.00251534597074099,8300.0,71.62650602409639,37.17529399513254,-210.27667984189716,-0.6840530141085986,69.163705167142,57.71233614652541,78.65107424530868,67.65722607946947,49.752321981424146,85.56213017751479,70.73879963241187,68.70457460453186,72.7730246602919,8300.0,1.1012168E7,5.0,3.0,3.0,2.0,0.0,0.0,1.0
8400.0,1273.190779821,0.0025590410336263957,8400.0,71.96428571428571,37.53643076686014,-210.27667984189745,-0.6840530141085749,69.34400164101459,57.71233614652541,79.03125278247708,67.79685731566371,49.752321981424146,85.8413926499033,70.96340757944792,68.70457460453186,73.22224055436396,8400.0,1.1023064E7,5.0,3.0,3.0,2.0,0.0,0.0,1.0
8500.0,1288.546043168,0.0026029047231053036,8500.0,72.29411764705883,37.88508609047939,-210.27667984189716,-0.6840530141086251,69.51800367852603,57.71233614652541,79.39812789782171,67.93118945371018,49.752321981424146,86.1100569259962,71.18072424432079,68.70457460453186,73.65687388410971,8500.0,1.1042064E7,5.0,3.0,3.0,2.0,0.0,0.0,1.0
8600.0,1303.924989336,0.002647152152083674,8600.0,72.61627906976744,38.22189604147946,-210.27667984189725,-0.6840530141085749,69.68603595016867,57.71233614652541,79.75238586535983,68.06051853261151,49.752321981424146,86.36871508379889,71.39109899368903,68.70457460453186,74.0776233828462,8600.0,1.1121512E7,5.0,3.0,3.0,2.0,0.0,0.0,1.0
8700.0,1319.284960039,0.0026913721655998715,8700.0,72.93103448275862,38.54745419665533,-210.27667984189736,-0.6840530141085891,69.84840112223554,57.71233614652541,80.09466655396838,68.18511894318007,49.752321981424146,86.61791590493601,71.59485922491959,68.70457460453186,74.48514384530735,8700.0,1.1128352E7,5.0,3.0,3.0,2.0,0.0,0.0,1.0
8800.0,1334.691708222,0.0027359452019970172,8800.0,73.17045454545455,38.73192711574018,-209.43643512450865,-0.6823027718550151,69.9297508291978,57.65022421524664,80.36590436590436,68.25138540722912,49.752321981424146,86.75044883303411,71.69274244028281,68.52878464818764,74.856700232378,8800.0,1.1183136E7,5.0,3.0,3.0,2.0,0.0,0.0,1.0
8900.0,1350.07423909,0.0027806682881772894,8900.0,73.40449438202246,38.90893715940172,-209.4117647058824,-0.6805614632071829,70.0075450560433,57.58824583407992,80.62852933955314,68.31531442986551,49.752321981424146,86.87830687830687,71.78574121634773,68.35389196086771,75.21759047182776,8900.0,1.1238448E7,5.0,3.0,3.0,2.0,0.0,0.0,1.0
9000.0,1365.509473215,0.002825902130267334,9000.0,73.7,39.20643898641442,-209.4117647058825,-0.6805614632071417,70.15585627493269,57.58824583407992,80.94049440373621,68.42902060942959,49.752321981424146,87.10571923743501,71.97210314692506,68.35389196086771,75.5903143329824,9000.0,1.1327984E7,5.0,3.0,3.0,2.0,0.0,0.0,1.0
9100.0,1380.939719644,0.002871144124944394,9100.0,73.98901098901098,39.49461286687168,-209.41176470588226,-0.6805614632071607,70.29947817811048,57.58824583407992,81.24257072668199,68.53885264318225,49.752321981424146,87.32538330494037,72.15294242435148,68.35389196086771,75.95199288783525,9100.0,1.1333688E7,5.0,3.0,3.0,2.0,0.0,0.0,1.0
9200.0,1396.372509194,0.002916440559567062,9200.0,74.27173913043478,39.7738907354276,-209.41176470588223,-0.6805614632071768,70.43863006488891,57.58824583407992,81.53522115609641,68.6450052118176,49.752321981424146,87.53768844221106,72.32850095196255,68.35389196086771,76.30310994305738,9200.0,1.1345456E7,5.0,3.0,3.0,2.0,0.0,0.0,1.0
9300.0,1411.80661886,0.0029618644225064216,9300.0,74.21505376344086,39.40475841134142,-208.22622107969158,-0.6717044500419775,70.20326230941788,57.27013542409123,81.53680320295658,68.49230596600037,49.752321981424146,87.2322899505766,72.00188898671229,67.46431570109152,76.53946227233305,9300.0,1.13764E7,5.0,3.0,3.0,2.0,0.0,0.0,1.0
9324.0,1415.881547099,0.00297385895204881,9324.0,74.22779922779922,39.36719641506775,-207.28900255754473,-0.6702974444909965,70.17660343944516,57.21915613316717,81.55935845291995,68.47642354404321,49.752321981424146,87.20052510666228,71.96335938401627,67.3229995810641,76.60371918696843,9324.0,1.1377992E7,5.0,3.0,3.0,2.0,0.0,0.0,1.0
