learning evaluation instances,evaluation time (cpu seconds),model cost (RAM-Hours),classified instances,classifications correct (percent),Kappa Statistic (percent),Kappa Temporal Statistic (percent),Kappa M Statistic (percent),F1 Score (percent),F1 Score for class 0 (percent),F1 Score for class 1 (percent),Precision (percent),Precision for class 0 (percent),Precision for class 1 (percent),Recall (percent),Recall for class 0 (percent),Recall for class 1 (percent),model training instances,model serialized size (bytes),tree size (nodes),tree size (leaves),active learning leaves,tree depth,active leaf byte size estimate,inactive leaf byte size estimate,byte size estimate overhead
100.0,9.827945453,4.699591242618354E-6,100.0,100.0,?,?,?,?,100.0,?,?,100.0,?,?,100.0,?,100.0,1848416.0,1.0,1.0,1.0,0.0,0.0,0.0,1.0
200.0,19.124050152,1.4185687195076705E-5,200.0,97.0,0.0,-50.0,0.0,?,98.47715736040608,?,?,97.0,?,50.0,100.0,0.0,200.0,3944472.0,1.0,1.0,1.0,0.0,0.0,0.0,1.0
300.0,29.277956086,2.5619216810783126E-5,300.0,98.0,0.0,-50.00000000000042,0.0,?,98.98989898989899,?,?,98.0,?,50.0,100.0,0.0,300.0,4352608.0,1.0,1.0,1.0,0.0,0.0,0.0,1.0
400.0,39.553493243,3.749725933938856E-5,400.0,98.5,0.0,-50.0,0.0,?,99.24433249370279,?,?,98.5,?,50.0,100.0,0.0,400.0,4468304.0,1.0,1.0,1.0,0.0,0.0,0.0,1.0
500.0,49.939363876,4.994023701022838E-5,500.0,98.4,0.0,-33.33333333333333,0.0,?,99.19354838709677,?,?,98.4,?,50.0,100.0,0.0,500.0,4631096.0,1.0,1.0,1.0,0.0,0.0,0.0,1.0
600.0,60.409024427,6.280368140858459E-5,600.0,98.33333333333333,0.0,-25.00000000000063,0.0,?,99.15966386554621,?,?,98.33333333333333,?,50.0,100.0,0.0,600.0,4749272.0,1.0,1.0,1.0,0.0,0.0,0.0,1.0
700.0,70.917708089,7.614819915040876E-5,700.0,96.85714285714285,0.0,-83.33333333333377,0.0,?,98.4034833091437,?,?,96.85714285714285,?,50.0,100.0,0.0,700.0,4908592.0,1.0,1.0,1.0,0.0,0.0,0.0,1.0
800.0,81.687689023,9.12120330608812E-5,800.0,84.75,0.0,-838.461538461539,0.0,?,91.74560216508796,?,?,84.75,?,50.0,100.0,0.0,800.0,5406584.0,1.0,1.0,1.0,0.0,0.0,0.0,1.0
900.0,92.561352277,1.073100493753729E-4,900.0,77.66666666666666,0.0,-617.8571428571435,0.0,?,87.4296435272045,?,?,77.66666666666666,?,50.0,100.0,0.0,900.0,5722672.0,1.0,1.0,1.0,0.0,0.0,0.0,1.0
1000.0,103.500428376,1.2382068353200177E-4,1000.0,74.3,0.0,-301.56250000000034,0.0,?,85.25530694205393,?,?,74.3,?,50.0,100.0,0.0,1000.0,5834256.0,1.0,1.0,1.0,0.0,0.0,0.0,1.0
1100.0,114.503664303,1.405092026273386E-4,1100.0,70.45454545454545,0.0,-238.5416666666666,0.0,?,82.66666666666667,?,?,70.45454545454545,?,50.0,100.0,0.0,1100.0,5862728.0,1.0,1.0,1.0,0.0,0.0,0.0,1.0
1200.0,125.563807985,1.5735467221691807E-4,1200.0,70.08333333333333,0.0,-206.83760683760676,0.0,?,82.41058304752573,?,?,70.08333333333333,?,50.0,100.0,0.0,1200.0,5887416.0,1.0,1.0,1.0,0.0,0.0,0.0,1.0
1300.0,136.67241312,1.7438950232974301E-4,1300.0,67.76923076923077,0.0,-235.20000000000005,0.0,?,80.7886290692343,?,?,67.76923076923077,?,50.0,100.0,0.0,1300.0,5927624.0,1.0,1.0,1.0,0.0,0.0,0.0,1.0
1400.0,147.895360972,1.917721590516212E-4,1400.0,65.85714285714286,0.0,-229.6551724137932,0.0,?,79.41429801894918,?,?,65.85714285714286,?,50.0,100.0,0.0,1400.0,5987032.0,1.0,1.0,1.0,0.0,0.0,0.0,1.0
1500.0,159.150814549,2.0932624628523688E-4,1500.0,64.33333333333333,0.0,-198.88268156424593,0.0,?,78.29614604462475,?,?,64.33333333333333,?,50.0,100.0,0.0,1500.0,6028616.0,1.0,1.0,1.0,0.0,0.0,0.0,1.0
1600.0,170.41577171,2.269443013312768E-4,1600.0,62.875,0.0,-166.36771300448424,0.0,?,77.20644666155026,?,?,62.875,?,50.0,100.0,0.0,1600.0,6045480.0,1.0,1.0,1.0,0.0,0.0,0.0,1.0
1700.0,181.696467121,2.446448934223277E-4,1700.0,61.588235294117645,0.0,-172.08333333333326,0.0,?,76.22861303239898,?,?,61.588235294117645,?,50.0,100.0,0.0,1700.0,6065328.0,1.0,1.0,1.0,0.0,0.0,0.0,1.0
1800.0,193.036756417,2.624813343073142E-4,1800.0,61.111111111111114,0.0,-146.47887323943655,0.0,?,75.86206896551725,?,?,61.111111111111114,?,50.0,100.0,0.0,1800.0,6079760.0,1.0,1.0,1.0,0.0,0.0,0.0,1.0
1900.0,204.38662913,2.803671434090158E-4,1900.0,59.578947368421055,0.0,-154.30463576158942,0.0,?,74.67018469656993,?,?,59.578947368421055,?,50.0,100.0,0.0,1900.0,6091440.0,1.0,1.0,1.0,0.0,0.0,0.0,1.0
2000.0,215.752516976,2.983301992626593E-4,2000.0,59.599999999999994,0.0,-141.9161676646706,0.0,?,74.68671679197995,?,?,59.599999999999994,?,50.0,100.0,0.0,2000.0,6109128.0,1.0,1.0,1.0,0.0,0.0,0.0,1.0
2100.0,227.168195807,3.164430606928593E-4,2100.0,57.99999999999999,0.0,-137.73584905660383,0.0,?,73.41772151898734,?,?,57.99999999999999,?,50.0,100.0,0.0,2100.0,6133208.0,1.0,1.0,1.0,0.0,0.0,0.0,1.0
2200.0,238.606120256,3.346257795841907E-4,2200.0,56.59090909090909,0.0,-139.9497487437186,0.0,?,72.27866473149493,?,?,56.59090909090909,?,50.0,100.0,0.0,2200.0,6144888.0,1.0,1.0,1.0,0.0,0.0,0.0,1.0
2300.0,250.036437052,3.5283125034388723E-4,2300.0,55.869565217391305,0.0,-149.38574938574936,0.0,?,71.68758716875871,?,?,55.869565217391305,?,50.0,100.0,0.0,2300.0,6156672.0,1.0,1.0,1.0,0.0,0.0,0.0,1.0
2400.0,261.497939508,3.7110793008806204E-4,2400.0,55.50000000000001,0.0,-147.79582366589327,0.0,?,71.38263665594855,?,?,55.50000000000001,?,50.0,100.0,0.0,2400.0,6163936.0,1.0,1.0,1.0,0.0,0.0,0.0,1.0
2500.0,272.946600416,3.893839882630787E-4,2500.0,55.279999999999994,0.0,-143.5729847494554,0.0,?,71.20041215868109,?,?,55.279999999999994,?,50.0,100.0,0.0,2500.0,6170640.0,1.0,1.0,1.0,0.0,0.0,0.0,1.0
2600.0,284.514421427,4.0787516600879285E-4,2600.0,53.15384615384615,0.0,-165.35947712418303,0.0,?,69.4123556002009,?,?,53.15384615384615,?,50.0,100.0,0.0,2600.0,6178960.0,1.0,1.0,1.0,0.0,0.0,0.0,1.0
2700.0,296.09330758,4.2645242388181405E-4,2700.0,51.18518518518519,0.0,-187.14596949891057,0.0,?,67.71190592846644,?,?,51.18518518518519,?,50.0,100.0,0.0,2700.0,6201792.0,1.0,1.0,1.0,0.0,0.0,0.0,1.0
2800.0,307.579398791,4.450638427418078E-4,2800.0,50.535714285714285,2.297987610639083,-201.74291938997823,-0.21707670043416166,60.82115544454096,66.61846228006749,4.548587181254306,74.97289483194795,49.945789663895916,100.0,51.163610719322996,100.0,2.32722143864598,2800.0,6263392.0,1.0,1.0,1.0,0.0,0.0,0.0,1.0
2900.0,318.861441704,4.633937369158299E-4,2900.0,52.241379310344826,8.385096001197056,-201.74291938997828,-0.21707670043416083,63.03777325153208,66.61846228006749,16.1114476075106,74.97289483194795,49.945789663895916,100.0,54.38076416337287,100.0,8.761528326745719,2900.0,6280216.0,1.0,1.0,1.0,0.0,0.0,0.0,1.0
3000.0,330.136889471,4.8175349681665544E-4,3000.0,53.833333333333336,13.419678883903604,-201.74291938997814,-0.21707670043415359,64.8916724314456,66.61846228006749,25.175580767152887,74.97289483194795,49.945789663895916,100.0,57.200247218788626,100.0,14.400494437577255,3000.0,6294128.0,1.0,1.0,1.0,0.0,0.0,0.0,1.0
3100.0,341.417506061,5.001379688954601E-4,3100.0,55.32258064516129,17.653002198732924,-201.7429193899782,-0.2170767004341552,66.46515035148911,66.61846228006749,32.47196489517308,74.97289483194795,49.945789663895916,100.0,59.69150174621654,100.0,19.383003492433062,3100.0,6299712.0,1.0,1.0,1.0,0.0,0.0,0.0,1.0
3200.0,352.724571842,5.186372474576498E-4,3200.0,56.53125,20.723914335093905,-200.43196544276464,-0.21613832853026757,67.32831510866097,66.5222623345367,38.04008908685969,74.28005418529668,49.945789663895916,98.61431870669746,61.56642237787151,99.56772334293949,23.56512141280353,3200.0,6324224.0,1.0,1.0,1.0,0.0,0.0,0.0,1.0
3300.0,363.925906476,5.369937015028627E-4,3300.0,56.84848484848485,21.10917226746999,-201.05708245243133,-0.21111893033074142,66.2016672306703,65.99808978032475,40.96185737976783,71.31435824658212,49.945789663895916,92.6829268292683,61.77301700074792,97.25545390570021,26.290580095795633,3300.0,6334632.0,1.0,1.0,1.0,0.0,0.0,0.0,1.0
3400.0,375.203970965,5.36995242018551E-4,3400.0,57.94117647058824,23.584481897443535,-199.79035639413001,-0.2102312543798118,67.12831098350294,65.90367191225562,45.126630851880286,71.41839246227971,49.945789663895916,92.89099526066352,63.32443132960701,96.84653118430273,29.802331474911302,3400.0,528.0,3.0,2.0,2.0,1.0,0.0,0.0,1.0
3500.0,386.809483839,5.438065275058688E-4,3500.0,58.82857142857143,24.87865299612559,-196.5020576131686,2.1059782608695747,67.54173057565865,66.33964027096472,47.002574475910265,71.5132360888791,50.55179779280883,92.47467438494935,63.988133521996396,96.46739130434783,31.50887573964497,3500.0,2268648.0,3.0,2.0,2.0,1.0,0.0,0.0,1.0
3600.0,397.659262644,5.502972118525954E-4,3600.0,58.38888888888889,24.174614356036802,-203.8539553752536,1.122112211221113,67.27154643830062,66.13924050632912,46.03746397694525,71.38343550804704,50.292196631144726,92.47467438494935,63.60756939003252,96.56765676567657,30.647482014388487,3600.0,2312448.0,3.0,2.0,2.0,1.0,0.0,0.0,1.0
3700.0,408.474524222,5.569239525652636E-4,3700.0,58.027027027027025,23.51961249901505,-212.4748490945675,0.5124919923126149,66.96847528688686,65.99518283336984,45.18178609248146,71.17604368592306,50.133067198935464,92.21902017291066,63.23060133052648,96.54067905188981,29.92052360916316,3700.0,2368456.0,3.0,2.0,2.0,1.0,0.0,0.0,1.0
3800.0,419.320357715,5.636767425303019E-4,3800.0,58.131578947368425,23.76655604087438,-207.1428571428572,-0.3785488958990441,66.61993715426581,65.51051376544548,46.735855373284224,70.15771623739741,49.900924702774105,90.41450777202073,63.42182281689941,95.33123028391167,31.512415349887135,3800.0,2406704.0,3.0,2.0,2.0,1.0,0.0,0.0,1.0
3900.0,430.101590166,5.704653085886422E-4,3900.0,57.87179487179487,22.6107112369967,-207.10280373831787,-0.366524129505207,65.08043083510687,64.7802786709539,47.591706539074956,67.72569170918523,49.900924702774105,85.55045871559633,62.63404193405319,92.30299328039095,32.96509058771542,3900.0,2433952.0,3.0,2.0,2.0,1.0,0.0,0.0,1.0
4000.0,440.988012382,5.774707711069002E-4,4000.0,58.925000000000004,24.85989548985587,-207.10280373831762,-0.36652412950517915,66.18713142023576,64.7802786709539,50.73463268365818,68.46898086990556,49.900924702774105,87.03703703703704,64.05246997917135,92.30299328039095,35.801946677951754,4000.0,2487448.0,3.0,2.0,2.0,1.0,0.0,0.0,1.0
4100.0,451.863406479,5.84592344556036E-4,4100.0,59.68292682926829,26.27975166175944,-207.82122905027936,-0.36429872495446297,66.72849640092225,64.64171122994652,53.10638297872341,68.60717876929749,49.900924702774105,87.31343283582089,64.94996028554803,91.74256223436551,38.15735833673053,4100.0,2531240.0,3.0,2.0,2.0,1.0,0.0,0.0,1.0
4200.0,462.74483358,5.917873211124022E-4,4200.0,60.14285714285714,26.928372594211137,-206.03290676416813,-0.35971223021583165,66.76304950698498,64.3526405451448,54.80561555075594,68.25251013295701,49.900924702774105,86.60409556313992,65.3372089058611,90.58752997601918,40.086887835703,4200.0,2555912.0,3.0,2.0,2.0,1.0,0.0,0.0,1.0
4300.0,473.655102997,5.99083333917456E-4,4300.0,61.02325581395349,28.559816334056325,-205.8394160583941,-0.35928143712573885,67.53024021567165,64.3252447850149,57.04766786263454,68.70046235138705,49.900924702774105,87.5,66.39921677557433,90.47904191616767,42.31939163498099,4300.0,2584952.0,3.0,2.0,2.0,1.0,0.0,0.0,1.0
4400.0,484.517869556,6.064410813437051E-4,4400.0,61.04545454545455,28.139321443708244,-207.16845878136198,-0.3512880562060841,66.9030741348806,63.80912162162162,57.824803149606296,67.77116205984186,49.900924702774105,85.64139941690962,66.05694381131012,88.46604215456675,43.64784546805349,4400.0,2618224.0,3.0,2.0,2.0,1.0,0.0,0.0,1.0
4500.0,495.40230116,6.139151653069129E-4,4500.0,61.17777777777778,27.988484752776486,-211.40819964349367,-0.3446295232625123,66.51462505212668,63.36758230236947,58.70952493500356,67.13796235138705,49.900924702774105,84.375,65.90275593280536,86.7892016082711,45.01631025733961,4500.0,2654328.0,3.0,2.0,2.0,1.0,0.0,0.0,1.0
4600.0,506.369082839,6.21570516678693E-4,4600.0,61.89130434782608,29.172762316726452,-211.92170818505346,-0.3434459072696206,67.04951238652545,63.287958115183244,60.38418079096045,67.44410102823184,49.900924702774105,84.98727735368958,66.65951405152812,86.49112764739554,46.82790045566071,4600.0,2698288.0,3.0,2.0,2.0,1.0,0.0,0.0,1.0
4700.0,518.216899937,6.355677395092479E-4,4700.0,61.808510638297875,28.538853551957377,-217.6991150442478,-0.33538289547233435,66.40470430620749,62.736142827486,60.83351516473925,66.63706522220045,49.900924702774105,83.3732057416268,66.17395822672198,84.460592509782,47.88732394366197,4700.0,4566736.0,3.0,2.0,2.0,1.0,0.0,0.0,1.0
4800.0,529.296209243,6.490310185711706E-4,4800.0,62.0625,28.67424576246292,-215.5979202772963,-0.3305785123966871,66.29367797485426,62.399339252529415,61.71957115829304,66.37258424754958,49.900924702774105,82.84424379232506,66.21495909298558,83.25068870523415,49.17922948073702,4800.0,4697216.0,3.0,2.0,2.0,1.0,0.0,0.0,1.0
4900.0,540.414964558,6.625759201112473E-4,4900.0,62.51020408163265,29.238200444571483,-215.0943396226416,-0.32768978700164236,66.47500713443242,62.193867050833504,62.82129123659178,66.40345380437851,49.900924702774105,82.90598290598291,66.5467148360332,82.52321135991262,50.57021831215379,4900.0,4708928.0,3.0,2.0,2.0,1.0,0.0,0.0,1.0
5000.0,551.560591335,6.761972686133887E-4,5000.0,63.1,30.10313065236472,-212.18274111675134,-0.32626427406198444,66.85951994144838,62.0916375590713,64.05610753945061,66.63403233110307,49.900924702774105,83.36713995943205,67.08653882047706,82.16421968461121,52.00885795634292,5000.0,4724088.0,3.0,2.0,2.0,1.0,0.0,0.0,1.0
5100.0,562.684598549,6.898711848503985E-4,5100.0,63.5686274509804,30.693385042796073,-213.32209106239443,-0.3239740820734146,67.07937320482097,61.92622950819673,65.07518796992481,66.72169787262257,49.900924702774105,83.54247104247105,67.44090398876465,81.58747300215983,53.29433497536946,5100.0,4751536.0,3.0,2.0,2.0,1.0,0.0,0.0,1.0
5200.0,573.838005764,7.036365937326347E-4,5200.0,64.1923076923077,31.606321852071197,-211.89279731993307,-0.32327586206897063,67.51212383337173,61.875511875511876,66.24365482233503,67.00847340111082,49.900924702774105,84.11602209944752,68.02340269757465,81.41163793103449,54.63516746411483,5200.0,4770720.0,3.0,2.0,2.0,1.0,0.0,0.0,1.0
5300.0,585.01732889,7.174852820046266E-4,5300.0,64.75471698113208,32.37767957986788,-209.7844112769486,-0.3222341568206292,67.86310218907782,61.799591002044984,67.28546409807356,67.22599052040114,49.900924702774105,84.55105633802818,68.51240542143191,81.14930182599356,55.875509016870275,5300.0,4788456.0,3.0,2.0,2.0,1.0,0.0,0.0,1.0
5400.0,596.181971699,7.314419687352402E-4,5400.0,65.0,32.47899346463345,-210.34482758620695,-0.31847133757960394,67.80032257244888,61.5228013029316,67.90081521739131,67.08789911361302,49.900924702774105,84.27487352445195,68.52803924552364,80.20169851380042,56.85437997724687,5400.0,4832144.0,3.0,2.0,2.0,1.0,0.0,0.0,1.0
5500.0,607.409854662,7.455095457496166E-4,5500.0,65.38181818181819,32.86625203414232,-209.59349593495932,-0.3161222339304358,67.92534063447158,61.34794965489241,68.65327625946658,67.12279244847443,49.900924702774105,84.34466019417476,68.7473122589078,79.61011591148578,57.884508606329824,5500.0,4843104.0,3.0,2.0,2.0,1.0,0.0,0.0,1.0
5600.0,618.644011773,7.596346230737E-4,5600.0,65.96428571428572,33.66479391438374,-208.91410048622353,-0.31578947368418975,68.312843763472,61.32305194805194,69.61096938775509,67.38825395325331,49.900924702774105,84.8755832037325,69.26315789473685,79.52631578947368,59.0,5600.0,4860184.0,3.0,2.0,2.0,1.0,0.0,0.0,1.0
5700.0,629.830344712,7.737678889667849E-4,5700.0,66.15789473684211,33.6633964427899,-207.65550239234454,-0.31201248049923413,68.20904496199275,61.03817410624116,70.0883857962475,67.2408815130637,49.900924702774105,84.58083832335329,69.20549578138804,78.57514300572022,59.83584855705586,5700.0,4883792.0,3.0,2.0,2.0,1.0,0.0,0.0,1.0
5800.0,641.118974041,7.883099620600211E-4,5800.0,66.46551724137932,33.89787048131211,-204.3818466353676,-0.3094378545641857,68.2583479363416,60.84155425810348,70.67691843811247,67.23040463132934,49.900924702774105,84.55988455988455,69.31821354204027,77.92676637441981,60.70966070966071,5800.0,4979520.0,3.0,2.0,2.0,1.0,0.0,0.0,1.0
5900.0,652.49356538,8.046629441521161E-4,5900.0,66.55932203389831,33.70276064695836,-204.94590417310667,-0.30503304524656355,68.05110310019307,60.5005005005005,71.0066127847171,67.01174368843441,49.900924702774105,84.12256267409471,69.12321160837004,76.8174885612608,61.428934655479274,5900.0,5557296.0,3.0,2.0,2.0,1.0,0.0,0.0,1.0
6000.0,663.832317567,8.210165911833987E-4,6000.0,66.78333333333333,33.77537724442655,-203.34855403348547,-0.3019627579265226,68.01428684520522,60.25922233300099,71.4674302075877,66.94238698126593,49.900924702774105,83.98384925975773,69.12107241801337,76.04428787116255,62.197856964864194,6000.0,5575088.0,3.0,2.0,2.0,1.0,0.0,0.0,1.0
6100.0,675.153314405,8.373895687828625E-4,6100.0,66.67213114754098,33.182607661168745,-202.98062593144567,-0.2960039467192926,67.5843440574726,59.78239366963402,71.54653603918824,66.55202485138705,49.900924702774105,83.203125,68.64919341407571,74.54366058214109,62.754726246010314,6100.0,5590432.0,3.0,2.0,2.0,1.0,0.0,0.0,1.0
6200.0,686.51066283,8.538593096583888E-4,6200.0,66.59677419354838,32.67145439977852,-200.58055152394783,-0.29055690072639473,67.21492942196441,59.33634400157079,71.65731490351718,66.21780156954594,49.900924702774105,82.53467843631778,68.24254650110818,73.17191283292979,63.313180169286575,6200.0,5605472.0,3.0,2.0,2.0,1.0,0.0,0.0,1.0
6300.0,697.863090113,8.703573917141174E-4,6300.0,66.61904761904762,32.362395311268074,-200.8583690987125,-0.2861230329041411,66.97365012891916,58.96585365853658,71.86622073578596,65.99569462522568,49.900924702774105,82.09046454767727,67.98102520272154,72.0553171196948,63.906733285748274,6300.0,5617552.0,3.0,2.0,2.0,1.0,0.0,0.0,1.0
6400.0,709.327250763,8.887366082831023E-4,6400.0,66.796875,32.36568521318933,-200.56577086280055,-0.28315243039170496,66.92046332361711,58.713813872158546,72.23311119822291,65.93504123632181,49.900924702774105,81.96915776986951,67.93578725492173,71.30722038697499,64.56435412286848,6400.0,6197080.0,3.0,2.0,2.0,1.0,0.0,0.0,1.0
6500.0,720.694047826,9.069957490684728E-4,6500.0,66.75384615384615,31.94136098866117,-202.66106442577038,-0.2784222737819002,66.62481292840498,58.306000385876914,72.35512344889345,65.67626880299996,49.900924702774105,81.45161290322581,67.6011576898534,70.11600928074246,65.08630609896433,6500.0,6209328.0,3.0,2.0,2.0,1.0,0.0,0.0,1.0
6600.0,732.082969152,9.253624610142391E-4,6600.0,66.72727272727272,31.55699616927714,-204.15512465373968,-0.27397260273974455,66.35915489691993,57.91490992717516,72.48809822099726,65.4459830680724,49.900924702774105,80.99104143337065,67.29817040971639,68.99543378995435,65.60090702947846,6600.0,6233776.0,3.0,2.0,2.0,1.0,0.0,0.0,1.0
6700.0,743.519453396,9.438739015804532E-4,6700.0,66.73134328358209,31.239218071079193,-204.92476060191515,-0.2699055330634205,66.13738271593938,57.55094267758521,72.64695054607928,65.25547324463324,49.900924702774105,80.61002178649237,67.04345627790605,67.97121007647323,66.11570247933885,6700.0,6256768.0,3.0,2.0,2.0,1.0,0.0,0.0,1.0
6800.0,754.958829779,9.624481692477273E-4,6800.0,66.9264705882353,31.294900551646275,-204.33017591339654,-0.26749888542130307,66.1304995434784,57.33257446404857,72.9979589386481,65.24738705976458,49.900924702774105,80.59384941675503,67.03784558420898,67.3651359786001,66.71055518981787,6800.0,6276416.0,3.0,2.0,2.0,1.0,0.0,0.0,1.0
6900.0,767.338542679,9.787446136849032E-4,6900.0,67.3623188405797,31.83304738144548,-203.91363022941982,-0.31180400890868865,66.40084805969225,57.31614859742229,73.5804786485218,65.46953130735992,49.88452655889146,81.05453605582838,67.35904348845388,67.34966592427617,67.36842105263158,6900.0,5088440.0,5.0,3.0,3.0,2.0,0.0,0.0,1.0
7000.0,778.56135204,9.938300192354078E-4,7000.0,67.31428571428572,31.58019253409008,-205.47396528704942,-0.3949100482667645,66.24411804538232,57.08927231807952,73.60406091370558,65.33674030561009,49.85260399606944,80.82087661515075,67.17705352249186,66.7836770513383,67.5704299936454,7000.0,5195864.0,5.0,3.0,3.0,2.0,0.0,0.0,1.0
7100.0,790.746794523,0.0010160592348818353,7100.0,67.59154929577464,31.799589789796904,-205.9840425531915,-0.3926701570680899,66.33392419973772,56.95042095416277,74.01468097120271,65.41308232914417,49.85260399606944,80.97356066221893,67.28106224936333,66.40488656195463,68.15723793677205,7100.0,7051560.0,5.0,3.0,3.0,2.0,0.0,0.0,1.0
7200.0,802.047271063,0.0010367187506287422,7200.0,67.86111111111111,32.00580983680954,-207.3041168658697,-0.39045553145335393,66.41780262677297,56.81224337439343,74.40831674408317,65.48574255747528,49.85260399606944,81.11888111888112,67.3767778444958,66.03036876355748,68.72318692543412,7200.0,7066848.0,5.0,3.0,3.0,2.0,0.0,0.0,1.0
7300.0,813.319898974,0.0010574652798907567,7300.0,67.86301369863014,31.70789907899893,-209.90752972258912,-0.38510911424903044,66.22280134368407,56.47495361781076,74.52768729641694,65.33129375692334,49.85260399606944,80.80998351777725,67.13897647900411,65.12623020967052,69.15172274833769,7300.0,7114144.0,5.0,3.0,3.0,2.0,0.0,0.0,1.0
7400.0,824.645334562,0.0010783285699249613,7400.0,68.2972972972973,32.229030306432506,-209.90752972258912,-0.38510911424901567,66.4843686767515,56.47495361781076,75.06907545164718,65.55202088462318,49.85260399606944,81.2514377731769,67.44362073390893,65.12623020967052,69.76101125814735,7400.0,7120824.0,5.0,3.0,3.0,2.0,0.0,0.0,1.0
7500.0,835.963904714,0.0010992260860921248,7500.0,68.69333333333333,32.6785091833624,-209.35441370223998,-0.38477982043611264,66.70717281495499,56.4540059347181,75.56203164029974,65.74033392967402,49.85260399606944,81.62806386327861,67.70287466121871,65.07054296707994,70.3352063553575,7500.0,7136832.0,5.0,3.0,3.0,2.0,0.0,0.0,1.0
7600.0,847.296010752,0.0011201635331691403,7600.0,69.10526315789474,33.158698722183765,-209.3544137022397,-0.3847798204360832,66.94800703277011,56.4540059347181,76.06035889070148,65.94235653949062,49.85260399606944,82.0321090829118,67.98480579260668,65.07054296707994,70.89906861813343,7600.0,7141928.0,5.0,3.0,3.0,2.0,0.0,0.0,1.0
7700.0,858.659676951,0.0011411875604971113,7700.0,69.5064935064935,33.619875647596864,-209.35441370223992,-0.3847798204360784,67.1792220507986,56.4540059347181,76.53876898481214,66.13568439528026,49.85260399606944,82.41876479449107,68.25621906794586,65.07054296707994,71.44189516881178,7700.0,7151544.0,5.0,3.0,3.0,2.0,0.0,0.0,1.0
7800.0,870.021754118,0.0011622198881213258,7800.0,69.8974358974359,34.06314721670401,-209.35441370223975,-0.3847798204360899,67.40138400801456,56.4540059347181,76.99843260188089,66.32086698644845,49.85260399606944,82.78912997682747,68.51769228559088,65.07054296707994,71.96484160410182,7800.0,7155368.0,5.0,3.0,3.0,2.0,0.0,0.0,1.0
7900.0,881.403411887,0.0011833041258115609,7900.0,70.27848101265822,34.4895363446184,-209.35441370223975,-0.38477982043610837,67.61501537443301,56.4540059347181,77.44043043812452,66.49840845563736,49.85260399606944,83.14421291520529,68.76976168314435,65.07054296707994,72.46898039920877,7900.0,7160688.0,5.0,3.0,3.0,2.0,0.0,0.0,1.0
8000.0,892.79288618,0.0012044148649957187,8000.0,70.65,34.89998948501748,-209.3544137022396,-0.38477982043606035,67.82059909217783,56.4540059347181,77.8657616892911,66.6687721819846,49.85260399606944,83.48494036789974,69.01292560825291,65.07054296707994,72.9553082494259,8000.0,7164768.0,5.0,3.0,3.0,2.0,0.0,0.0,1.0
8100.0,904.156489706,0.0012254925389286772,8100.0,71.01234567901234,35.295383643314764,-209.3544137022397,-0.38477982043606695,68.01858225282274,56.4540059347181,78.27535159141377,66.83238481951282,49.85260399606944,83.81216564295622,69.24764780709492,65.07054296707994,73.42475264710988,8100.0,7169832.0,5.0,3.0,3.0,2.0,0.0,0.0,1.0
8200.0,915.622981344,0.0012477311582353254,8200.0,71.36585365853658,35.676532631825246,-209.35441370223992,-0.3847798204360841,68.20937937065825,56.4540059347181,78.67005813953489,66.98963986475319,49.85260399606944,84.12667573343695,69.4743603762204,65.07054296707994,73.87817778536086,8200.0,7496864.0,5.0,3.0,3.0,2.0,0.0,0.0,1.0
8300.0,927.034052942,0.0012698748337920983,8300.0,71.71084337349397,36.04419266081479,-209.3544137022397,-0.3847798204360917,68.39337530289794,56.4540059347181,79.05067808708066,67.14090081640713,49.85260399606944,84.4291976367448,69.69346641727591,65.07054296707994,74.3163898674719,8300.0,7501112.0,5.0,3.0,3.0,2.0,0.0,0.0,1.0
8400.0,938.468461348,0.001292083697456233,8400.0,72.04761904761905,36.39906734626502,-209.35441370223998,-0.38477982043605846,68.5709278605852,56.4540059347181,79.41795231416549,67.28650398045477,49.85260399606944,84.7204039648401,69.90534242892852,65.07054296707994,74.7401418907771,8400.0,7507840.0,5.0,3.0,3.0,2.0,0.0,0.0,1.0
8500.0,949.894655974,0.0013143033059037294,8500.0,72.37647058823529,36.74181220413296,-209.3544137022396,-0.384779820436089,68.74237014785241,56.4540059347181,79.77257064093729,67.42676096627412,49.85260399606944,85.0009179364788,70.11034046584804,65.07054296707994,75.15013796461614,8500.0,7516872.0,5.0,3.0,3.0,2.0,0.0,0.0,1.0
8600.0,961.328405589,0.0013365513780069674,8600.0,72.69767441860465,37.07303869150513,-209.35441370223984,-0.3847798204360632,68.90801266202214,56.4540059347181,80.11517615176153,67.5619609127634,49.85260399606944,85.27131782945736,70.3087900907912,65.07054296707994,75.54703721450248,8600.0,7521528.0,5.0,3.0,3.0,2.0,0.0,0.0,1.0
8700.0,972.75803472,0.0013588027157227015,8700.0,73.01149425287356,37.39331784706031,-209.35441370223978,-0.3847798204360556,69.06814518266162,56.4540059347181,80.44636908727516,67.69237247793555,49.85260399606944,85.53214095980167,70.50100014255585,65.07054296707994,75.93145731803176,8700.0,7525344.0,5.0,3.0,3.0,2.0,0.0,0.0,1.0
8800.0,984.160095748,0.0013810527705791923,8800.0,73.25,37.57441500875577,-208.51900393184803,-0.38379530916842775,69.15064277759141,56.39125602074843,80.70808064251761,67.76604447236916,49.85260399606944,85.67948494866887,70.59300157396045,64.9040511727079,76.28195197521302,8800.0,7543104.0,5.0,3.0,3.0,2.0,0.0,0.0,1.0
8900.0,995.588325765,0.0014034122883840176,8900.0,73.48314606741573,37.74820768245918,-208.4967320261438,-0.3828158230540483,69.22961715718654,56.32864544781643,80.96160051629556,67.83719647383427,49.85260399606944,85.8217889515991,70.68039714227055,64.73840918757975,76.62238509696137,8900.0,7562856.0,5.0,3.0,3.0,2.0,0.0,0.0,1.0
9000.0,1007.041224874,0.00142582938694167,9000.0,73.77777777777777,38.04110838272882,-208.49673202614395,-0.3828158230540199,69.37600982860924,56.32864544781643,81.26389329946015,67.95640120772028,49.85260399606944,86.06019841937112,70.85619511868084,64.73840918757975,76.97398104978193,9000.0,7566000.0,5.0,3.0,3.0,2.0,0.0,0.0,1.0
9100.0,1018.494456553,0.001448256214955501,9100.0,74.06593406593407,38.32491786467749,-208.49673202614363,-0.38281582305400097,69.51783293022335,56.32864544781643,81.55673648015005,68.07166333423449,49.85260399606944,86.29072267239954,71.02678349436773,64.73840918757975,77.31515780115573,9100.0,7569064.0,5.0,3.0,3.0,2.0,0.0,0.0,1.0
9200.0,1029.998593895,0.0014707900080444297,9200.0,74.34782608695653,38.60005292747833,-208.49673202614358,-0.38281582305401524,69.65529734276184,56.32864544781643,81.84056632810095,68.18317526954928,49.85260399606944,86.51374654302913,71.19239046033974,64.73840918757975,77.64637173309971,9200.0,7571512.0,5.0,3.0,3.0,2.0,0.0,0.0,1.0
9300.0,1041.433431218,0.0014936819368406443,9300.0,74.29032258064517,38.23422944157564,-207.32647814910035,-0.3778337531486178,69.43378158211475,56.00735970561177,81.83820736802126,68.04299801212149,49.85260399606944,86.23339202817353,70.88260610257765,63.89588581024349,77.86932639491182,9300.0,7738464.0,5.0,3.0,3.0,2.0,0.0,0.0,1.0
9324.0,1044.398598093,0.001499619409802768,9324.0,74.3028743028743,38.196886327362044,-206.39386189258312,-0.37704231252620446,69.40917326267959,55.955882352941174,81.85947910357359,68.02947533562043,49.85260399606944,86.20634667517142,70.84599265192345,63.7620444072057,77.9299408966412,9324.0,7740248.0,5.0,3.0,3.0,2.0,0.0,0.0,1.0
